#=====================================================
# File created:        Tue-03-Mar-2026-at-05-19-01PM
# Size of lattice:     200x200
# Number of MC steps:  50
# Reduced temperature: 0.650
# Run time (s):        13.914375
#=====================================================
# MC step:  Ratio:     Energy:   Order:
#=====================================================
   00000    0.5000  -40441.5527  0.2544 
   00001    0.6738  -60253.3323  0.2572 
   00002    0.6158  -72129.0245  0.2619 
   00003    0.5724  -80281.1481  0.2624 
   00004    0.5456  -86674.7360  0.2658 
   00005    0.5242  -91079.4793  0.2704 
   00006    0.5110  -95163.7067  0.2680 
   00007    0.4986  -98067.6949  0.2687 
   00008    0.4841 -100343.8050  0.2706 
   00009    0.4799 -102194.5896  0.2718 
   00010    0.4760 -104056.9466  0.2717 
   00011    0.4701 -105558.1711  0.2707 
   00012    0.4650 -107219.5418  0.2716 
   00013    0.4592 -108565.1253  0.2719 
   00014    0.4573 -109341.1440  0.2695 
   00015    0.4541 -110396.8053  0.2696 
   00016    0.4499 -111159.4077  0.2698 
   00017    0.4491 -111916.0016  0.2682 
   00018    0.4474 -112684.0341  0.2681 
   00019    0.4431 -113494.8007  0.2693 
   00020    0.4510 -113902.6207  0.2696 
   00021    0.4437 -114420.0039  0.2666 
   00022    0.4412 -114726.3365  0.2662 
   00023    0.4354 -115404.1894  0.2688 
   00024    0.4313 -115538.6304  0.2686 
   00025    0.4340 -115924.9690  0.2689 
   00026    0.4280 -116171.6835  0.2689 
   00027    0.4381 -116635.8862  0.2677 
   00028    0.4260 -117024.7656  0.2670 
   00029    0.4298 -117095.6641  0.2669 
   00030    0.4300 -117135.4477  0.2653 
   00031    0.4337 -117595.7277  0.2644 
   00032    0.4298 -118102.3349  0.2651 
   00033    0.4301 -118563.3505  0.2648 
   00034    0.4266 -119063.3411  0.2642 
   00035    0.4236 -119183.1464  0.2652 
   00036    0.4290 -119212.1174  0.2643 
   00037    0.4245 -119218.3626  0.2640 
   00038    0.4218 -119420.2860  0.2621 
   00039    0.4223 -119343.0387  0.2621 
   00040    0.4240 -119490.4792  0.2608 
   00041    0.4188 -119975.8577  0.2605 
   00042    0.4214 -119889.7710  0.2606 
   00043    0.4269 -119839.8675  0.2593 
   00044    0.4214 -120175.2711  0.2607 
   00045    0.4233 -120489.5357  0.2592 
   00046    0.4193 -120505.1937  0.2574 
   00047    0.4217 -120656.0825  0.2611 
   00048    0.4178 -120775.9522  0.2609 
   00049    0.4204 -120828.4154  0.2612 
   00050    0.4235 -120852.6206  0.2626 
