#=====================================================
# File created:        Tue-03-Mar-2026-at-05-19-20PM
# Size of lattice:     200x200
# Number of MC steps:  50
# Reduced temperature: 0.650
# Run time (s):        13.618926
#=====================================================
# MC step:  Ratio:     Energy:   Order:
#=====================================================
   00000    0.5000  -40022.3577  0.2541 
   00001    0.6797  -60925.0281  0.2568 
   00002    0.6115  -72719.9292  0.2543 
   00003    0.5745  -80732.6160  0.2538 
   00004    0.5438  -86755.1564  0.2539 
   00005    0.5231  -91340.1041  0.2525 
   00006    0.5141  -95268.2120  0.2552 
   00007    0.4986  -98340.7853  0.2565 
   00008    0.4856 -100702.0444  0.2561 
   00009    0.4789 -102674.6677  0.2531 
   00010    0.4729 -104319.1498  0.2508 
   00011    0.4664 -105777.7262  0.2518 
   00012    0.4622 -107272.1428  0.2518 
   00013    0.4595 -108589.2680  0.2541 
   00014    0.4553 -109916.4519  0.2559 
   00015    0.4537 -110820.6809  0.2564 
   00016    0.4421 -111802.2998  0.2568 
   00017    0.4464 -112354.4846  0.2575 
   00018    0.4450 -113065.3359  0.2558 
   00019    0.4400 -113500.5344  0.2554 
   00020    0.4451 -113939.8953  0.2556 
   00021    0.4395 -114583.9018  0.2548 
   00022    0.4388 -115241.4157  0.2544 
   00023    0.4337 -115601.0310  0.2541 
   00024    0.4380 -116102.5070  0.2519 
   00025    0.4310 -116822.9463  0.2542 
   00026    0.4324 -117078.9457  0.2571 
   00027    0.4346 -117086.9840  0.2568 
   00028    0.4299 -117456.0031  0.2550 
   00029    0.4300 -117948.5211  0.2547 
   00030    0.4244 -117889.0994  0.2553 
   00031    0.4294 -118335.7612  0.2565 
   00032    0.4266 -118729.9116  0.2580 
   00033    0.4290 -118874.2923  0.2590 
   00034    0.4253 -119077.2413  0.2572 
   00035    0.4265 -119339.6736  0.2567 
   00036    0.4276 -119492.7711  0.2574 
   00037    0.4225 -119731.8199  0.2586 
   00038    0.4197 -119645.5903  0.2574 
   00039    0.4261 -119986.7170  0.2561 
   00040    0.4164 -119875.9251  0.2557 
   00041    0.4232 -120212.5959  0.2573 
   00042    0.4227 -120491.0144  0.2589 
   00043    0.4212 -120452.5671  0.2616 
   00044    0.4205 -120791.2400  0.2627 
   00045    0.4184 -120733.8332  0.2641 
   00046    0.4194 -120801.1790  0.2621 
   00047    0.4143 -120857.2505  0.2625 
   00048    0.4162 -120822.3813  0.2629 
   00049    0.4152 -121034.8672  0.2630 
   00050    0.4224 -121100.0610  0.2622 
