#=====================================================
# File created:        Tue-03-Mar-2026-at-05-29-08PM
# Size of lattice:     200x200
# Number of MC steps:  50
# Reduced temperature: 0.650
# Run time (s):        12.587695
#=====================================================
# MC step:  Ratio:     Energy:   Order:
#=====================================================
   00000    0.5000  -39850.6502  0.2541 
   00001    0.6788  -60156.6707  0.2563 
   00002    0.6142  -72197.6189  0.2601 
   00003    0.5746  -80787.1141  0.2601 
   00004    0.5445  -86704.1127  0.2610 
   00005    0.5271  -91466.4184  0.2607 
   00006    0.5066  -95197.8315  0.2579 
   00007    0.5039  -98148.2909  0.2569 
   00008    0.4910 -100170.2777  0.2569 
   00009    0.4833 -102377.3937  0.2573 
   00010    0.4808 -104215.6418  0.2600 
   00011    0.4686 -106023.7977  0.2618 
   00012    0.4643 -107671.7442  0.2647 
   00013    0.4597 -108601.5429  0.2664 
   00014    0.4528 -109571.0549  0.2661 
   00015    0.4534 -110585.0453  0.2672 
   00016    0.4434 -111620.9510  0.2658 
   00017    0.4440 -112322.1191  0.2658 
   00018    0.4422 -113168.3385  0.2686 
   00019    0.4427 -113668.5648  0.2678 
   00020    0.4386 -114353.9866  0.2690 
   00021    0.4379 -114703.7059  0.2703 
   00022    0.4385 -115242.4991  0.2719 
   00023    0.4370 -115627.8544  0.2741 
   00024    0.4333 -116101.7207  0.2741 
   00025    0.4319 -116249.0256  0.2743 
   00026    0.4307 -116932.3497  0.2760 
   00027    0.4321 -117312.7801  0.2748 
   00028    0.4254 -117413.5214  0.2755 
   00029    0.4318 -117660.7916  0.2743 
   00030    0.4294 -117983.8248  0.2766 
   00031    0.4277 -118263.8768  0.2761 
   00032    0.4268 -118181.8323  0.2735 
   00033    0.4287 -118595.6190  0.2719 
   00034    0.4288 -118683.7043  0.2714 
   00035    0.4294 -118642.5325  0.2722 
   00036    0.4294 -118590.4394  0.2734 
   00037    0.4214 -118739.8204  0.2732 
   00038    0.4238 -119138.4628  0.2735 
   00039    0.4267 -119300.8616  0.2768 
   00040    0.4271 -119600.2849  0.2781 
   00041    0.4249 -120100.2142  0.2780 
   00042    0.4207 -119870.9293  0.2803 
   00043    0.4235 -120040.7457  0.2810 
   00044    0.4205 -120190.7464  0.2795 
   00045    0.4229 -120247.3168  0.2810 
   00046    0.4189 -120221.3601  0.2822 
   00047    0.4194 -120281.5588  0.2823 
   00048    0.4180 -120387.2551  0.2820 
   00049    0.4209 -120481.9537  0.2816 
   00050    0.4208 -120872.7700  0.2791 
