#=====================================================
# File created:        Tue-03-Mar-2026-at-05-28-40PM
# Size of lattice:     200x200
# Number of MC steps:  50
# Reduced temperature: 0.650
# Run time (s):        12.690694
#=====================================================
# MC step:  Ratio:     Energy:   Order:
#=====================================================
   00000    0.5000  -39607.4245  0.2531 
   00001    0.6782  -60940.1466  0.2543 
   00002    0.6110  -72789.4050  0.2540 
   00003    0.5694  -81131.6560  0.2573 
   00004    0.5458  -87128.0042  0.2581 
   00005    0.5250  -91819.5641  0.2606 
   00006    0.5078  -95425.9752  0.2627 
   00007    0.4980  -98091.3508  0.2642 
   00008    0.4897 -100399.1692  0.2641 
   00009    0.4826 -102636.4015  0.2670 
   00010    0.4744 -104220.3458  0.2691 
   00011    0.4659 -105665.4510  0.2710 
   00012    0.4678 -106976.4008  0.2699 
   00013    0.4632 -108202.2875  0.2709 
   00014    0.4532 -109391.4331  0.2685 
   00015    0.4508 -110319.8680  0.2700 
   00016    0.4481 -111177.5135  0.2718 
   00017    0.4511 -112010.3170  0.2729 
   00018    0.4465 -112430.3658  0.2720 
   00019    0.4470 -112890.3362  0.2743 
   00020    0.4428 -113284.4338  0.2767 
   00021    0.4424 -113874.8170  0.2765 
   00022    0.4404 -114420.0213  0.2752 
   00023    0.4396 -115006.0650  0.2746 
   00024    0.4385 -115290.1570  0.2761 
   00025    0.4324 -115555.8821  0.2768 
   00026    0.4389 -116248.0869  0.2779 
   00027    0.4299 -116622.0194  0.2800 
   00028    0.4330 -117022.1932  0.2796 
   00029    0.4323 -117252.7636  0.2802 
   00030    0.4284 -117361.4666  0.2789 
   00031    0.4268 -117478.2964  0.2794 
   00032    0.4300 -117602.3483  0.2810 
   00033    0.4312 -117981.2131  0.2804 
   00034    0.4290 -118424.8125  0.2800 
   00035    0.4265 -118688.1805  0.2810 
   00036    0.4299 -118903.0219  0.2827 
   00037    0.4249 -119212.7331  0.2834 
   00038    0.4245 -119289.7997  0.2862 
   00039    0.4244 -119422.3132  0.2865 
   00040    0.4224 -119270.1790  0.2833 
   00041    0.4250 -119504.6937  0.2821 
   00042    0.4218 -119675.3701  0.2827 
   00043    0.4221 -120030.5951  0.2814 
   00044    0.4242 -119964.4903  0.2799 
   00045    0.4241 -119994.8990  0.2797 
   00046    0.4228 -120188.1060  0.2808 
   00047    0.4251 -120393.9414  0.2801 
   00048    0.4194 -120561.0796  0.2803 
   00049    0.4188 -120663.5294  0.2819 
   00050    0.4194 -120688.2035  0.2794 
