#=====================================================
# File created:        Tue-03-Mar-2026-at-05-22-53PM
# Size of lattice:     200x200
# Number of MC steps:  50
# Reduced temperature: 0.650
# Run time (s):        12.219490
#=====================================================
# MC step:  Ratio:     Energy:   Order:
#=====================================================
   00000    0.5000  -40277.3240  0.2526 
   00001    0.6778  -61019.5076  0.2549 
   00002    0.6163  -72914.4342  0.2583 
   00003    0.5725  -80859.1131  0.2585 
   00004    0.5476  -87049.7233  0.2591 
   00005    0.5265  -91776.9734  0.2575 
   00006    0.5054  -95432.7138  0.2591 
   00007    0.4981  -98658.0258  0.2593 
   00008    0.4815 -100862.9331  0.2605 
   00009    0.4765 -102943.9126  0.2584 
   00010    0.4759 -105020.5620  0.2571 
   00011    0.4690 -106435.3458  0.2575 
   00012    0.4633 -107907.5830  0.2595 
   00013    0.4567 -108992.9973  0.2591 
   00014    0.4568 -109992.5023  0.2602 
   00015    0.4482 -110490.7661  0.2598 
   00016    0.4488 -111484.6989  0.2625 
   00017    0.4502 -111772.6334  0.2630 
   00018    0.4479 -112484.3911  0.2620 
   00019    0.4484 -113259.4923  0.2618 
   00020    0.4430 -114058.6757  0.2638 
   00021    0.4355 -114618.9692  0.2656 
   00022    0.4343 -115137.7529  0.2663 
   00023    0.4359 -115714.7712  0.2663 
   00024    0.4377 -116079.9606  0.2644 
   00025    0.4336 -116081.6069  0.2643 
   00026    0.4308 -116380.7258  0.2636 
   00027    0.4327 -116551.1952  0.2635 
   00028    0.4359 -116665.5959  0.2638 
   00029    0.4338 -117038.1206  0.2623 
   00030    0.4320 -117277.7780  0.2639 
   00031    0.4299 -117687.4660  0.2621 
   00032    0.4292 -117971.6462  0.2604 
   00033    0.4301 -117916.1867  0.2617 
   00034    0.4270 -118135.7877  0.2623 
   00035    0.4253 -118524.6627  0.2608 
   00036    0.4246 -118885.4064  0.2578 
   00037    0.4259 -119153.1952  0.2606 
   00038    0.4248 -119445.1469  0.2615 
   00039    0.4187 -119633.2763  0.2616 
   00040    0.4205 -119776.0235  0.2627 
   00041    0.4189 -120047.3175  0.2619 
   00042    0.4210 -120311.1351  0.2625 
   00043    0.4235 -120192.9400  0.2633 
   00044    0.4199 -120207.3053  0.2628 
   00045    0.4226 -120283.8646  0.2646 
   00046    0.4215 -120204.9141  0.2635 
   00047    0.4198 -120286.8316  0.2638 
   00048    0.4181 -120561.8746  0.2656 
   00049    0.4217 -120918.9230  0.2648 
   00050    0.4209 -120935.3058  0.2629 
