#=====================================================
# File created:        Tue-03-Mar-2026-at-05-31-25PM
# Size of lattice:     200x200
# Number of MC steps:  50
# Reduced temperature: 0.650
# Run time (s):        42.803904
#=====================================================
# MC step:  Ratio:     Energy:   Order:
#=====================================================
   00000    0.5000  -39890.0155  0.2514 
   00001    0.6984  -63807.1175  0.2526 
   00002    0.6072  -76596.7066  0.2548 
   00003    0.5619  -84929.1355  0.2527 
   00004    0.5333  -91016.6696  0.2542 
   00005    0.5115  -95578.4333  0.2537 
   00006    0.4930  -99242.5124  0.2530 
   00007    0.4826 -102315.3398  0.2527 
   00008    0.4777 -104467.3527  0.2535 
   00009    0.4679 -106335.5674  0.2529 
   00010    0.4674 -107586.9574  0.2530 
   00011    0.4630 -108859.4416  0.2549 
   00012    0.4569 -110197.8893  0.2552 
   00013    0.4507 -111153.2672  0.2559 
   00014    0.4474 -111913.8464  0.2568 
   00015    0.4446 -112919.8241  0.2565 
   00016    0.4443 -113661.9600  0.2567 
   00017    0.4433 -114179.5555  0.2584 
   00018    0.4379 -115029.0320  0.2606 
   00019    0.4351 -115201.8573  0.2606 
   00020    0.4405 -116005.3753  0.2612 
   00021    0.4353 -116632.3145  0.2616 
   00022    0.4306 -116854.4075  0.2624 
   00023    0.4318 -117383.8791  0.2658 
   00024    0.4345 -117693.8608  0.2660 
   00025    0.4315 -118258.6588  0.2674 
   00026    0.4279 -118773.4868  0.2681 
   00027    0.4267 -119051.9232  0.2690 
   00028    0.4265 -119271.0584  0.2672 
   00029    0.4249 -119616.8244  0.2684 
   00030    0.4239 -119901.2784  0.2686 
   00031    0.4244 -120007.3245  0.2687 
   00032    0.4209 -120223.3955  0.2680 
   00033    0.4259 -120574.0934  0.2667 
   00034    0.4194 -120902.5128  0.2667 
   00035    0.4189 -121120.1700  0.2680 
   00036    0.4199 -121520.1713  0.2688 
   00037    0.4169 -121694.6244  0.2691 
   00038    0.4190 -121718.7973  0.2685 
   00039    0.4183 -122136.5448  0.2696 
   00040    0.4156 -121928.3404  0.2700 
   00041    0.4200 -121964.7346  0.2709 
   00042    0.4125 -122087.7999  0.2688 
   00043    0.4178 -122032.3811  0.2671 
   00044    0.4150 -122010.6929  0.2664 
   00045    0.4218 -122376.8429  0.2675 
   00046    0.4143 -122366.8615  0.2681 
   00047    0.4166 -122643.5835  0.2682 
   00048    0.4126 -122529.4437  0.2693 
   00049    0.4172 -122686.5937  0.2686 
   00050    0.4148 -122760.0937  0.2684 
