#=====================================================
# File created:        Tue-03-Mar-2026-at-05-32-22PM
# Size of lattice:     200x200
# Number of MC steps:  25
# Reduced temperature: 0.650
# Run time (s):        28.185740
#=====================================================
# MC step:  Ratio:     Energy:   Order:
#=====================================================
   00000    0.5000  -39524.2129  0.2510 
   00001    0.6958  -63649.7991  0.2559 
   00002    0.6100  -76424.0880  0.2562 
   00003    0.5667  -84661.9875  0.2534 
   00004    0.5393  -90597.4083  0.2554 
   00005    0.5150  -95008.5440  0.2542 
   00006    0.4947  -98540.7402  0.2552 
   00007    0.4902 -101612.5647  0.2565 
   00008    0.4783 -104202.6821  0.2538 
   00009    0.4714 -106198.9444  0.2544 
   00010    0.4617 -107852.3306  0.2551 
   00011    0.4597 -109599.4072  0.2563 
   00012    0.4560 -110657.6185  0.2554 
   00013    0.4522 -111871.5216  0.2568 
   00014    0.4442 -112989.9022  0.2582 
   00015    0.4458 -113713.9660  0.2573 
   00016    0.4435 -114689.3493  0.2582 
   00017    0.4351 -115232.9512  0.2579 
   00018    0.4352 -115872.5581  0.2579 
   00019    0.4351 -116394.5806  0.2567 
   00020    0.4347 -116618.7369  0.2568 
   00021    0.4341 -116803.6967  0.2575 
   00022    0.4335 -117159.5790  0.2599 
   00023    0.4301 -117483.5491  0.2606 
   00024    0.4278 -117891.7174  0.2625 
   00025    0.4266 -118220.2538  0.2617 
