#=====================================================
# File created:        Tue-03-Mar-2026-at-05-36-07PM
# Size of lattice:     200x200
# Number of MC steps:  50
# Reduced temperature: 0.650
# Run time (s):        42.450785
#=====================================================
# MC step:  Ratio:     Energy:   Order:
#=====================================================
   00000    0.5000  -40321.5696  0.2519 
   00001    0.6785  -61068.2420  0.2570 
   00002    0.6115  -72816.3284  0.2598 
   00003    0.5709  -80932.1560  0.2618 
   00004    0.5396  -86896.7270  0.2602 
   00005    0.5266  -91611.5913  0.2575 
   00006    0.5126  -95097.3847  0.2588 
   00007    0.5004  -98094.9208  0.2607 
   00008    0.4932 -100452.0628  0.2584 
   00009    0.4828 -102695.5457  0.2583 
   00010    0.4727 -104363.5922  0.2587 
   00011    0.4694 -105829.8445  0.2604 
   00012    0.4662 -106871.8172  0.2607 
   00013    0.4644 -108246.2195  0.2599 
   00014    0.4629 -109407.6477  0.2607 
   00015    0.4485 -110478.3050  0.2620 
   00016    0.4512 -111303.1541  0.2637 
   00017    0.4474 -112002.9155  0.2637 
   00018    0.4443 -112680.0365  0.2642 
   00019    0.4420 -113404.9299  0.2659 
   00020    0.4419 -113989.8516  0.2650 
   00021    0.4434 -114359.9718  0.2668 
   00022    0.4365 -114766.4220  0.2671 
   00023    0.4386 -115212.8241  0.2675 
   00024    0.4341 -115654.9603  0.2667 
   00025    0.4321 -116145.5087  0.2676 
   00026    0.4343 -116497.2945  0.2659 
   00027    0.4394 -116669.0215  0.2667 
   00028    0.4324 -116787.7647  0.2682 
   00029    0.4293 -117352.6228  0.2685 
   00030    0.4279 -117656.2655  0.2683 
   00031    0.4286 -118041.9799  0.2687 
   00032    0.4270 -118112.8476  0.2690 
   00033    0.4232 -118503.0385  0.2707 
   00034    0.4269 -118648.3261  0.2707 
   00035    0.4258 -118894.4141  0.2692 
   00036    0.4224 -118929.3576  0.2706 
   00037    0.4274 -119319.1063  0.2733 
   00038    0.4249 -119557.5594  0.2743 
   00039    0.4235 -119609.4403  0.2756 
   00040    0.4249 -119517.1604  0.2747 
   00041    0.4235 -119804.4363  0.2757 
   00042    0.4253 -119992.1704  0.2756 
   00043    0.4234 -120021.0566  0.2762 
   00044    0.4265 -120308.4303  0.2759 
   00045    0.4178 -120623.4733  0.2752 
   00046    0.4191 -120762.6055  0.2775 
   00047    0.4173 -120482.7694  0.2782 
   00048    0.4208 -120606.3896  0.2800 
   00049    0.4210 -121016.8002  0.2817 
   00050    0.4194 -120799.0773  0.2819 
