#=====================================================
# File created:        Sat-14-Feb-2026-at-04-02-57PM
# Size of lattice:     20x20
# Number of MC steps:  1000
# Reduced temperature: 0.650
# Run time (s):        7.407196
#=====================================================
# MC step:  Ratio:     Energy:   Order:
#=====================================================
   00000    0.5000    -434.1311  0.2688 
   00001    0.7025    -594.6122  0.2715 
   00002    0.6400    -730.2337  0.3059 
   00003    0.5875    -816.0624  0.3128 
   00004    0.5250    -906.5519  0.3366 
   00005    0.4900    -962.8076  0.3804 
   00006    0.5125    -995.4962  0.4142 
   00007    0.4825   -1031.3199  0.4049 
   00008    0.5200   -1048.9484  0.4343 
   00009    0.4650   -1058.8768  0.4302 
   00010    0.4625   -1094.5723  0.4100 
   00011    0.4425   -1098.9463  0.4350 
   00012    0.4350   -1104.2395  0.4348 
   00013    0.4675   -1139.3478  0.4474 
   00014    0.4500   -1143.6798  0.4463 
   00015    0.4700   -1151.5137  0.4467 
   00016    0.4325   -1153.6428  0.4728 
   00017    0.4325   -1190.1051  0.4617 
   00018    0.4300   -1178.5559  0.4626 
   00019    0.4075   -1158.9176  0.4423 
   00020    0.4800   -1145.7320  0.4592 
   00021    0.4350   -1144.7145  0.4802 
   00022    0.4775   -1146.2349  0.4729 
   00023    0.4500   -1171.4960  0.4638 
   00024    0.4700   -1182.0860  0.4798 
   00025    0.4500   -1178.7113  0.4821 
   00026    0.4525   -1166.5290  0.4921 
   00027    0.4325   -1143.6741  0.4821 
   00028    0.4625   -1148.1057  0.4796 
   00029    0.4300   -1145.9049  0.4824 
   00030    0.4325   -1170.9421  0.4956 
   00031    0.4350   -1163.5100  0.4965 
   00032    0.4400   -1183.9734  0.5222 
   00033    0.4200   -1206.4101  0.5457 
   00034    0.3750   -1203.2886  0.5576 
   00035    0.3825   -1190.0582  0.5552 
   00036    0.4225   -1173.5717  0.5426 
   00037    0.4000   -1179.3691  0.5658 
   00038    0.4375   -1197.1277  0.5693 
   00039    0.4525   -1188.2717  0.5735 
   00040    0.4525   -1218.1444  0.5777 
   00041    0.4475   -1218.1342  0.5933 
   00042    0.4350   -1194.8349  0.5854 
   00043    0.4250   -1174.7808  0.5838 
   00044    0.4775   -1190.4231  0.5956 
   00045    0.3975   -1205.6426  0.5937 
   00046    0.4500   -1200.0557  0.5790 
   00047    0.4400   -1197.0580  0.5728 
   00048    0.4200   -1201.8761  0.5863 
   00049    0.4050   -1193.4048  0.5735 
   00050    0.4200   -1187.4301  0.5726 
   00051    0.4000   -1191.6914  0.5760 
   00052    0.4675   -1170.5340  0.5544 
   00053    0.4475   -1179.6595  0.5702 
   00054    0.4525   -1170.7190  0.5691 
   00055    0.4125   -1185.3115  0.5751 
   00056    0.4375   -1170.1868  0.5698 
   00057    0.4100   -1179.9317  0.5795 
   00058    0.4825   -1198.6123  0.5868 
   00059    0.4275   -1222.3751  0.5961 
   00060    0.4500   -1216.0320  0.6060 
   00061    0.4125   -1236.5161  0.6193 
   00062    0.3825   -1246.3115  0.6206 
   00063    0.4225   -1219.2012  0.6108 
   00064    0.4425   -1200.9580  0.6201 
   00065    0.3925   -1209.6536  0.6081 
   00066    0.4050   -1212.8957  0.6136 
   00067    0.4125   -1218.5578  0.6238 
   00068    0.4300   -1228.1424  0.6161 
   00069    0.4150   -1223.9099  0.6215 
   00070    0.4150   -1201.7443  0.6069 
   00071    0.3625   -1217.9862  0.6126 
   00072    0.4150   -1198.6267  0.6356 
   00073    0.4075   -1227.4277  0.6446 
   00074    0.3800   -1242.3003  0.6615 
   00075    0.4650   -1228.0243  0.6555 
   00076    0.3925   -1245.0190  0.6620 
   00077    0.4250   -1219.4284  0.6629 
   00078    0.4150   -1195.3294  0.6532 
   00079    0.4150   -1185.3304  0.6485 
   00080    0.4425   -1192.1875  0.6492 
   00081    0.4875   -1180.6851  0.6378 
   00082    0.4200   -1200.1889  0.6377 
   00083    0.4375   -1192.7058  0.6391 
   00084    0.4500   -1200.9447  0.6458 
   00085    0.4225   -1206.5739  0.6443 
   00086    0.4225   -1193.7904  0.6577 
   00087    0.4200   -1197.7494  0.6511 
   00088    0.3725   -1218.3627  0.6410 
   00089    0.3825   -1218.7157  0.6465 
   00090    0.4000   -1230.1144  0.6437 
   00091    0.4375   -1223.7098  0.6428 
   00092    0.4150   -1230.6326  0.6437 
   00093    0.4100   -1235.6395  0.6469 
   00094    0.4325   -1214.3438  0.6289 
   00095    0.4100   -1234.3422  0.6489 
   00096    0.4325   -1218.8697  0.6370 
   00097    0.4050   -1234.0013  0.6628 
   00098    0.3775   -1250.2061  0.6641 
   00099    0.3475   -1248.2079  0.6734 
   00100    0.4050   -1260.9574  0.6719 
   00101    0.4175   -1247.7264  0.6811 
   00102    0.3800   -1252.5305  0.6620 
   00103    0.3800   -1243.4926  0.6671 
   00104    0.4075   -1241.1565  0.6629 
   00105    0.4100   -1256.2439  0.6806 
   00106    0.3900   -1254.3494  0.6959 
   00107    0.3900   -1239.9381  0.7028 
   00108    0.3950   -1228.1188  0.6918 
   00109    0.4325   -1223.5756  0.6835 
   00110    0.3925   -1224.0392  0.7016 
   00111    0.3750   -1241.9559  0.7016 
   00112    0.4475   -1247.7194  0.6948 
   00113    0.4150   -1253.9268  0.7226 
   00114    0.3875   -1264.6464  0.7259 
   00115    0.3725   -1259.2341  0.7328 
   00116    0.4225   -1239.4955  0.7295 
   00117    0.4350   -1239.5626  0.7412 
   00118    0.4150   -1233.4146  0.7524 
   00119    0.4675   -1223.7655  0.7223 
   00120    0.4150   -1234.2470  0.7303 
   00121    0.3925   -1243.2942  0.7318 
   00122    0.3825   -1240.9565  0.7289 
   00123    0.4150   -1241.2316  0.7416 
   00124    0.4225   -1251.4841  0.7402 
   00125    0.3800   -1262.9351  0.7608 
   00126    0.4325   -1306.5596  0.7769 
   00127    0.4000   -1293.5739  0.7705 
   00128    0.4150   -1316.6960  0.7810 
   00129    0.4175   -1290.1762  0.7783 
   00130    0.4000   -1267.7603  0.7732 
   00131    0.4225   -1254.0565  0.7853 
   00132    0.3650   -1241.9748  0.7674 
   00133    0.4275   -1239.1834  0.7537 
   00134    0.4175   -1258.5617  0.7531 
   00135    0.4150   -1259.8173  0.7483 
   00136    0.3925   -1280.4937  0.7522 
   00137    0.3700   -1286.9641  0.7483 
   00138    0.3950   -1282.6149  0.7611 
   00139    0.3925   -1273.2959  0.7652 
   00140    0.4275   -1306.6091  0.7659 
   00141    0.4275   -1292.0564  0.7608 
   00142    0.4400   -1263.0096  0.7411 
   00143    0.4000   -1270.0867  0.7468 
   00144    0.3775   -1263.7172  0.7312 
   00145    0.4550   -1277.8959  0.7308 
   00146    0.3700   -1261.0757  0.7353 
   00147    0.3500   -1268.4060  0.7391 
   00148    0.3975   -1286.7549  0.7525 
   00149    0.4075   -1276.1985  0.7396 
   00150    0.4175   -1296.8099  0.7469 
   00151    0.4100   -1296.0891  0.7402 
   00152    0.3850   -1270.1868  0.7332 
   00153    0.4025   -1297.3602  0.7397 
   00154    0.3975   -1262.5874  0.7357 
   00155    0.3950   -1277.2648  0.7300 
   00156    0.3975   -1279.8991  0.7308 
   00157    0.3950   -1258.5223  0.7195 
   00158    0.3750   -1269.8515  0.7306 
   00159    0.3900   -1252.6477  0.7252 
   00160    0.4025   -1259.9340  0.7320 
   00161    0.4000   -1246.8840  0.7214 
   00162    0.4275   -1224.1574  0.7122 
   00163    0.4350   -1233.5603  0.7114 
   00164    0.4225   -1233.8424  0.7166 
   00165    0.4075   -1243.6351  0.7323 
   00166    0.4100   -1250.7202  0.7312 
   00167    0.3950   -1265.3220  0.7326 
   00168    0.3500   -1291.1250  0.7457 
   00169    0.4125   -1264.3441  0.7287 
   00170    0.4050   -1264.6118  0.7151 
   00171    0.4175   -1264.4878  0.6915 
   00172    0.3975   -1251.7194  0.6799 
   00173    0.4350   -1270.7088  0.6770 
   00174    0.3600   -1240.6190  0.6651 
   00175    0.4100   -1233.4616  0.6815 
   00176    0.4325   -1247.8156  0.6873 
   00177    0.4300   -1263.4789  0.6756 
   00178    0.4075   -1253.5959  0.6550 
   00179    0.3950   -1241.4941  0.6650 
   00180    0.4500   -1248.6171  0.6808 
   00181    0.4550   -1228.7782  0.6721 
   00182    0.4075   -1223.0128  0.6628 
   00183    0.3950   -1212.5534  0.6485 
   00184    0.3850   -1226.1246  0.6688 
   00185    0.3975   -1221.2578  0.6821 
   00186    0.4000   -1224.9847  0.6896 
   00187    0.4050   -1230.2359  0.7164 
   00188    0.3900   -1234.3341  0.7189 
   00189    0.4300   -1243.6218  0.7106 
   00190    0.4325   -1265.3399  0.7117 
   00191    0.4175   -1244.5756  0.7034 
   00192    0.4025   -1269.2182  0.7101 
   00193    0.4125   -1247.8205  0.6974 
   00194    0.4225   -1257.4510  0.6978 
   00195    0.3950   -1231.9352  0.6914 
   00196    0.4000   -1227.8668  0.6976 
   00197    0.4225   -1221.1088  0.7032 
   00198    0.3975   -1216.1963  0.7082 
   00199    0.4125   -1206.1150  0.6943 
   00200    0.4225   -1224.9204  0.6942 
   00201    0.4375   -1216.8073  0.6888 
   00202    0.4375   -1244.3508  0.6882 
   00203    0.4025   -1248.8680  0.6962 
   00204    0.4175   -1245.0494  0.6995 
   00205    0.4150   -1274.6321  0.7183 
   00206    0.4100   -1293.4254  0.7227 
   00207    0.4175   -1284.8547  0.7337 
   00208    0.4050   -1305.0788  0.7271 
   00209    0.4025   -1302.3036  0.7397 
   00210    0.4125   -1287.4870  0.7310 
   00211    0.3700   -1309.7528  0.7439 
   00212    0.4125   -1294.8055  0.7306 
   00213    0.3975   -1271.1229  0.7289 
   00214    0.3950   -1259.9741  0.7295 
   00215    0.3875   -1261.9493  0.7282 
   00216    0.4050   -1248.2179  0.7049 
   00217    0.4000   -1264.9389  0.7273 
   00218    0.4075   -1285.0089  0.7288 
   00219    0.4100   -1298.5828  0.7455 
   00220    0.3300   -1321.1696  0.7393 
   00221    0.4250   -1307.5215  0.7362 
   00222    0.4175   -1277.6695  0.7206 
   00223    0.3575   -1260.3566  0.7218 
   00224    0.3975   -1247.3797  0.7307 
   00225    0.4200   -1254.8431  0.7343 
   00226    0.3850   -1266.9528  0.7223 
   00227    0.4075   -1285.2869  0.7313 
   00228    0.3600   -1277.2431  0.7335 
   00229    0.4100   -1242.9300  0.7062 
   00230    0.4475   -1251.4925  0.6789 
   00231    0.4200   -1260.1329  0.7043 
   00232    0.4400   -1304.8323  0.7222 
   00233    0.4000   -1296.0380  0.7169 
   00234    0.4075   -1265.9318  0.7089 
   00235    0.3950   -1274.4784  0.6940 
   00236    0.4350   -1271.5954  0.6965 
   00237    0.4125   -1263.8036  0.7070 
   00238    0.4075   -1265.1610  0.6999 
   00239    0.4000   -1263.6494  0.7094 
   00240    0.4575   -1289.6358  0.7254 
   00241    0.3900   -1300.5450  0.7489 
   00242    0.4300   -1301.0552  0.7469 
   00243    0.3850   -1306.9384  0.7399 
   00244    0.3975   -1273.2924  0.7356 
   00245    0.4125   -1283.0718  0.7340 
   00246    0.3825   -1263.5796  0.7196 
   00247    0.4150   -1252.5239  0.7125 
   00248    0.3500   -1260.0985  0.6978 
   00249    0.4050   -1262.4107  0.7118 
   00250    0.3900   -1236.2090  0.6978 
   00251    0.4000   -1237.0621  0.6830 
   00252    0.4425   -1225.0140  0.6865 
   00253    0.4125   -1229.1235  0.6959 
   00254    0.3750   -1244.6411  0.7077 
   00255    0.3850   -1259.6056  0.7056 
   00256    0.3600   -1272.1682  0.7065 
   00257    0.4300   -1267.7963  0.7093 
   00258    0.4025   -1287.9525  0.7247 
   00259    0.3825   -1292.1877  0.7157 
   00260    0.3650   -1279.3365  0.7190 
   00261    0.3950   -1268.2014  0.7296 
   00262    0.3925   -1277.5818  0.7233 
   00263    0.3850   -1295.2840  0.7289 
   00264    0.4300   -1298.9347  0.7145 
   00265    0.3850   -1301.1168  0.7178 
   00266    0.3375   -1271.4887  0.7163 
   00267    0.4050   -1246.6670  0.7174 
   00268    0.3825   -1213.1674  0.7098 
   00269    0.4300   -1210.8091  0.6890 
   00270    0.4075   -1238.3516  0.6942 
   00271    0.3925   -1214.6686  0.6642 
   00272    0.3775   -1222.1148  0.6738 
   00273    0.4300   -1224.8041  0.6798 
   00274    0.4350   -1243.9068  0.6733 
   00275    0.4200   -1215.1560  0.6654 
   00276    0.4350   -1229.2911  0.6810 
   00277    0.4225   -1220.0526  0.6745 
   00278    0.3800   -1231.4838  0.6783 
   00279    0.4275   -1213.9832  0.6910 
   00280    0.4575   -1215.1745  0.6985 
   00281    0.3825   -1224.9765  0.6998 
   00282    0.3975   -1245.9202  0.6920 
   00283    0.4150   -1251.2021  0.6805 
   00284    0.4125   -1260.4728  0.6962 
   00285    0.3975   -1243.5517  0.7042 
   00286    0.4250   -1237.8450  0.7034 
   00287    0.4100   -1256.1079  0.6962 
   00288    0.4225   -1282.7746  0.6829 
   00289    0.4075   -1267.4959  0.6911 
   00290    0.4125   -1261.6122  0.7171 
   00291    0.3975   -1243.3202  0.7220 
   00292    0.4400   -1226.2007  0.7223 
   00293    0.3850   -1241.2449  0.7368 
   00294    0.3975   -1252.4647  0.7450 
   00295    0.4375   -1251.0033  0.7456 
   00296    0.3975   -1248.2006  0.7414 
   00297    0.4425   -1258.2503  0.7469 
   00298    0.3850   -1251.4417  0.7500 
   00299    0.4150   -1246.5231  0.7496 
   00300    0.3850   -1240.9182  0.7476 
   00301    0.3775   -1220.0004  0.7250 
   00302    0.3725   -1213.4265  0.7285 
   00303    0.4200   -1211.7929  0.7543 
   00304    0.4100   -1191.2327  0.7376 
   00305    0.3950   -1260.8511  0.7626 
   00306    0.4500   -1255.0597  0.7646 
   00307    0.3850   -1246.3372  0.7712 
   00308    0.4075   -1277.8802  0.7891 
   00309    0.3800   -1267.8075  0.7888 
   00310    0.3925   -1267.4507  0.7933 
   00311    0.4525   -1246.2700  0.7833 
   00312    0.4150   -1250.5772  0.7873 
   00313    0.4100   -1269.0637  0.7936 
   00314    0.3700   -1272.8019  0.8002 
   00315    0.3600   -1299.5421  0.8144 
   00316    0.4575   -1287.7016  0.8002 
   00317    0.3875   -1283.4619  0.7890 
   00318    0.4100   -1268.9205  0.7733 
   00319    0.3825   -1264.9144  0.7800 
   00320    0.4275   -1267.7913  0.7765 
   00321    0.3975   -1274.4094  0.7816 
   00322    0.4150   -1255.3286  0.7879 
   00323    0.4075   -1220.7380  0.7782 
   00324    0.4425   -1214.7132  0.7813 
   00325    0.4075   -1224.7770  0.7844 
   00326    0.4800   -1236.5457  0.7977 
   00327    0.4400   -1239.9827  0.8079 
   00328    0.4050   -1263.4477  0.8279 
   00329    0.4425   -1262.9540  0.8105 
   00330    0.3825   -1267.6425  0.8172 
   00331    0.4150   -1276.7427  0.8191 
   00332    0.3975   -1278.9834  0.8200 
   00333    0.3875   -1274.7214  0.8132 
   00334    0.3975   -1281.4023  0.8246 
   00335    0.4125   -1280.9653  0.8217 
   00336    0.4075   -1274.3177  0.8286 
   00337    0.3850   -1263.6486  0.8157 
   00338    0.3850   -1257.0983  0.8143 
   00339    0.4250   -1231.4947  0.8082 
   00340    0.3925   -1266.8817  0.8142 
   00341    0.4025   -1274.5634  0.8187 
   00342    0.4100   -1265.1376  0.8045 
   00343    0.3975   -1288.9685  0.8135 
   00344    0.4075   -1254.5757  0.7813 
   00345    0.3450   -1258.0062  0.7873 
   00346    0.4150   -1277.4791  0.7972 
   00347    0.3800   -1290.1693  0.7961 
   00348    0.3300   -1281.6101  0.7961 
   00349    0.3900   -1277.3920  0.7836 
   00350    0.3950   -1275.2061  0.7810 
   00351    0.3775   -1264.1874  0.7879 
   00352    0.3850   -1287.4071  0.7961 
   00353    0.3575   -1280.6446  0.7901 
   00354    0.3725   -1275.4791  0.8011 
   00355    0.4125   -1265.4953  0.8128 
   00356    0.4050   -1249.6531  0.8066 
   00357    0.4200   -1247.0187  0.7932 
   00358    0.4225   -1248.3747  0.7800 
   00359    0.3725   -1243.8127  0.7776 
   00360    0.3850   -1234.2274  0.7724 
   00361    0.3700   -1231.1967  0.7634 
   00362    0.4200   -1223.9386  0.7651 
   00363    0.4150   -1205.8530  0.7585 
   00364    0.4125   -1214.0393  0.7578 
   00365    0.4225   -1255.5851  0.7692 
   00366    0.3975   -1265.2825  0.7762 
   00367    0.3825   -1302.9139  0.7792 
   00368    0.4025   -1318.6885  0.7703 
   00369    0.4125   -1300.1069  0.7602 
   00370    0.3950   -1300.5000  0.7534 
   00371    0.4700   -1271.5834  0.7409 
   00372    0.4175   -1277.2688  0.7462 
   00373    0.3850   -1291.1789  0.7497 
   00374    0.4000   -1279.7928  0.7579 
   00375    0.4375   -1283.1779  0.7717 
   00376    0.3775   -1304.8994  0.7847 
   00377    0.4000   -1318.0352  0.7884 
   00378    0.3875   -1287.4827  0.7689 
   00379    0.4200   -1266.3303  0.7628 
   00380    0.3775   -1278.7011  0.7730 
   00381    0.4025   -1291.9567  0.7680 
   00382    0.3925   -1308.6214  0.7762 
   00383    0.3725   -1273.1501  0.7639 
   00384    0.4075   -1295.9188  0.7701 
   00385    0.4050   -1270.8622  0.7551 
   00386    0.3750   -1264.7409  0.7470 
   00387    0.3675   -1237.0974  0.7357 
   00388    0.4100   -1208.9836  0.7175 
   00389    0.4175   -1223.2192  0.7211 
   00390    0.4100   -1234.9853  0.7328 
   00391    0.4500   -1268.2040  0.7286 
   00392    0.3925   -1239.9526  0.7353 
   00393    0.4150   -1242.1170  0.7516 
   00394    0.4225   -1235.8049  0.7507 
   00395    0.4175   -1263.0051  0.7697 
   00396    0.4100   -1247.5337  0.7562 
   00397    0.4100   -1261.8138  0.7591 
   00398    0.3400   -1267.8768  0.7661 
   00399    0.4125   -1270.2701  0.7536 
   00400    0.4150   -1264.6929  0.7600 
   00401    0.3875   -1267.1230  0.7491 
   00402    0.3950   -1276.0133  0.7470 
   00403    0.4550   -1256.7118  0.7201 
   00404    0.3625   -1255.4796  0.7322 
   00405    0.3975   -1254.2633  0.7340 
   00406    0.4150   -1256.3131  0.7351 
   00407    0.4275   -1239.2829  0.7294 
   00408    0.3725   -1233.4484  0.7404 
   00409    0.3675   -1238.1368  0.7431 
   00410    0.4275   -1263.1218  0.7589 
   00411    0.3975   -1274.8326  0.7683 
   00412    0.3575   -1264.8049  0.7699 
   00413    0.4025   -1260.6359  0.7568 
   00414    0.4150   -1293.0494  0.7711 
   00415    0.4125   -1275.4300  0.7834 
   00416    0.4100   -1290.2046  0.7866 
   00417    0.4300   -1271.1757  0.7966 
   00418    0.4200   -1285.2292  0.7857 
   00419    0.3575   -1284.3538  0.7940 
   00420    0.4200   -1300.4455  0.7936 
   00421    0.3775   -1302.7006  0.8024 
   00422    0.4525   -1297.2765  0.7922 
   00423    0.3925   -1295.0334  0.7834 
   00424    0.3625   -1287.4742  0.7800 
   00425    0.3750   -1287.2109  0.7740 
   00426    0.3650   -1300.4394  0.7804 
   00427    0.4025   -1300.8481  0.7886 
   00428    0.4250   -1304.7064  0.7838 
   00429    0.3700   -1315.1438  0.7949 
   00430    0.3725   -1311.7453  0.7927 
   00431    0.3900   -1302.0287  0.7890 
   00432    0.4225   -1301.4980  0.7889 
   00433    0.4000   -1306.4404  0.7879 
   00434    0.3825   -1295.2598  0.7765 
   00435    0.3625   -1299.8113  0.7813 
   00436    0.3975   -1303.6211  0.7854 
   00437    0.4325   -1280.9669  0.7820 
   00438    0.4125   -1277.5466  0.7822 
   00439    0.3825   -1288.5209  0.7826 
   00440    0.3975   -1295.7438  0.7933 
   00441    0.4050   -1300.0345  0.7951 
   00442    0.3575   -1300.7443  0.7984 
   00443    0.3875   -1301.5607  0.7994 
   00444    0.3775   -1288.1001  0.7920 
   00445    0.3475   -1273.7367  0.7798 
   00446    0.4050   -1263.0533  0.7850 
   00447    0.4325   -1254.3468  0.7840 
   00448    0.4300   -1261.3062  0.7891 
   00449    0.4200   -1255.8963  0.7805 
   00450    0.3975   -1252.4428  0.7785 
   00451    0.3500   -1275.6819  0.8001 
   00452    0.4050   -1271.3199  0.8016 
   00453    0.3825   -1285.5659  0.8025 
   00454    0.4100   -1272.5704  0.8020 
   00455    0.3875   -1279.1897  0.8131 
   00456    0.3425   -1269.3300  0.8152 
   00457    0.3875   -1251.6899  0.8075 
   00458    0.4075   -1272.7899  0.8247 
   00459    0.4200   -1291.6418  0.8225 
   00460    0.4150   -1285.4958  0.8134 
   00461    0.4375   -1297.2211  0.8258 
   00462    0.4050   -1312.9178  0.8355 
   00463    0.3825   -1291.4614  0.8381 
   00464    0.4125   -1284.8866  0.8339 
   00465    0.3800   -1303.7720  0.8439 
   00466    0.3950   -1311.4649  0.8464 
   00467    0.4400   -1302.4603  0.8377 
   00468    0.3900   -1298.1245  0.8438 
   00469    0.3700   -1319.8866  0.8476 
   00470    0.3750   -1313.2706  0.8320 
   00471    0.3325   -1304.9956  0.8255 
   00472    0.3850   -1255.3216  0.8080 
   00473    0.3650   -1268.0998  0.8122 
   00474    0.4000   -1282.8401  0.8228 
   00475    0.4125   -1281.1849  0.8236 
   00476    0.4000   -1290.5721  0.8374 
   00477    0.3800   -1279.6105  0.8236 
   00478    0.4125   -1279.6617  0.8180 
   00479    0.4000   -1268.4654  0.8153 
   00480    0.4150   -1252.4823  0.7999 
   00481    0.4000   -1264.3623  0.7915 
   00482    0.3850   -1274.2101  0.7942 
   00483    0.4400   -1280.7049  0.7945 
   00484    0.3725   -1284.1366  0.7927 
   00485    0.3775   -1286.9594  0.7868 
   00486    0.3875   -1267.2591  0.7816 
   00487    0.3775   -1276.5799  0.7877 
   00488    0.4550   -1287.7062  0.7990 
   00489    0.3950   -1278.1423  0.7958 
   00490    0.4250   -1271.5681  0.7875 
   00491    0.3825   -1294.4830  0.7998 
   00492    0.4300   -1276.8884  0.7989 
   00493    0.4475   -1283.0392  0.7880 
   00494    0.4000   -1291.2820  0.7802 
   00495    0.4650   -1289.0507  0.7741 
   00496    0.4225   -1275.7164  0.7791 
   00497    0.3575   -1277.4592  0.7890 
   00498    0.3925   -1291.6235  0.7956 
   00499    0.4025   -1288.3182  0.7961 
   00500    0.3875   -1292.8083  0.7964 
   00501    0.4225   -1279.9806  0.7803 
   00502    0.4175   -1292.8565  0.7797 
   00503    0.4075   -1312.1261  0.7838 
   00504    0.4175   -1299.8340  0.7821 
   00505    0.3600   -1299.8913  0.7715 
   00506    0.3825   -1297.0757  0.7803 
   00507    0.3700   -1279.3438  0.7846 
   00508    0.4150   -1297.7197  0.7868 
   00509    0.3750   -1286.1784  0.7849 
   00510    0.4025   -1268.2835  0.7716 
   00511    0.4125   -1264.8217  0.7795 
   00512    0.3900   -1278.9084  0.8013 
   00513    0.4050   -1287.8272  0.7928 
   00514    0.4175   -1276.6442  0.7976 
   00515    0.3800   -1255.0390  0.7779 
   00516    0.4125   -1213.5112  0.7616 
   00517    0.3900   -1242.8493  0.7652 
   00518    0.4275   -1275.1276  0.7892 
   00519    0.3900   -1283.0629  0.7883 
   00520    0.4025   -1263.5416  0.7931 
   00521    0.3850   -1246.4915  0.7792 
   00522    0.3675   -1226.9601  0.7834 
   00523    0.3800   -1253.9775  0.7902 
   00524    0.3900   -1246.6356  0.7794 
   00525    0.3750   -1261.7699  0.7806 
   00526    0.3950   -1293.1084  0.7855 
   00527    0.3650   -1298.0664  0.7826 
   00528    0.3825   -1300.3666  0.7781 
   00529    0.3800   -1290.7709  0.7788 
   00530    0.3725   -1273.3182  0.7629 
   00531    0.3975   -1288.9942  0.7614 
   00532    0.3900   -1276.1783  0.7741 
   00533    0.4375   -1275.9044  0.7611 
   00534    0.3800   -1268.0697  0.7545 
   00535    0.4100   -1280.7298  0.7651 
   00536    0.3650   -1269.7702  0.7624 
   00537    0.3625   -1265.9993  0.7647 
   00538    0.3800   -1300.9214  0.7740 
   00539    0.3625   -1282.3628  0.7610 
   00540    0.3975   -1285.4674  0.7612 
   00541    0.4525   -1246.1939  0.7640 
   00542    0.4500   -1280.5404  0.7774 
   00543    0.3575   -1261.0322  0.7680 
   00544    0.4275   -1255.9485  0.7607 
   00545    0.3975   -1288.5093  0.7577 
   00546    0.4025   -1275.1435  0.7524 
   00547    0.3675   -1274.1521  0.7599 
   00548    0.4025   -1272.1376  0.7549 
   00549    0.3850   -1296.1624  0.7669 
   00550    0.4225   -1293.7892  0.7516 
   00551    0.3950   -1296.0785  0.7536 
   00552    0.3950   -1293.5920  0.7401 
   00553    0.4250   -1277.9839  0.7453 
   00554    0.4100   -1280.5261  0.7581 
   00555    0.3775   -1295.7291  0.7688 
   00556    0.3950   -1279.1410  0.7546 
   00557    0.4300   -1283.8789  0.7527 
   00558    0.3525   -1283.5852  0.7533 
   00559    0.4275   -1279.6485  0.7639 
   00560    0.3475   -1284.9358  0.7576 
   00561    0.3925   -1268.8717  0.7494 
   00562    0.4200   -1267.9310  0.7569 
   00563    0.4050   -1266.9559  0.7667 
   00564    0.3925   -1272.5185  0.7488 
   00565    0.4150   -1283.5537  0.7699 
   00566    0.3850   -1278.0355  0.7692 
   00567    0.3950   -1292.9674  0.7851 
   00568    0.4225   -1284.6479  0.7868 
   00569    0.4150   -1289.9623  0.7856 
   00570    0.4000   -1316.4199  0.7868 
   00571    0.4075   -1318.4616  0.7949 
   00572    0.3900   -1293.3889  0.7696 
   00573    0.3375   -1296.2729  0.7694 
   00574    0.4350   -1281.6785  0.7582 
   00575    0.3575   -1260.0641  0.7462 
   00576    0.4200   -1262.7393  0.7575 
   00577    0.4025   -1277.2711  0.7623 
   00578    0.4075   -1278.5791  0.7486 
   00579    0.3975   -1292.2862  0.7697 
   00580    0.3950   -1288.2592  0.7633 
   00581    0.4000   -1284.5552  0.7641 
   00582    0.3675   -1266.6629  0.7566 
   00583    0.4150   -1274.1659  0.7572 
   00584    0.4150   -1259.3255  0.7469 
   00585    0.4250   -1253.0253  0.7615 
   00586    0.4025   -1262.7830  0.7627 
   00587    0.3675   -1277.9426  0.7488 
   00588    0.3775   -1282.3301  0.7629 
   00589    0.3800   -1271.0761  0.7418 
   00590    0.3975   -1283.9882  0.7582 
   00591    0.3550   -1297.5498  0.7532 
   00592    0.3900   -1296.5487  0.7562 
   00593    0.4425   -1274.9912  0.7588 
   00594    0.4025   -1275.7430  0.7664 
   00595    0.3975   -1292.5746  0.7651 
   00596    0.3675   -1282.3924  0.7707 
   00597    0.4425   -1284.3065  0.7733 
   00598    0.3875   -1269.4161  0.7738 
   00599    0.4100   -1280.2105  0.7898 
   00600    0.3700   -1297.3594  0.7891 
   00601    0.4100   -1287.8347  0.7834 
   00602    0.3725   -1272.4933  0.7798 
   00603    0.3725   -1274.9594  0.7911 
   00604    0.3650   -1289.1525  0.7973 
   00605    0.3900   -1281.6503  0.8033 
   00606    0.3975   -1261.7092  0.8040 
   00607    0.4225   -1270.3905  0.7987 
   00608    0.4300   -1289.3953  0.8103 
   00609    0.3675   -1285.5654  0.8083 
   00610    0.4300   -1321.7606  0.8129 
   00611    0.3550   -1307.2733  0.8119 
   00612    0.4300   -1326.7463  0.8177 
   00613    0.3950   -1323.4137  0.8185 
   00614    0.3600   -1305.8146  0.8030 
   00615    0.3750   -1293.3968  0.7903 
   00616    0.4350   -1295.6179  0.7805 
   00617    0.3875   -1312.9383  0.7840 
   00618    0.3625   -1296.1521  0.7876 
   00619    0.4625   -1298.9345  0.7921 
   00620    0.3800   -1308.0548  0.7987 
   00621    0.3925   -1303.3354  0.8001 
   00622    0.4000   -1286.7262  0.7987 
   00623    0.3650   -1288.4966  0.8079 
   00624    0.4025   -1294.1689  0.8094 
   00625    0.3650   -1289.5689  0.8052 
   00626    0.4000   -1285.6269  0.8149 
   00627    0.4275   -1250.0860  0.7996 
   00628    0.4125   -1261.6377  0.8099 
   00629    0.4200   -1265.8466  0.8034 
   00630    0.4225   -1269.8795  0.7992 
   00631    0.3975   -1265.5942  0.8074 
   00632    0.4000   -1272.2580  0.8150 
   00633    0.4100   -1291.2261  0.8238 
   00634    0.3650   -1301.7175  0.8256 
   00635    0.3825   -1301.5778  0.8210 
   00636    0.3350   -1309.9746  0.8320 
   00637    0.3650   -1327.2294  0.8332 
   00638    0.4000   -1344.0094  0.8480 
   00639    0.3600   -1322.4756  0.8419 
   00640    0.3625   -1294.2215  0.8316 
   00641    0.4125   -1296.4413  0.8403 
   00642    0.3775   -1282.7299  0.8328 
   00643    0.4325   -1301.5445  0.8250 
   00644    0.4025   -1283.9455  0.8310 
   00645    0.4050   -1283.4263  0.8275 
   00646    0.4175   -1301.0280  0.8274 
   00647    0.4350   -1301.8148  0.8257 
   00648    0.4350   -1284.3251  0.8162 
   00649    0.4025   -1299.8085  0.8160 
   00650    0.3575   -1295.0856  0.8240 
   00651    0.3475   -1304.6434  0.8215 
   00652    0.3675   -1286.1408  0.8250 
   00653    0.4025   -1266.4542  0.8210 
   00654    0.3750   -1272.0568  0.8216 
   00655    0.4400   -1299.9975  0.8317 
   00656    0.4025   -1283.4006  0.8244 
   00657    0.4300   -1255.8914  0.8051 
   00658    0.4025   -1273.7344  0.8050 
   00659    0.3950   -1294.3521  0.8135 
   00660    0.4250   -1264.0268  0.8160 
   00661    0.4050   -1266.1622  0.8207 
   00662    0.3925   -1275.2869  0.8228 
   00663    0.4175   -1269.1096  0.8212 
   00664    0.4025   -1277.5975  0.8203 
   00665    0.3800   -1267.5694  0.8181 
   00666    0.4150   -1292.6676  0.8329 
   00667    0.4050   -1280.7803  0.8374 
   00668    0.4100   -1300.4570  0.8463 
   00669    0.3950   -1296.8648  0.8413 
   00670    0.4400   -1309.2213  0.8610 
   00671    0.4275   -1296.5762  0.8474 
   00672    0.3600   -1297.1069  0.8422 
   00673    0.3750   -1268.4373  0.8415 
   00674    0.4100   -1311.2540  0.8512 
   00675    0.3500   -1292.5566  0.8378 
   00676    0.3825   -1282.4693  0.8298 
   00677    0.4225   -1295.3593  0.8343 
   00678    0.4175   -1300.1928  0.8263 
   00679    0.4125   -1298.0831  0.8317 
   00680    0.3750   -1257.6417  0.8127 
   00681    0.4050   -1282.0976  0.8151 
   00682    0.3800   -1280.8236  0.8203 
   00683    0.4325   -1271.5143  0.8201 
   00684    0.4150   -1273.8989  0.8119 
   00685    0.4375   -1267.5723  0.8138 
   00686    0.4600   -1286.7216  0.8116 
   00687    0.4450   -1257.5282  0.8008 
   00688    0.4175   -1261.8348  0.7976 
   00689    0.4100   -1269.2473  0.7981 
   00690    0.4500   -1260.6091  0.7956 
   00691    0.3875   -1255.2433  0.8020 
   00692    0.4150   -1261.4326  0.8118 
   00693    0.4125   -1266.3618  0.8096 
   00694    0.4225   -1276.9036  0.7900 
   00695    0.3875   -1288.9988  0.7954 
   00696    0.4125   -1288.2130  0.7982 
   00697    0.4150   -1297.9569  0.8077 
   00698    0.3500   -1298.4645  0.8094 
   00699    0.3775   -1288.9598  0.8043 
   00700    0.4100   -1285.9521  0.8002 
   00701    0.4075   -1297.1859  0.8013 
   00702    0.3800   -1292.2798  0.7839 
   00703    0.4075   -1303.3832  0.7915 
   00704    0.3350   -1312.2367  0.7979 
   00705    0.3775   -1279.0293  0.7839 
   00706    0.3725   -1268.6936  0.7761 
   00707    0.3900   -1305.7945  0.7885 
   00708    0.4150   -1306.9067  0.7865 
   00709    0.4125   -1300.5844  0.7847 
   00710    0.3725   -1302.6866  0.7780 
   00711    0.3975   -1294.6387  0.7777 
   00712    0.4025   -1269.7076  0.7727 
   00713    0.3450   -1271.1529  0.7707 
   00714    0.3575   -1267.4714  0.7654 
   00715    0.3725   -1284.2170  0.7870 
   00716    0.3550   -1281.9364  0.7773 
   00717    0.4500   -1276.2440  0.7791 
   00718    0.4000   -1269.5608  0.7863 
   00719    0.3700   -1269.7676  0.7802 
   00720    0.3725   -1279.6179  0.7687 
   00721    0.4150   -1279.0788  0.7714 
   00722    0.3850   -1270.7270  0.7620 
   00723    0.3875   -1265.5523  0.7583 
   00724    0.4150   -1270.2546  0.7540 
   00725    0.3775   -1270.8443  0.7613 
   00726    0.4450   -1272.2191  0.7628 
   00727    0.4075   -1288.3992  0.7739 
   00728    0.3625   -1285.5335  0.7749 
   00729    0.4575   -1286.9795  0.7714 
   00730    0.4825   -1259.3593  0.7548 
   00731    0.3975   -1268.9779  0.7583 
   00732    0.4300   -1243.9904  0.7454 
   00733    0.4250   -1265.6940  0.7607 
   00734    0.4150   -1272.2119  0.7517 
   00735    0.4225   -1278.5719  0.7699 
   00736    0.4075   -1287.0602  0.7479 
   00737    0.4450   -1288.5990  0.7446 
   00738    0.4050   -1287.1489  0.7340 
   00739    0.4100   -1268.5903  0.7353 
   00740    0.4175   -1273.2614  0.7352 
   00741    0.4400   -1269.9427  0.7475 
   00742    0.3825   -1278.0160  0.7387 
   00743    0.4275   -1281.5853  0.7534 
   00744    0.4300   -1282.5914  0.7477 
   00745    0.3775   -1268.8959  0.7331 
   00746    0.3450   -1275.2961  0.7310 
   00747    0.4175   -1287.2679  0.7357 
   00748    0.3375   -1283.7948  0.7253 
   00749    0.4025   -1261.5347  0.7282 
   00750    0.4175   -1272.6493  0.7352 
   00751    0.4250   -1279.7004  0.7333 
   00752    0.3575   -1294.5847  0.7371 
   00753    0.4100   -1272.0331  0.7402 
   00754    0.3950   -1264.0864  0.7371 
   00755    0.4025   -1254.9468  0.7279 
   00756    0.4150   -1223.1396  0.7168 
   00757    0.4200   -1221.4602  0.7236 
   00758    0.3925   -1270.4261  0.7507 
   00759    0.3900   -1286.3884  0.7679 
   00760    0.4325   -1301.1173  0.7742 
   00761    0.3900   -1290.5558  0.7754 
   00762    0.4575   -1306.9498  0.7968 
   00763    0.3875   -1331.2685  0.8070 
   00764    0.3675   -1330.2110  0.8197 
   00765    0.4050   -1315.6652  0.8176 
   00766    0.3800   -1305.5736  0.8026 
   00767    0.4250   -1305.2622  0.7912 
   00768    0.3850   -1308.5082  0.7827 
   00769    0.3650   -1325.4366  0.7966 
   00770    0.4000   -1300.8146  0.7857 
   00771    0.4200   -1309.3107  0.7803 
   00772    0.3925   -1300.7050  0.7690 
   00773    0.4150   -1295.1146  0.7570 
   00774    0.3950   -1301.3894  0.7726 
   00775    0.4200   -1273.7166  0.7667 
   00776    0.4175   -1269.9299  0.7627 
   00777    0.4400   -1244.8285  0.7695 
   00778    0.3975   -1256.0872  0.7743 
   00779    0.4275   -1257.0189  0.7678 
   00780    0.3950   -1265.9115  0.7847 
   00781    0.3975   -1273.5978  0.7839 
   00782    0.4200   -1291.7919  0.8000 
   00783    0.3375   -1291.4814  0.8028 
   00784    0.3625   -1276.7410  0.7939 
   00785    0.4000   -1274.2268  0.7980 
   00786    0.4225   -1285.0771  0.8055 
   00787    0.4350   -1254.8132  0.7948 
   00788    0.3950   -1264.9669  0.8010 
   00789    0.4475   -1285.1229  0.8195 
   00790    0.3850   -1298.8419  0.8282 
   00791    0.3975   -1294.6685  0.8200 
   00792    0.3900   -1285.6368  0.8202 
   00793    0.3750   -1252.7837  0.8036 
   00794    0.4100   -1280.4057  0.8210 
   00795    0.4225   -1279.8151  0.8181 
   00796    0.3900   -1267.0214  0.8113 
   00797    0.4100   -1262.9063  0.8232 
   00798    0.4175   -1278.6569  0.8328 
   00799    0.3800   -1283.6170  0.8316 
   00800    0.4075   -1295.9106  0.8364 
   00801    0.3925   -1287.6081  0.8347 
   00802    0.4300   -1274.3418  0.8214 
   00803    0.4000   -1278.8801  0.8214 
   00804    0.4150   -1288.2201  0.8164 
   00805    0.3600   -1280.0321  0.8192 
   00806    0.3850   -1289.6098  0.8232 
   00807    0.3825   -1306.1613  0.8252 
   00808    0.4325   -1302.8205  0.8280 
   00809    0.4175   -1292.8786  0.8203 
   00810    0.4000   -1313.6490  0.8184 
   00811    0.4000   -1301.9460  0.8233 
   00812    0.4125   -1279.3104  0.8169 
   00813    0.3825   -1291.6095  0.8193 
   00814    0.3775   -1288.6472  0.8183 
   00815    0.4150   -1259.2755  0.8169 
   00816    0.4150   -1229.9026  0.8027 
   00817    0.3950   -1233.8405  0.7880 
   00818    0.4250   -1251.1552  0.7776 
   00819    0.4275   -1247.6473  0.7755 
   00820    0.3725   -1240.7177  0.7788 
   00821    0.3725   -1240.8089  0.7706 
   00822    0.4325   -1269.1861  0.7733 
   00823    0.3950   -1303.0329  0.8023 
   00824    0.3900   -1299.4535  0.8035 
   00825    0.4200   -1295.0587  0.8153 
   00826    0.4550   -1275.7290  0.8057 
   00827    0.4000   -1310.3252  0.8144 
   00828    0.3850   -1302.1822  0.8000 
   00829    0.4075   -1285.3151  0.7941 
   00830    0.4125   -1313.7942  0.8036 
   00831    0.3900   -1303.3938  0.7918 
   00832    0.4475   -1315.1167  0.7948 
   00833    0.4175   -1314.9149  0.7810 
   00834    0.3875   -1296.5446  0.7873 
   00835    0.3900   -1304.9546  0.7868 
   00836    0.3825   -1295.4962  0.7773 
   00837    0.3900   -1284.6816  0.7656 
   00838    0.3300   -1273.2879  0.7765 
   00839    0.3850   -1278.3118  0.7847 
   00840    0.3900   -1291.5174  0.7869 
   00841    0.3925   -1300.2497  0.8000 
   00842    0.4175   -1305.3553  0.8001 
   00843    0.3750   -1308.1156  0.7911 
   00844    0.4000   -1315.1872  0.7986 
   00845    0.4350   -1335.3997  0.7974 
   00846    0.3825   -1333.2764  0.7947 
   00847    0.3625   -1338.1742  0.7873 
   00848    0.3775   -1324.5632  0.7924 
   00849    0.4150   -1303.2783  0.7847 
   00850    0.3950   -1309.1248  0.7901 
   00851    0.3925   -1294.7756  0.7834 
   00852    0.3775   -1300.1812  0.7795 
   00853    0.3925   -1320.2278  0.7840 
   00854    0.3825   -1320.2738  0.7843 
   00855    0.4000   -1330.5100  0.7928 
   00856    0.3750   -1337.7252  0.8082 
   00857    0.3500   -1318.8122  0.8042 
   00858    0.3800   -1331.4688  0.8107 
   00859    0.3875   -1330.0680  0.8072 
   00860    0.3800   -1331.3679  0.7999 
   00861    0.3600   -1326.1641  0.7963 
   00862    0.4450   -1309.3797  0.7867 
   00863    0.4350   -1293.9803  0.7806 
   00864    0.4150   -1307.5764  0.7788 
   00865    0.3450   -1299.6480  0.7842 
   00866    0.4275   -1289.9360  0.7764 
   00867    0.4300   -1291.8180  0.7694 
   00868    0.4150   -1301.6914  0.7606 
   00869    0.3600   -1298.6145  0.7588 
   00870    0.3550   -1276.0020  0.7562 
   00871    0.3975   -1279.9315  0.7503 
   00872    0.4150   -1271.2703  0.7372 
   00873    0.4100   -1280.9565  0.7451 
   00874    0.3900   -1285.1984  0.7590 
   00875    0.3975   -1294.6901  0.7850 
   00876    0.3525   -1304.9304  0.7852 
   00877    0.4000   -1298.2064  0.7841 
   00878    0.4250   -1280.7214  0.7810 
   00879    0.4050   -1270.7691  0.7737 
   00880    0.4325   -1259.3690  0.7773 
   00881    0.4200   -1263.4261  0.7792 
   00882    0.4250   -1250.1619  0.7749 
   00883    0.4125   -1244.9842  0.7718 
   00884    0.3925   -1251.2412  0.7706 
   00885    0.3825   -1259.9586  0.7800 
   00886    0.4075   -1253.1015  0.7872 
   00887    0.4000   -1228.8668  0.7799 
   00888    0.4150   -1240.0888  0.7845 
   00889    0.4150   -1255.4443  0.7853 
   00890    0.4075   -1261.4719  0.7878 
   00891    0.4125   -1261.2980  0.7988 
   00892    0.4450   -1245.7025  0.7886 
   00893    0.4375   -1221.2550  0.7621 
   00894    0.3975   -1246.6612  0.7575 
   00895    0.3950   -1241.4776  0.7573 
   00896    0.4300   -1266.0036  0.7675 
   00897    0.4150   -1281.6770  0.7591 
   00898    0.4325   -1273.3795  0.7609 
   00899    0.4000   -1266.6916  0.7643 
   00900    0.3650   -1273.5892  0.7746 
   00901    0.4350   -1263.4865  0.7878 
   00902    0.3775   -1273.7843  0.7988 
   00903    0.4050   -1263.1027  0.7905 
   00904    0.3975   -1270.2654  0.7843 
   00905    0.4425   -1258.2814  0.7910 
   00906    0.4050   -1250.3554  0.7806 
   00907    0.4225   -1261.3732  0.7911 
   00908    0.4250   -1277.2337  0.7961 
   00909    0.3425   -1280.3151  0.8058 
   00910    0.4150   -1240.4169  0.8018 
   00911    0.3750   -1243.4359  0.7997 
   00912    0.3850   -1263.6059  0.7941 
   00913    0.4500   -1276.9502  0.7930 
   00914    0.4100   -1278.2459  0.8014 
   00915    0.3825   -1295.0549  0.8043 
   00916    0.4150   -1292.9491  0.8097 
   00917    0.4050   -1299.5027  0.8215 
   00918    0.4125   -1299.7034  0.8183 
   00919    0.3675   -1281.8890  0.8164 
   00920    0.3800   -1265.9748  0.8244 
   00921    0.4475   -1265.2548  0.7996 
   00922    0.3750   -1268.3826  0.8026 
   00923    0.4175   -1276.7676  0.8121 
   00924    0.4200   -1257.9323  0.7896 
   00925    0.3975   -1286.8221  0.7985 
   00926    0.4125   -1269.5341  0.7970 
   00927    0.3975   -1290.1082  0.8101 
   00928    0.4325   -1271.9963  0.7883 
   00929    0.4075   -1243.1655  0.7728 
   00930    0.3875   -1253.8286  0.7774 
   00931    0.3850   -1257.6235  0.7790 
   00932    0.4075   -1237.4817  0.7764 
   00933    0.4325   -1219.3598  0.7640 
   00934    0.4350   -1243.6146  0.7767 
   00935    0.4000   -1253.2170  0.7907 
   00936    0.3575   -1279.5026  0.8061 
   00937    0.4200   -1306.9402  0.8299 
   00938    0.3900   -1300.9327  0.8307 
   00939    0.3775   -1288.0113  0.8222 
   00940    0.4050   -1283.4855  0.8133 
   00941    0.4200   -1252.9930  0.8103 
   00942    0.3825   -1260.8499  0.8274 
   00943    0.4100   -1257.2861  0.8218 
   00944    0.3900   -1268.9426  0.8258 
   00945    0.4525   -1246.0315  0.8174 
   00946    0.4100   -1252.8331  0.8217 
   00947    0.4150   -1261.7013  0.8266 
   00948    0.4050   -1276.5155  0.8344 
   00949    0.4225   -1286.4841  0.8345 
   00950    0.4100   -1299.3256  0.8410 
   00951    0.4050   -1302.9524  0.8305 
   00952    0.3900   -1280.5262  0.8234 
   00953    0.4325   -1295.3533  0.8284 
   00954    0.3725   -1300.5662  0.8234 
   00955    0.3975   -1293.4360  0.8166 
   00956    0.4075   -1288.3957  0.8268 
   00957    0.3950   -1282.7441  0.8340 
   00958    0.3925   -1274.1109  0.8300 
   00959    0.4275   -1253.3323  0.8292 
   00960    0.3700   -1267.4695  0.8201 
   00961    0.4225   -1271.5975  0.8040 
   00962    0.4300   -1283.6855  0.8148 
   00963    0.3800   -1287.5560  0.8133 
   00964    0.3875   -1290.2338  0.8137 
   00965    0.3925   -1300.1810  0.8244 
   00966    0.3975   -1289.5640  0.8154 
   00967    0.4500   -1284.6915  0.8168 
   00968    0.4025   -1299.8186  0.8113 
   00969    0.3875   -1273.4911  0.7926 
   00970    0.3900   -1276.3960  0.7991 
   00971    0.3825   -1291.8646  0.8022 
   00972    0.3975   -1322.6723  0.8100 
   00973    0.3725   -1323.0125  0.8247 
   00974    0.4250   -1319.2156  0.8274 
   00975    0.3975   -1332.0508  0.8413 
   00976    0.4000   -1328.4495  0.8444 
   00977    0.3925   -1278.7711  0.8259 
   00978    0.4475   -1299.5383  0.8226 
   00979    0.3800   -1303.7334  0.8223 
   00980    0.3650   -1296.3959  0.8147 
   00981    0.3725   -1288.0492  0.8175 
   00982    0.3775   -1311.7140  0.8310 
   00983    0.3825   -1287.1411  0.8202 
   00984    0.3750   -1319.1737  0.8356 
   00985    0.4225   -1305.7510  0.8401 
   00986    0.3925   -1307.9205  0.8391 
   00987    0.4000   -1289.3815  0.8352 
   00988    0.4225   -1285.9437  0.8324 
   00989    0.4125   -1304.5985  0.8409 
   00990    0.3700   -1296.2916  0.8435 
   00991    0.3875   -1278.5728  0.8318 
   00992    0.4250   -1293.0126  0.8412 
   00993    0.3725   -1288.6358  0.8385 
   00994    0.4000   -1289.8037  0.8451 
   00995    0.4150   -1287.9156  0.8500 
   00996    0.3750   -1322.5504  0.8647 
   00997    0.3600   -1333.7671  0.8624 
   00998    0.3800   -1327.5142  0.8629 
   00999    0.4050   -1347.6525  0.8670 
   01000    0.3575   -1323.5106  0.8642 
