#=====================================================
# File created:        Sat-14-Feb-2026-at-04-04-19PM
# Size of lattice:     30x30
# Number of MC steps:  1000
# Reduced temperature: 0.650
# Run time (s):        16.449135
#=====================================================
# MC step:  Ratio:     Energy:   Order:
#=====================================================
   00000    0.5000    -901.7515  0.2689 
   00001    0.6700   -1278.6687  0.2837 
   00002    0.5889   -1579.8769  0.2743 
   00003    0.5756   -1789.6967  0.2742 
   00004    0.5633   -1915.2138  0.2698 
   00005    0.5556   -2040.0080  0.2705 
   00006    0.5189   -2129.4089  0.2850 
   00007    0.4900   -2225.9527  0.2834 
   00008    0.5189   -2278.4345  0.2921 
   00009    0.4889   -2283.8800  0.2977 
   00010    0.4911   -2349.4631  0.3062 
   00011    0.4967   -2423.2800  0.2880 
   00012    0.4489   -2459.7137  0.2966 
   00013    0.4311   -2481.9774  0.2881 
   00014    0.4422   -2492.3690  0.3000 
   00015    0.4789   -2518.3410  0.3092 
   00016    0.4522   -2532.0402  0.3114 
   00017    0.4389   -2571.4147  0.3096 
   00018    0.4311   -2600.8859  0.3081 
   00019    0.4167   -2608.7200  0.3085 
   00020    0.4311   -2621.7450  0.2937 
   00021    0.4400   -2629.8192  0.3075 
   00022    0.4433   -2590.6146  0.3078 
   00023    0.4378   -2597.8685  0.2921 
   00024    0.4511   -2600.7768  0.2929 
   00025    0.4322   -2609.1515  0.2947 
   00026    0.4400   -2639.2338  0.3059 
   00027    0.4189   -2609.0023  0.2919 
   00028    0.4333   -2649.9508  0.2991 
   00029    0.4200   -2639.6735  0.2916 
   00030    0.4456   -2652.3424  0.2893 
   00031    0.4356   -2667.1716  0.3017 
   00032    0.4344   -2680.7036  0.3150 
   00033    0.4278   -2656.4355  0.3131 
   00034    0.4100   -2660.8760  0.3090 
   00035    0.4378   -2677.4294  0.3223 
   00036    0.4667   -2646.1164  0.3098 
   00037    0.3767   -2672.1171  0.3087 
   00038    0.4378   -2666.1575  0.3268 
   00039    0.4389   -2676.7546  0.3311 
   00040    0.4367   -2655.7852  0.3383 
   00041    0.4156   -2673.1728  0.3309 
   00042    0.4422   -2644.5946  0.3366 
   00043    0.4367   -2619.4795  0.3362 
   00044    0.4444   -2607.8047  0.3405 
   00045    0.3878   -2594.2846  0.3292 
   00046    0.4400   -2649.0507  0.3376 
   00047    0.4111   -2623.3226  0.3525 
   00048    0.4389   -2654.7079  0.3508 
   00049    0.4433   -2648.3827  0.3525 
   00050    0.4311   -2687.1203  0.3454 
   00051    0.4056   -2695.5607  0.3435 
   00052    0.4289   -2679.8065  0.3408 
   00053    0.4300   -2675.6273  0.3438 
   00054    0.4578   -2727.6494  0.3483 
   00055    0.4067   -2682.0200  0.3441 
   00056    0.4244   -2689.2850  0.3509 
   00057    0.4211   -2714.5274  0.3458 
   00058    0.4033   -2704.8054  0.3424 
   00059    0.4222   -2717.4182  0.3448 
   00060    0.4300   -2747.3528  0.3432 
   00061    0.4311   -2754.6165  0.3580 
   00062    0.4133   -2764.6012  0.3586 
   00063    0.3978   -2760.3222  0.3629 
   00064    0.4278   -2754.1529  0.3564 
   00065    0.4156   -2758.9569  0.3599 
   00066    0.4467   -2732.0287  0.3458 
   00067    0.4056   -2714.1391  0.3497 
   00068    0.3867   -2708.2715  0.3447 
   00069    0.4256   -2677.4150  0.3630 
   00070    0.4411   -2746.5207  0.3525 
   00071    0.4078   -2764.1074  0.3411 
   00072    0.3978   -2776.4402  0.3349 
   00073    0.4200   -2781.2513  0.3548 
   00074    0.3922   -2781.1897  0.3558 
   00075    0.4144   -2782.9188  0.3552 
   00076    0.4256   -2798.3456  0.3616 
   00077    0.3978   -2798.3991  0.3554 
   00078    0.4211   -2801.4456  0.3728 
   00079    0.4267   -2802.0761  0.3544 
   00080    0.3944   -2846.3169  0.3581 
   00081    0.4056   -2826.6142  0.3484 
   00082    0.3878   -2816.4396  0.3423 
   00083    0.4400   -2822.6270  0.3457 
   00084    0.3944   -2764.5615  0.3414 
   00085    0.4289   -2785.3824  0.3343 
   00086    0.4344   -2747.5258  0.3358 
   00087    0.3922   -2748.3501  0.3453 
   00088    0.4078   -2730.7986  0.3384 
   00089    0.4156   -2786.7065  0.3528 
   00090    0.3900   -2802.7875  0.3542 
   00091    0.4122   -2828.7589  0.3357 
   00092    0.4144   -2836.6866  0.3291 
   00093    0.4000   -2822.7523  0.3256 
   00094    0.4133   -2829.0020  0.3358 
   00095    0.3844   -2856.5273  0.3369 
   00096    0.4411   -2854.2692  0.3383 
   00097    0.3667   -2889.8791  0.3359 
   00098    0.4089   -2886.5927  0.3262 
   00099    0.4067   -2848.9290  0.3202 
   00100    0.3644   -2859.9663  0.3065 
   00101    0.4011   -2854.3785  0.3059 
   00102    0.4156   -2801.1424  0.3031 
   00103    0.4156   -2773.6482  0.2840 
   00104    0.4233   -2784.6925  0.3018 
   00105    0.3989   -2767.3903  0.3116 
   00106    0.3911   -2763.5881  0.3091 
   00107    0.4200   -2730.5292  0.3132 
   00108    0.4056   -2720.5017  0.3145 
   00109    0.4178   -2705.9752  0.3209 
   00110    0.4189   -2726.0556  0.3252 
   00111    0.3967   -2746.9380  0.3247 
   00112    0.4244   -2721.0125  0.3120 
   00113    0.4189   -2762.9850  0.3148 
   00114    0.4067   -2775.5946  0.3182 
   00115    0.4078   -2831.2804  0.3213 
   00116    0.4056   -2816.0396  0.3110 
   00117    0.4144   -2795.5631  0.3022 
   00118    0.3967   -2815.6857  0.3014 
   00119    0.4322   -2782.9236  0.2961 
   00120    0.4100   -2804.4094  0.2791 
   00121    0.3833   -2765.0146  0.2751 
   00122    0.4267   -2793.0134  0.2841 
   00123    0.4400   -2779.6380  0.2816 
   00124    0.4011   -2778.6909  0.2880 
   00125    0.4233   -2767.8160  0.2842 
   00126    0.4189   -2775.7301  0.2801 
   00127    0.4000   -2770.7999  0.2826 
   00128    0.4067   -2760.2298  0.2906 
   00129    0.4178   -2772.8581  0.2929 
   00130    0.3844   -2784.6388  0.3009 
   00131    0.4267   -2800.7382  0.3090 
   00132    0.3933   -2804.2573  0.3095 
   00133    0.4122   -2805.5670  0.3152 
   00134    0.4111   -2806.6951  0.3095 
   00135    0.4278   -2811.1954  0.3054 
   00136    0.3900   -2817.6702  0.3167 
   00137    0.3811   -2833.2908  0.3201 
   00138    0.4078   -2850.8846  0.3321 
   00139    0.3756   -2833.5196  0.3373 
   00140    0.4011   -2805.4725  0.3310 
   00141    0.3944   -2811.7706  0.3368 
   00142    0.4011   -2798.0653  0.3382 
   00143    0.3811   -2813.2880  0.3424 
   00144    0.4056   -2789.2295  0.3284 
   00145    0.4078   -2821.8125  0.3333 
   00146    0.4067   -2817.2160  0.3434 
   00147    0.4189   -2811.2496  0.3367 
   00148    0.4144   -2808.1850  0.3359 
   00149    0.4422   -2817.2536  0.3328 
   00150    0.4089   -2834.3429  0.3453 
   00151    0.3878   -2810.2697  0.3425 
   00152    0.4089   -2787.7419  0.3452 
   00153    0.4167   -2769.1588  0.3517 
   00154    0.4200   -2757.9916  0.3418 
   00155    0.4356   -2757.2049  0.3394 
   00156    0.4022   -2748.5396  0.3419 
   00157    0.3811   -2786.4322  0.3369 
   00158    0.4289   -2754.9408  0.3299 
   00159    0.4278   -2766.6835  0.3311 
   00160    0.4100   -2761.1100  0.3340 
   00161    0.3944   -2811.6472  0.3296 
   00162    0.3922   -2814.2513  0.3446 
   00163    0.4178   -2812.6771  0.3493 
   00164    0.4167   -2829.3504  0.3582 
   00165    0.4000   -2812.3118  0.3637 
   00166    0.4078   -2850.5285  0.3648 
   00167    0.4256   -2831.9330  0.3752 
   00168    0.4033   -2817.4424  0.3729 
   00169    0.3933   -2807.0613  0.3820 
   00170    0.4289   -2835.4328  0.3884 
   00171    0.3822   -2855.6822  0.3787 
   00172    0.4011   -2818.9038  0.3639 
   00173    0.3956   -2826.6031  0.3727 
   00174    0.3833   -2819.7318  0.3702 
   00175    0.3711   -2841.5037  0.3881 
   00176    0.4178   -2806.7391  0.3831 
   00177    0.4022   -2812.9641  0.3882 
   00178    0.3756   -2834.7850  0.3963 
   00179    0.4278   -2829.8169  0.3933 
   00180    0.4389   -2824.5138  0.3947 
   00181    0.3956   -2822.9388  0.3963 
   00182    0.4144   -2797.8187  0.4026 
   00183    0.3978   -2815.9706  0.4054 
   00184    0.3978   -2798.1779  0.4046 
   00185    0.3911   -2833.8155  0.3927 
   00186    0.4167   -2856.8067  0.3884 
   00187    0.4111   -2861.1414  0.3937 
   00188    0.4022   -2812.6553  0.3890 
   00189    0.3833   -2791.3550  0.3923 
   00190    0.4278   -2791.2573  0.4051 
   00191    0.4244   -2819.5797  0.4083 
   00192    0.4256   -2788.6135  0.4133 
   00193    0.3978   -2815.8460  0.3974 
   00194    0.4044   -2782.9214  0.3794 
   00195    0.3922   -2809.1248  0.3915 
   00196    0.4089   -2790.3385  0.3909 
   00197    0.4078   -2805.8781  0.3771 
   00198    0.4322   -2795.8160  0.3888 
   00199    0.3933   -2747.5544  0.3948 
   00200    0.3967   -2730.5171  0.3894 
   00201    0.3956   -2756.5767  0.3907 
   00202    0.4300   -2771.5295  0.4020 
   00203    0.4244   -2847.0990  0.4041 
   00204    0.4078   -2844.7786  0.4066 
   00205    0.3922   -2826.2981  0.4131 
   00206    0.4189   -2808.5031  0.4166 
   00207    0.4111   -2811.9589  0.4105 
   00208    0.3956   -2832.5586  0.4077 
   00209    0.3878   -2840.0943  0.4106 
   00210    0.4078   -2822.4406  0.4122 
   00211    0.3856   -2795.9806  0.4283 
   00212    0.3911   -2796.8407  0.4254 
   00213    0.3933   -2806.3275  0.4349 
   00214    0.4156   -2782.8651  0.4342 
   00215    0.4189   -2809.3077  0.4411 
   00216    0.4256   -2826.9527  0.4324 
   00217    0.4044   -2848.7151  0.4386 
   00218    0.4089   -2830.3706  0.4568 
   00219    0.3900   -2821.0812  0.4627 
   00220    0.4178   -2856.7842  0.4542 
   00221    0.4089   -2839.7125  0.4494 
   00222    0.3767   -2846.2102  0.4606 
   00223    0.4100   -2854.0537  0.4735 
   00224    0.4022   -2865.0991  0.4786 
   00225    0.4267   -2816.3331  0.4751 
   00226    0.4033   -2843.9903  0.4818 
   00227    0.4211   -2846.0910  0.4823 
   00228    0.4222   -2864.3842  0.4933 
   00229    0.3689   -2853.4519  0.4872 
   00230    0.4033   -2855.0685  0.4926 
   00231    0.3867   -2885.8118  0.5049 
   00232    0.4078   -2838.4806  0.5092 
   00233    0.4300   -2792.9892  0.5100 
   00234    0.4400   -2820.9959  0.5066 
   00235    0.4000   -2848.7514  0.5099 
   00236    0.4167   -2855.4864  0.4954 
   00237    0.3989   -2850.8227  0.4935 
   00238    0.4111   -2817.5949  0.4897 
   00239    0.4100   -2838.7474  0.4980 
   00240    0.3944   -2846.3275  0.4922 
   00241    0.3878   -2851.7213  0.4974 
   00242    0.4000   -2843.3449  0.5055 
   00243    0.3989   -2893.1906  0.4937 
   00244    0.3744   -2883.3947  0.5042 
   00245    0.4033   -2873.2715  0.4980 
   00246    0.4122   -2896.6349  0.4901 
   00247    0.3767   -2921.1389  0.4877 
   00248    0.4078   -2893.2312  0.4859 
   00249    0.4089   -2889.4213  0.4831 
   00250    0.4044   -2892.3838  0.4972 
   00251    0.4000   -2897.9524  0.5030 
   00252    0.4044   -2858.5167  0.4937 
   00253    0.3689   -2845.9396  0.4834 
   00254    0.4278   -2840.4930  0.4864 
   00255    0.4033   -2851.8616  0.4878 
   00256    0.4389   -2843.1133  0.4927 
   00257    0.3911   -2852.7548  0.4998 
   00258    0.3989   -2834.2352  0.5048 
   00259    0.4178   -2840.7337  0.5160 
   00260    0.4322   -2848.0637  0.5166 
   00261    0.4044   -2837.1642  0.5159 
   00262    0.3833   -2839.1783  0.5207 
   00263    0.4144   -2871.3455  0.5406 
   00264    0.3822   -2892.8839  0.5401 
   00265    0.4156   -2912.4429  0.5569 
   00266    0.3889   -2906.9264  0.5533 
   00267    0.3956   -2899.3296  0.5357 
   00268    0.3833   -2868.8803  0.5219 
   00269    0.3900   -2845.8047  0.5203 
   00270    0.4111   -2875.5156  0.5285 
   00271    0.3967   -2842.7648  0.5218 
   00272    0.4178   -2825.7937  0.5118 
   00273    0.4100   -2842.6769  0.5255 
   00274    0.4000   -2885.3026  0.5341 
   00275    0.3822   -2871.0651  0.5379 
   00276    0.4078   -2905.6492  0.5295 
   00277    0.4100   -2893.7549  0.5223 
   00278    0.4144   -2889.2265  0.5161 
   00279    0.3800   -2897.7102  0.5287 
   00280    0.3644   -2909.4470  0.5297 
   00281    0.3944   -2898.0311  0.5343 
   00282    0.3633   -2887.1952  0.5325 
   00283    0.3667   -2899.6251  0.5328 
   00284    0.4000   -2879.1417  0.5253 
   00285    0.3889   -2859.4849  0.5220 
   00286    0.4233   -2857.2827  0.5074 
   00287    0.3989   -2860.4632  0.5127 
   00288    0.3867   -2846.4291  0.5106 
   00289    0.4178   -2840.1674  0.5037 
   00290    0.3967   -2832.5741  0.5022 
   00291    0.4167   -2813.9488  0.5076 
   00292    0.4167   -2806.9083  0.5015 
   00293    0.3967   -2845.3103  0.5081 
   00294    0.4156   -2828.7018  0.5087 
   00295    0.4300   -2827.4097  0.5046 
   00296    0.4133   -2844.8043  0.5042 
   00297    0.4111   -2844.2449  0.5017 
   00298    0.4167   -2861.1697  0.4914 
   00299    0.3989   -2867.9280  0.5067 
   00300    0.3922   -2852.3487  0.4990 
   00301    0.3956   -2852.4731  0.5027 
   00302    0.3900   -2848.2387  0.5110 
   00303    0.3978   -2832.0654  0.5107 
   00304    0.4078   -2835.8159  0.4984 
   00305    0.4078   -2844.0541  0.4947 
   00306    0.4178   -2825.3989  0.4959 
   00307    0.4222   -2846.4260  0.5079 
   00308    0.4011   -2855.0903  0.5007 
   00309    0.4189   -2834.9284  0.4983 
   00310    0.4044   -2832.8077  0.5010 
   00311    0.4389   -2816.3814  0.4978 
   00312    0.4044   -2785.7267  0.5045 
   00313    0.3856   -2829.0593  0.5040 
   00314    0.4089   -2778.9499  0.5149 
   00315    0.4011   -2765.7471  0.5047 
   00316    0.4267   -2789.4015  0.5010 
   00317    0.4156   -2807.1040  0.5049 
   00318    0.4078   -2810.0751  0.5218 
   00319    0.4100   -2800.9557  0.5176 
   00320    0.4078   -2811.6326  0.5182 
   00321    0.4078   -2821.6443  0.5192 
   00322    0.4144   -2871.2758  0.5173 
   00323    0.3933   -2882.2383  0.5080 
   00324    0.4133   -2831.3536  0.5004 
   00325    0.3911   -2825.7198  0.4996 
   00326    0.4011   -2843.5293  0.4909 
   00327    0.4089   -2820.3796  0.4893 
   00328    0.4156   -2841.5253  0.4991 
   00329    0.3944   -2868.8837  0.5079 
   00330    0.4078   -2843.3740  0.5036 
   00331    0.3900   -2870.2898  0.5198 
   00332    0.3789   -2829.0151  0.5340 
   00333    0.4044   -2840.8539  0.5415 
   00334    0.4133   -2855.9505  0.5232 
   00335    0.4011   -2862.1554  0.5352 
   00336    0.3889   -2856.0928  0.5254 
   00337    0.4000   -2866.0493  0.5303 
   00338    0.3844   -2876.3980  0.5312 
   00339    0.3756   -2877.7916  0.5346 
   00340    0.4156   -2833.2813  0.5207 
   00341    0.3978   -2837.1166  0.5210 
   00342    0.3944   -2874.8371  0.5280 
   00343    0.4011   -2882.4433  0.5298 
   00344    0.3989   -2879.4348  0.5208 
   00345    0.4067   -2811.4465  0.5315 
   00346    0.4144   -2792.6463  0.5312 
   00347    0.4267   -2797.8848  0.5431 
   00348    0.4044   -2795.9518  0.5424 
   00349    0.4322   -2862.8023  0.5577 
   00350    0.4022   -2874.7062  0.5612 
   00351    0.3844   -2859.5561  0.5676 
   00352    0.3756   -2866.2171  0.5582 
   00353    0.4244   -2868.7610  0.5724 
   00354    0.4067   -2887.5402  0.5670 
   00355    0.3856   -2860.3873  0.5672 
   00356    0.4222   -2836.4811  0.5646 
   00357    0.3933   -2842.2494  0.5671 
   00358    0.4033   -2814.6709  0.5569 
   00359    0.4289   -2803.5605  0.5556 
   00360    0.3978   -2803.2788  0.5550 
   00361    0.3978   -2812.0606  0.5551 
   00362    0.4078   -2843.9337  0.5582 
   00363    0.4056   -2815.0215  0.5605 
   00364    0.4067   -2819.0291  0.5722 
   00365    0.4267   -2791.5233  0.5801 
   00366    0.4478   -2766.9495  0.5712 
   00367    0.4067   -2771.1655  0.5646 
   00368    0.3778   -2757.4202  0.5545 
   00369    0.4344   -2799.5337  0.5778 
   00370    0.3922   -2842.8681  0.5782 
   00371    0.4056   -2837.2546  0.5845 
   00372    0.4178   -2854.7867  0.5849 
   00373    0.4089   -2832.9736  0.5862 
   00374    0.4311   -2829.2661  0.5792 
   00375    0.4211   -2850.5111  0.5883 
   00376    0.3967   -2828.3752  0.5894 
   00377    0.4056   -2847.0905  0.5911 
   00378    0.4078   -2890.8424  0.5963 
   00379    0.4178   -2875.2962  0.5944 
   00380    0.4078   -2854.2762  0.5823 
   00381    0.4233   -2878.8501  0.5886 
   00382    0.4033   -2908.0742  0.5805 
   00383    0.3778   -2904.5816  0.5842 
   00384    0.3800   -2906.9384  0.5838 
   00385    0.4167   -2845.5192  0.5730 
   00386    0.4011   -2821.3491  0.5721 
   00387    0.4000   -2818.0876  0.5726 
   00388    0.4078   -2811.1642  0.5722 
   00389    0.3711   -2747.6117  0.5567 
   00390    0.4267   -2714.5303  0.5456 
   00391    0.3956   -2732.6305  0.5423 
   00392    0.4322   -2765.0638  0.5535 
   00393    0.3922   -2778.2193  0.5642 
   00394    0.4022   -2785.8536  0.5509 
   00395    0.4200   -2778.7211  0.5478 
   00396    0.3856   -2787.8800  0.5490 
   00397    0.4133   -2747.1403  0.5453 
   00398    0.4167   -2766.2071  0.5345 
   00399    0.4056   -2755.1673  0.5295 
   00400    0.4244   -2768.5120  0.5256 
   00401    0.3956   -2782.5859  0.5303 
   00402    0.3989   -2788.9851  0.5291 
   00403    0.4256   -2778.2439  0.5430 
   00404    0.4067   -2805.5196  0.5644 
   00405    0.4089   -2773.5589  0.5596 
   00406    0.4033   -2769.9455  0.5406 
   00407    0.4089   -2788.3449  0.5520 
   00408    0.4300   -2792.8774  0.5469 
   00409    0.4278   -2800.7228  0.5522 
   00410    0.4311   -2832.2285  0.5528 
   00411    0.4000   -2823.3022  0.5567 
   00412    0.4078   -2843.3381  0.5564 
   00413    0.3967   -2855.7717  0.5562 
   00414    0.4056   -2787.7424  0.5574 
   00415    0.4167   -2787.0715  0.5646 
   00416    0.4367   -2781.2900  0.5631 
   00417    0.4344   -2796.8171  0.5661 
   00418    0.4000   -2807.3688  0.5635 
   00419    0.4089   -2788.9663  0.5748 
   00420    0.4189   -2750.1834  0.5686 
   00421    0.4300   -2759.6265  0.5614 
   00422    0.4144   -2743.6658  0.5494 
   00423    0.3989   -2770.6349  0.5447 
   00424    0.3956   -2811.4818  0.5490 
   00425    0.4111   -2794.2775  0.5483 
   00426    0.4044   -2792.8900  0.5408 
   00427    0.4300   -2779.0294  0.5404 
   00428    0.4089   -2821.4181  0.5298 
   00429    0.4056   -2814.0726  0.5337 
   00430    0.4222   -2819.6063  0.5358 
   00431    0.3867   -2776.1093  0.5321 
   00432    0.4133   -2757.1306  0.5350 
   00433    0.4244   -2763.3064  0.5339 
   00434    0.4489   -2786.6411  0.5259 
   00435    0.4078   -2776.5567  0.5263 
   00436    0.4300   -2794.2256  0.5366 
   00437    0.3844   -2801.9612  0.5300 
   00438    0.4189   -2771.5730  0.5264 
   00439    0.4178   -2796.9750  0.5364 
   00440    0.4067   -2785.2022  0.5322 
   00441    0.3967   -2750.5759  0.5332 
   00442    0.3933   -2725.9055  0.5327 
   00443    0.4156   -2748.6353  0.5212 
   00444    0.4311   -2779.6873  0.5191 
   00445    0.4178   -2753.2269  0.5138 
   00446    0.4122   -2758.8689  0.5079 
   00447    0.4022   -2762.0773  0.5049 
   00448    0.4433   -2787.3304  0.5106 
   00449    0.4000   -2777.8570  0.5127 
   00450    0.4200   -2772.8812  0.5119 
   00451    0.4089   -2753.8968  0.5029 
   00452    0.4056   -2768.0813  0.5025 
   00453    0.3911   -2780.6844  0.4979 
   00454    0.4122   -2790.8442  0.4901 
   00455    0.4133   -2814.9741  0.4906 
   00456    0.4411   -2775.0822  0.5057 
   00457    0.4011   -2763.7067  0.4983 
   00458    0.4333   -2763.1689  0.4970 
   00459    0.4044   -2811.9880  0.5012 
   00460    0.4044   -2817.3350  0.4947 
   00461    0.4278   -2795.0305  0.4881 
   00462    0.4356   -2842.6670  0.4961 
   00463    0.4278   -2853.7735  0.4999 
   00464    0.4033   -2837.5417  0.4959 
   00465    0.4144   -2817.1818  0.4993 
   00466    0.3756   -2809.5447  0.4961 
   00467    0.3844   -2832.5195  0.5043 
   00468    0.3978   -2780.9312  0.4886 
   00469    0.4433   -2766.4759  0.4766 
   00470    0.4244   -2789.0054  0.4635 
   00471    0.4056   -2770.4163  0.4739 
   00472    0.4167   -2762.7727  0.4795 
   00473    0.4289   -2769.6314  0.4674 
   00474    0.4022   -2781.9102  0.4578 
   00475    0.4056   -2791.4993  0.4566 
   00476    0.3822   -2843.0185  0.4724 
   00477    0.4078   -2823.0724  0.4836 
   00478    0.3922   -2832.9832  0.4795 
   00479    0.3933   -2891.2445  0.4805 
   00480    0.3567   -2842.4081  0.4799 
   00481    0.3833   -2796.3675  0.4814 
   00482    0.4133   -2805.6248  0.4968 
   00483    0.4311   -2816.6427  0.4994 
   00484    0.4122   -2840.5839  0.4903 
   00485    0.3967   -2829.5396  0.4801 
   00486    0.4033   -2824.7117  0.4896 
   00487    0.4111   -2867.6893  0.4997 
   00488    0.4311   -2864.9962  0.4961 
   00489    0.4022   -2838.8987  0.4912 
   00490    0.4244   -2799.3580  0.4976 
   00491    0.3633   -2824.9675  0.4903 
   00492    0.3933   -2792.7577  0.4831 
   00493    0.3933   -2825.0379  0.4799 
   00494    0.4100   -2814.5231  0.4871 
   00495    0.4189   -2809.0981  0.4903 
   00496    0.4200   -2797.6202  0.4690 
   00497    0.3733   -2839.2513  0.4751 
   00498    0.3911   -2812.0556  0.4779 
   00499    0.3944   -2819.9756  0.4885 
   00500    0.3956   -2827.4611  0.4935 
   00501    0.3756   -2857.9408  0.4958 
   00502    0.4056   -2788.2801  0.4830 
   00503    0.4378   -2806.1133  0.4787 
   00504    0.4311   -2795.6132  0.4763 
   00505    0.4333   -2854.6524  0.4682 
   00506    0.4333   -2818.0370  0.4777 
   00507    0.4311   -2811.9818  0.4814 
   00508    0.4089   -2832.4441  0.4841 
   00509    0.4044   -2797.5896  0.4609 
   00510    0.4144   -2833.3892  0.4616 
   00511    0.3989   -2807.1379  0.4782 
   00512    0.4022   -2808.8373  0.4732 
   00513    0.4322   -2810.5882  0.4757 
   00514    0.3978   -2821.1887  0.4749 
   00515    0.4267   -2869.2269  0.4859 
   00516    0.4289   -2861.8802  0.4801 
   00517    0.4133   -2883.9866  0.4772 
   00518    0.4167   -2846.8263  0.4862 
   00519    0.3989   -2866.1735  0.4838 
   00520    0.3922   -2861.8134  0.4791 
   00521    0.4278   -2862.5711  0.4904 
   00522    0.3956   -2845.8151  0.4893 
   00523    0.4122   -2859.0258  0.4970 
   00524    0.4111   -2866.8662  0.5062 
   00525    0.4111   -2816.7206  0.4925 
   00526    0.3933   -2853.1424  0.4868 
   00527    0.4033   -2855.8205  0.4870 
   00528    0.4000   -2833.9128  0.4774 
   00529    0.3922   -2855.7594  0.4855 
   00530    0.4011   -2859.6244  0.4874 
   00531    0.3822   -2831.3567  0.4887 
   00532    0.4011   -2849.6591  0.4863 
   00533    0.4389   -2849.2691  0.4805 
   00534    0.4089   -2839.3774  0.4788 
   00535    0.4100   -2826.9492  0.4892 
   00536    0.3967   -2835.6436  0.4841 
   00537    0.4244   -2783.8928  0.4767 
   00538    0.4189   -2752.3716  0.4719 
   00539    0.4211   -2782.4326  0.4805 
   00540    0.3978   -2782.3732  0.4788 
   00541    0.4011   -2825.3190  0.4896 
   00542    0.4022   -2814.2575  0.4928 
   00543    0.4122   -2820.0228  0.4966 
   00544    0.4378   -2850.1569  0.4955 
   00545    0.3956   -2821.9905  0.4905 
   00546    0.4022   -2815.9765  0.5018 
   00547    0.4067   -2809.6824  0.5080 
   00548    0.3944   -2773.2967  0.5174 
   00549    0.4089   -2766.0409  0.5046 
   00550    0.4189   -2782.8284  0.5148 
   00551    0.3933   -2788.8906  0.5226 
   00552    0.3889   -2813.7734  0.5331 
   00553    0.3956   -2811.4390  0.5333 
   00554    0.4167   -2857.0960  0.5334 
   00555    0.4222   -2861.6508  0.5302 
   00556    0.3978   -2850.7681  0.5377 
   00557    0.4044   -2811.5063  0.5457 
   00558    0.4100   -2799.3950  0.5402 
   00559    0.4233   -2776.6638  0.5220 
   00560    0.4233   -2798.9908  0.5440 
   00561    0.4089   -2803.3268  0.5419 
   00562    0.3867   -2806.8646  0.5443 
   00563    0.4078   -2804.5165  0.5533 
   00564    0.4022   -2787.9202  0.5530 
   00565    0.4033   -2768.7960  0.5468 
   00566    0.4400   -2760.0633  0.5508 
   00567    0.4200   -2793.3837  0.5471 
   00568    0.4033   -2767.2549  0.5330 
   00569    0.4333   -2749.9465  0.5116 
   00570    0.4100   -2761.9891  0.5112 
   00571    0.4400   -2745.3424  0.5022 
   00572    0.4156   -2779.8490  0.5033 
   00573    0.4033   -2793.9109  0.5028 
   00574    0.4267   -2770.0683  0.4966 
   00575    0.4033   -2788.2202  0.4981 
   00576    0.4011   -2788.1087  0.4874 
   00577    0.4356   -2811.1954  0.4926 
   00578    0.3944   -2810.1203  0.4905 
   00579    0.3844   -2835.8850  0.4921 
   00580    0.4078   -2865.7068  0.5079 
   00581    0.3967   -2848.4242  0.4991 
   00582    0.3956   -2819.9375  0.4896 
   00583    0.4111   -2844.0667  0.4890 
   00584    0.4067   -2837.7735  0.4842 
   00585    0.4189   -2794.2579  0.4818 
   00586    0.4211   -2812.5349  0.4718 
   00587    0.4067   -2790.2882  0.4768 
   00588    0.4244   -2840.2992  0.4856 
   00589    0.3989   -2854.4156  0.4872 
   00590    0.3911   -2839.2646  0.4888 
   00591    0.3867   -2845.1621  0.5034 
   00592    0.4133   -2873.5065  0.5170 
   00593    0.3844   -2863.8182  0.5270 
   00594    0.4044   -2873.4693  0.5273 
   00595    0.3622   -2864.8647  0.5303 
   00596    0.4144   -2826.2630  0.5308 
   00597    0.4200   -2841.0554  0.5319 
   00598    0.4011   -2816.8653  0.5349 
   00599    0.4156   -2798.6827  0.5373 
   00600    0.4289   -2793.5988  0.5397 
   00601    0.3822   -2811.0156  0.5451 
   00602    0.4133   -2791.1818  0.5432 
   00603    0.3922   -2807.1622  0.5580 
   00604    0.4244   -2773.3193  0.5539 
   00605    0.4100   -2801.7065  0.5558 
   00606    0.4211   -2821.0268  0.5748 
   00607    0.3933   -2833.4914  0.5816 
   00608    0.3933   -2842.1467  0.5756 
   00609    0.4189   -2851.8061  0.5682 
   00610    0.3878   -2857.4377  0.5674 
   00611    0.3711   -2870.8729  0.5724 
   00612    0.3944   -2850.1146  0.5628 
   00613    0.4089   -2848.2261  0.5567 
   00614    0.3933   -2854.7388  0.5610 
   00615    0.4233   -2838.5581  0.5501 
   00616    0.3967   -2784.4569  0.5464 
   00617    0.3944   -2771.4508  0.5510 
   00618    0.3978   -2786.0585  0.5534 
   00619    0.4000   -2825.2346  0.5685 
   00620    0.4089   -2848.9154  0.5728 
   00621    0.3722   -2890.8716  0.5922 
   00622    0.3878   -2913.8647  0.6026 
   00623    0.4100   -2919.8665  0.6087 
   00624    0.3844   -2908.2675  0.5979 
   00625    0.4011   -2875.1915  0.5969 
   00626    0.4278   -2885.8067  0.5969 
   00627    0.4300   -2869.7774  0.5904 
   00628    0.3944   -2871.7733  0.5899 
   00629    0.3944   -2895.1251  0.5841 
   00630    0.4189   -2912.0508  0.6033 
   00631    0.3878   -2912.9523  0.6039 
   00632    0.3811   -2917.6877  0.6042 
   00633    0.4122   -2904.3107  0.6156 
   00634    0.3811   -2894.0333  0.6014 
   00635    0.3889   -2894.2974  0.5981 
   00636    0.3900   -2854.1561  0.6026 
   00637    0.3944   -2842.5941  0.5968 
   00638    0.4044   -2876.1109  0.5896 
   00639    0.4244   -2850.3800  0.5961 
   00640    0.4133   -2845.6482  0.5940 
   00641    0.4089   -2872.5737  0.5846 
   00642    0.4022   -2867.0131  0.5848 
   00643    0.3733   -2838.1229  0.5873 
   00644    0.4067   -2810.1655  0.5804 
   00645    0.4133   -2826.0796  0.5797 
   00646    0.4022   -2822.7070  0.5741 
   00647    0.3944   -2827.8692  0.5809 
   00648    0.4100   -2849.9850  0.5685 
   00649    0.4189   -2856.7903  0.5687 
   00650    0.4344   -2867.3262  0.5788 
   00651    0.4211   -2859.0241  0.5727 
   00652    0.4156   -2843.6951  0.5729 
   00653    0.3911   -2825.0938  0.5651 
   00654    0.4244   -2851.8226  0.5796 
   00655    0.3867   -2864.4606  0.5790 
   00656    0.4111   -2862.6997  0.5764 
   00657    0.3722   -2862.2937  0.5745 
   00658    0.3889   -2852.4947  0.5718 
   00659    0.4100   -2873.3960  0.5672 
   00660    0.4033   -2880.2713  0.5699 
   00661    0.4011   -2875.6871  0.5675 
   00662    0.3956   -2871.9623  0.5747 
   00663    0.4100   -2850.0683  0.5679 
   00664    0.3933   -2854.0939  0.5659 
   00665    0.3822   -2869.8362  0.5575 
   00666    0.4411   -2858.1780  0.5749 
   00667    0.3578   -2842.5934  0.5814 
   00668    0.3800   -2841.4832  0.5819 
   00669    0.3867   -2841.6148  0.5888 
   00670    0.4022   -2841.5811  0.5866 
   00671    0.4044   -2822.7913  0.5733 
   00672    0.4133   -2843.9485  0.5734 
   00673    0.4322   -2851.6387  0.5741 
   00674    0.3711   -2898.1353  0.5839 
   00675    0.4067   -2919.6802  0.5974 
   00676    0.4100   -2877.3211  0.5929 
   00677    0.3733   -2870.8486  0.5876 
   00678    0.4200   -2857.2732  0.5895 
   00679    0.4133   -2832.0443  0.5971 
   00680    0.3978   -2840.7791  0.6020 
   00681    0.4256   -2791.9211  0.6023 
   00682    0.4156   -2822.3531  0.6158 
   00683    0.3800   -2839.2703  0.6127 
   00684    0.3900   -2836.4170  0.6088 
   00685    0.4078   -2811.5748  0.6083 
   00686    0.3911   -2840.2950  0.6130 
   00687    0.4533   -2817.3987  0.6135 
   00688    0.3967   -2827.0635  0.6276 
   00689    0.4178   -2829.7973  0.6275 
   00690    0.3889   -2844.7355  0.6187 
   00691    0.4178   -2844.0228  0.6252 
   00692    0.4044   -2851.8354  0.6388 
   00693    0.3856   -2825.3385  0.6352 
   00694    0.4178   -2849.4928  0.6317 
   00695    0.3778   -2851.4940  0.6222 
   00696    0.4000   -2819.3919  0.6107 
   00697    0.4156   -2869.6046  0.6086 
   00698    0.4011   -2864.5230  0.6174 
   00699    0.3989   -2848.0609  0.6114 
   00700    0.3889   -2861.4310  0.6246 
   00701    0.4178   -2858.7828  0.6253 
   00702    0.4156   -2849.9005  0.6277 
   00703    0.4144   -2832.7090  0.6288 
   00704    0.3922   -2803.5246  0.6338 
   00705    0.4067   -2805.5306  0.6305 
   00706    0.4278   -2849.5106  0.6256 
   00707    0.4089   -2812.1635  0.6248 
   00708    0.3900   -2836.5444  0.6356 
   00709    0.4256   -2850.9694  0.6452 
   00710    0.4078   -2838.2636  0.6434 
   00711    0.3878   -2819.0395  0.6383 
   00712    0.4067   -2865.3886  0.6452 
   00713    0.4067   -2862.8568  0.6303 
   00714    0.3778   -2828.3038  0.6328 
   00715    0.4244   -2845.2430  0.6328 
   00716    0.4289   -2879.7651  0.6449 
   00717    0.4000   -2883.6407  0.6478 
   00718    0.4078   -2889.0118  0.6583 
   00719    0.3933   -2883.4710  0.6565 
   00720    0.4022   -2883.9441  0.6585 
   00721    0.4233   -2880.8166  0.6524 
   00722    0.3911   -2895.6686  0.6582 
   00723    0.4267   -2867.7681  0.6558 
   00724    0.3756   -2846.7640  0.6501 
   00725    0.3733   -2886.7017  0.6532 
   00726    0.4144   -2893.2122  0.6504 
   00727    0.3900   -2863.0414  0.6530 
   00728    0.4022   -2858.0098  0.6453 
   00729    0.3978   -2883.9658  0.6459 
   00730    0.4067   -2863.4528  0.6443 
   00731    0.3900   -2860.9698  0.6369 
   00732    0.4000   -2873.1650  0.6328 
   00733    0.3944   -2853.2249  0.6273 
   00734    0.4078   -2818.6572  0.6285 
   00735    0.4044   -2832.9858  0.6313 
   00736    0.4144   -2833.9336  0.6281 
   00737    0.3967   -2825.6251  0.6285 
   00738    0.3911   -2837.9165  0.6243 
   00739    0.4144   -2885.1157  0.6268 
   00740    0.3778   -2841.2406  0.6203 
   00741    0.3989   -2846.4375  0.6195 
   00742    0.3889   -2832.1716  0.6155 
   00743    0.4133   -2817.2057  0.6180 
   00744    0.4100   -2812.0938  0.6172 
   00745    0.4067   -2811.0923  0.6098 
   00746    0.3978   -2809.8301  0.6117 
   00747    0.3944   -2833.1477  0.6000 
   00748    0.4233   -2803.9793  0.5943 
   00749    0.4100   -2800.8401  0.5883 
   00750    0.4222   -2848.7941  0.5839 
   00751    0.4089   -2834.8980  0.5842 
   00752    0.3956   -2842.9706  0.5926 
   00753    0.3900   -2836.1088  0.5972 
   00754    0.3989   -2866.6478  0.6001 
   00755    0.4111   -2889.9280  0.6059 
   00756    0.4156   -2895.1004  0.6147 
   00757    0.4178   -2860.5015  0.6129 
   00758    0.4000   -2869.9920  0.5980 
   00759    0.4022   -2892.2492  0.5940 
   00760    0.4033   -2885.9359  0.5996 
   00761    0.3922   -2882.7315  0.6103 
   00762    0.3878   -2886.1239  0.6140 
   00763    0.3844   -2887.2905  0.6104 
   00764    0.3844   -2868.8810  0.6061 
   00765    0.3778   -2887.8214  0.6119 
   00766    0.3933   -2884.7806  0.6289 
   00767    0.3944   -2923.8214  0.6297 
   00768    0.3933   -2869.2826  0.6196 
   00769    0.3800   -2888.1983  0.6161 
   00770    0.4133   -2870.6272  0.6155 
   00771    0.4022   -2884.0158  0.6123 
   00772    0.3822   -2892.1760  0.6181 
   00773    0.3933   -2889.4845  0.6144 
   00774    0.4122   -2898.8713  0.6139 
   00775    0.3989   -2883.3948  0.6136 
   00776    0.3833   -2896.2496  0.6191 
   00777    0.3956   -2889.9980  0.6113 
   00778    0.3789   -2914.6197  0.6269 
   00779    0.3922   -2920.7113  0.6202 
   00780    0.3778   -2890.1046  0.6251 
   00781    0.3900   -2878.7846  0.6240 
   00782    0.3689   -2870.2493  0.6213 
   00783    0.3933   -2846.3799  0.6255 
   00784    0.4056   -2871.8500  0.6352 
   00785    0.4244   -2899.6473  0.6358 
   00786    0.4244   -2874.5205  0.6304 
   00787    0.4289   -2820.9600  0.6221 
   00788    0.4011   -2857.5647  0.6359 
   00789    0.4000   -2844.6590  0.6385 
   00790    0.3922   -2887.3745  0.6482 
   00791    0.3833   -2888.3860  0.6470 
   00792    0.4000   -2879.5553  0.6398 
   00793    0.3933   -2868.2291  0.6430 
   00794    0.3956   -2864.3845  0.6359 
   00795    0.3944   -2808.7806  0.6269 
   00796    0.4011   -2794.5747  0.6270 
   00797    0.3778   -2809.4876  0.6259 
   00798    0.3778   -2804.6230  0.6331 
   00799    0.3933   -2809.1749  0.6360 
   00800    0.3900   -2825.3254  0.6460 
   00801    0.4389   -2810.2588  0.6387 
   00802    0.3811   -2851.3385  0.6432 
   00803    0.3978   -2874.7794  0.6466 
   00804    0.4256   -2858.8677  0.6522 
   00805    0.4233   -2862.3385  0.6456 
   00806    0.3789   -2845.8347  0.6423 
   00807    0.3833   -2857.5539  0.6452 
   00808    0.4144   -2859.3006  0.6396 
   00809    0.4189   -2820.3162  0.6401 
   00810    0.3956   -2839.1997  0.6482 
   00811    0.3944   -2825.2147  0.6449 
   00812    0.3900   -2859.6164  0.6424 
   00813    0.3800   -2862.5472  0.6534 
   00814    0.3900   -2861.4614  0.6563 
   00815    0.3811   -2866.8882  0.6476 
   00816    0.4244   -2835.3153  0.6452 
   00817    0.3989   -2832.6135  0.6373 
   00818    0.3933   -2863.1984  0.6489 
   00819    0.4067   -2852.9520  0.6496 
   00820    0.3822   -2853.4080  0.6498 
   00821    0.3889   -2869.0400  0.6601 
   00822    0.3911   -2843.9979  0.6592 
   00823    0.4056   -2849.3242  0.6617 
   00824    0.4156   -2826.6003  0.6601 
   00825    0.4067   -2820.9171  0.6716 
   00826    0.3878   -2862.4713  0.6732 
   00827    0.3878   -2860.9531  0.6742 
   00828    0.3878   -2838.7546  0.6580 
   00829    0.3900   -2850.1782  0.6632 
   00830    0.4022   -2821.3197  0.6562 
   00831    0.4311   -2836.2191  0.6590 
   00832    0.3944   -2809.6381  0.6656 
   00833    0.4133   -2834.9258  0.6591 
   00834    0.4267   -2863.1218  0.6662 
   00835    0.4133   -2851.8969  0.6571 
   00836    0.4144   -2847.5422  0.6538 
   00837    0.4033   -2850.0024  0.6548 
   00838    0.4122   -2833.3123  0.6633 
   00839    0.4000   -2851.6297  0.6601 
   00840    0.4356   -2861.4058  0.6577 
   00841    0.4200   -2862.0157  0.6482 
   00842    0.4022   -2847.8700  0.6502 
   00843    0.4200   -2819.0785  0.6485 
   00844    0.4167   -2811.0325  0.6434 
   00845    0.4133   -2803.0089  0.6353 
   00846    0.3778   -2821.7291  0.6350 
   00847    0.4178   -2811.4507  0.6418 
   00848    0.4133   -2805.7728  0.6318 
   00849    0.4222   -2797.4224  0.6339 
   00850    0.4167   -2811.5945  0.6291 
   00851    0.4122   -2837.4083  0.6386 
   00852    0.3956   -2806.3733  0.6373 
   00853    0.3933   -2794.9478  0.6487 
   00854    0.4189   -2814.1120  0.6511 
   00855    0.3900   -2765.2095  0.6364 
   00856    0.4178   -2754.8322  0.6271 
   00857    0.4100   -2766.8818  0.6303 
   00858    0.4311   -2778.5737  0.6192 
   00859    0.4000   -2797.0594  0.6211 
   00860    0.4011   -2796.0370  0.6308 
   00861    0.4078   -2817.0397  0.6246 
   00862    0.3989   -2795.6567  0.6344 
   00863    0.4000   -2805.2432  0.6328 
   00864    0.4167   -2826.3611  0.6323 
   00865    0.3978   -2850.5258  0.6422 
   00866    0.4022   -2836.5013  0.6354 
   00867    0.4256   -2867.2043  0.6336 
   00868    0.4011   -2839.7044  0.6397 
   00869    0.3889   -2839.9505  0.6382 
   00870    0.3978   -2848.9215  0.6393 
   00871    0.3778   -2841.5083  0.6444 
   00872    0.4056   -2893.2773  0.6502 
   00873    0.3822   -2904.4476  0.6595 
   00874    0.4033   -2917.3648  0.6599 
   00875    0.4378   -2931.5299  0.6608 
   00876    0.3678   -2915.5800  0.6599 
   00877    0.4033   -2905.0171  0.6593 
   00878    0.3967   -2909.2909  0.6588 
   00879    0.3978   -2900.1541  0.6548 
   00880    0.4022   -2907.8882  0.6560 
   00881    0.3522   -2906.9885  0.6513 
   00882    0.4089   -2863.5346  0.6403 
   00883    0.4300   -2849.2481  0.6306 
   00884    0.3889   -2830.3306  0.6261 
   00885    0.4033   -2864.9775  0.6256 
   00886    0.4233   -2851.2306  0.6281 
   00887    0.4100   -2826.0984  0.6310 
   00888    0.4067   -2811.5808  0.6324 
   00889    0.3767   -2866.7057  0.6452 
   00890    0.4256   -2839.6171  0.6495 
   00891    0.3911   -2876.3219  0.6414 
   00892    0.4089   -2890.0708  0.6439 
   00893    0.3944   -2828.8058  0.6294 
   00894    0.3722   -2805.9151  0.6264 
   00895    0.3989   -2833.4434  0.6278 
   00896    0.4078   -2844.5594  0.6347 
   00897    0.4022   -2856.7009  0.6489 
   00898    0.4033   -2889.6873  0.6548 
   00899    0.4044   -2862.6573  0.6518 
   00900    0.3956   -2853.9001  0.6506 
   00901    0.3833   -2828.1141  0.6447 
   00902    0.3933   -2865.8410  0.6514 
   00903    0.4100   -2889.3773  0.6519 
   00904    0.3878   -2880.6361  0.6557 
   00905    0.3878   -2869.4690  0.6572 
   00906    0.4078   -2864.1281  0.6434 
   00907    0.3867   -2880.5858  0.6393 
   00908    0.3989   -2881.4762  0.6342 
   00909    0.4033   -2862.4275  0.6221 
   00910    0.3822   -2885.1657  0.6229 
   00911    0.4111   -2848.1284  0.6150 
   00912    0.3711   -2852.2718  0.6164 
   00913    0.3911   -2841.9210  0.6068 
   00914    0.4011   -2858.2959  0.6031 
   00915    0.4244   -2827.3988  0.6034 
   00916    0.4233   -2825.2356  0.6065 
   00917    0.4233   -2891.4566  0.6210 
   00918    0.3722   -2854.8229  0.6136 
   00919    0.4067   -2826.5577  0.6092 
   00920    0.4056   -2809.0157  0.5941 
   00921    0.3978   -2828.1366  0.5924 
   00922    0.4289   -2820.9584  0.5920 
   00923    0.3867   -2845.6573  0.6013 
   00924    0.3756   -2837.8221  0.5992 
   00925    0.4122   -2851.0505  0.5989 
   00926    0.3911   -2863.8184  0.6029 
   00927    0.4178   -2843.1516  0.5999 
   00928    0.4256   -2835.6928  0.5922 
   00929    0.4222   -2817.3954  0.5893 
   00930    0.3956   -2817.9650  0.6040 
   00931    0.4156   -2825.1484  0.5966 
   00932    0.4100   -2817.0038  0.5933 
   00933    0.3767   -2818.6726  0.5852 
   00934    0.4056   -2828.8104  0.5896 
   00935    0.4067   -2840.0819  0.5907 
   00936    0.3889   -2829.8628  0.5991 
   00937    0.3833   -2806.1279  0.5935 
   00938    0.4044   -2840.2617  0.5994 
   00939    0.3978   -2839.0145  0.5986 
   00940    0.3922   -2858.0793  0.6039 
   00941    0.4033   -2809.8344  0.6036 
   00942    0.4089   -2769.0293  0.6020 
   00943    0.4178   -2795.6670  0.6153 
   00944    0.4367   -2771.6814  0.6156 
   00945    0.4044   -2791.2040  0.6328 
   00946    0.4133   -2829.5468  0.6233 
   00947    0.3900   -2875.7522  0.6224 
   00948    0.3822   -2858.7308  0.6131 
   00949    0.3956   -2828.1394  0.5968 
   00950    0.4056   -2829.4532  0.5938 
   00951    0.4156   -2835.5811  0.5861 
   00952    0.4256   -2856.2955  0.6043 
   00953    0.3978   -2855.2472  0.6126 
   00954    0.3867   -2844.9946  0.6062 
   00955    0.3789   -2816.0634  0.5907 
   00956    0.4144   -2828.7287  0.5939 
   00957    0.3967   -2892.0017  0.6026 
   00958    0.4156   -2876.4116  0.5935 
   00959    0.4089   -2868.3024  0.6032 
   00960    0.3989   -2834.3962  0.5947 
   00961    0.4067   -2810.8964  0.5814 
   00962    0.4111   -2773.3084  0.5755 
   00963    0.4167   -2794.4941  0.5820 
   00964    0.3978   -2828.0176  0.5841 
   00965    0.4044   -2827.4083  0.5787 
   00966    0.4067   -2811.4304  0.5813 
   00967    0.3944   -2807.3340  0.5798 
   00968    0.4011   -2818.6483  0.5772 
   00969    0.3944   -2845.0000  0.5797 
   00970    0.3933   -2837.1731  0.5878 
   00971    0.4033   -2890.0944  0.5898 
   00972    0.4044   -2886.8376  0.5914 
   00973    0.3889   -2870.3938  0.5944 
   00974    0.3944   -2859.8954  0.6034 
   00975    0.4033   -2855.2135  0.6095 
   00976    0.4067   -2852.4251  0.6077 
   00977    0.4244   -2830.4396  0.5941 
   00978    0.4356   -2830.0818  0.5964 
   00979    0.4067   -2848.5279  0.5981 
   00980    0.4078   -2840.8817  0.5951 
   00981    0.4200   -2843.7540  0.5950 
   00982    0.4044   -2870.3745  0.6076 
   00983    0.3878   -2894.6152  0.6157 
   00984    0.4256   -2896.1891  0.6223 
   00985    0.3978   -2887.2645  0.6378 
   00986    0.3867   -2875.9585  0.6313 
   00987    0.3922   -2887.8267  0.6277 
   00988    0.4089   -2857.9539  0.6233 
   00989    0.3933   -2847.1535  0.6187 
   00990    0.4078   -2842.9033  0.6157 
   00991    0.4200   -2840.6840  0.6127 
   00992    0.4156   -2877.0426  0.6131 
   00993    0.4067   -2879.8153  0.6053 
   00994    0.4233   -2887.1409  0.6031 
   00995    0.3900   -2866.6948  0.5977 
   00996    0.4044   -2909.4044  0.6083 
   00997    0.3567   -2907.4886  0.6027 
   00998    0.4122   -2887.9776  0.5978 
   00999    0.4011   -2885.2614  0.6048 
   01000    0.3944   -2903.1506  0.6089 
