#=====================================================
# File created:        Sat-14-Feb-2026-at-04-05-14PM
# Size of lattice:     40x40
# Number of MC steps:  1000
# Reduced temperature: 0.650
# Run time (s):        28.423108
#=====================================================
# MC step:  Ratio:     Energy:   Order:
#=====================================================
   00000    0.5000   -1553.9911  0.2766 
   00001    0.6787   -2338.4569  0.2811 
   00002    0.6119   -2869.3668  0.3111 
   00003    0.5781   -3077.7887  0.3195 
   00004    0.5663   -3417.2841  0.3465 
   00005    0.5194   -3609.8507  0.3556 
   00006    0.5150   -3766.6863  0.3691 
   00007    0.4656   -3947.7841  0.3710 
   00008    0.4981   -4072.5619  0.3644 
   00009    0.4744   -4151.6596  0.3776 
   00010    0.4819   -4254.6855  0.3738 
   00011    0.4675   -4293.3417  0.3831 
   00012    0.4650   -4304.2378  0.3880 
   00013    0.4500   -4378.6610  0.3863 
   00014    0.4575   -4393.0830  0.3862 
   00015    0.4469   -4424.9850  0.3954 
   00016    0.4500   -4392.6111  0.3939 
   00017    0.4375   -4409.5789  0.4001 
   00018    0.4319   -4475.2485  0.4062 
   00019    0.4688   -4462.2057  0.4099 
   00020    0.4556   -4500.9006  0.4137 
   00021    0.4619   -4571.8839  0.4257 
   00022    0.4300   -4590.6288  0.4202 
   00023    0.4325   -4619.0897  0.4268 
   00024    0.4387   -4629.6396  0.4274 
   00025    0.4263   -4611.3563  0.4335 
   00026    0.4437   -4653.3340  0.4313 
   00027    0.4256   -4652.4664  0.4398 
   00028    0.4194   -4695.1013  0.4447 
   00029    0.4263   -4705.1227  0.4401 
   00030    0.4338   -4727.2495  0.4500 
   00031    0.4062   -4718.8226  0.4554 
   00032    0.4225   -4724.7293  0.4544 
   00033    0.4319   -4717.7596  0.4606 
   00034    0.4356   -4705.4127  0.4683 
   00035    0.4113   -4735.4840  0.4835 
   00036    0.4319   -4747.1665  0.4855 
   00037    0.4088   -4767.6101  0.4887 
   00038    0.4269   -4759.1142  0.4792 
   00039    0.4294   -4765.2986  0.4822 
   00040    0.4219   -4787.2808  0.4858 
   00041    0.4119   -4806.5386  0.4910 
   00042    0.4375   -4859.9930  0.4938 
   00043    0.4325   -4827.8966  0.4917 
   00044    0.4356   -4814.1746  0.4929 
   00045    0.4412   -4826.9935  0.4894 
   00046    0.4225   -4806.1610  0.4915 
   00047    0.4313   -4865.6881  0.4976 
   00048    0.4219   -4850.9608  0.5008 
   00049    0.4294   -4873.6448  0.5158 
   00050    0.4194   -4893.2529  0.5289 
   00051    0.3937   -4926.1315  0.5432 
   00052    0.4200   -4878.8752  0.5407 
   00053    0.4150   -4893.9597  0.5634 
   00054    0.4219   -4881.6658  0.5660 
   00055    0.4194   -4937.4922  0.5654 
   00056    0.4012   -4953.7472  0.5671 
   00057    0.4019   -4944.0312  0.5693 
   00058    0.4194   -4939.2048  0.5678 
   00059    0.4119   -4938.7496  0.5654 
   00060    0.4156   -4986.5082  0.5711 
   00061    0.4019   -4961.4895  0.5736 
   00062    0.4250   -4926.4536  0.5731 
   00063    0.3969   -4954.4617  0.5742 
   00064    0.4275   -4912.2120  0.5759 
   00065    0.4356   -4892.8115  0.5843 
   00066    0.4100   -4860.1205  0.5905 
   00067    0.4275   -4911.7097  0.6019 
   00068    0.3981   -4936.4690  0.6013 
   00069    0.4375   -4969.4381  0.6035 
   00070    0.4081   -4946.5595  0.6024 
   00071    0.4069   -4976.1520  0.6063 
   00072    0.4206   -4961.5649  0.6112 
   00073    0.3969   -4965.5026  0.6157 
   00074    0.4206   -4956.1027  0.6220 
   00075    0.4062   -4986.1778  0.6237 
   00076    0.4213   -4995.5455  0.6280 
   00077    0.3887   -5025.7586  0.6303 
   00078    0.4056   -4962.5351  0.6221 
   00079    0.3975   -4974.6073  0.6273 
   00080    0.4088   -4982.1750  0.6264 
   00081    0.4069   -5002.3187  0.6349 
   00082    0.4062   -5014.0343  0.6371 
   00083    0.3944   -4951.9180  0.6395 
   00084    0.4131   -4952.1366  0.6405 
   00085    0.3850   -4941.6415  0.6331 
   00086    0.4025   -4934.7401  0.6309 
   00087    0.3912   -4979.6364  0.6277 
   00088    0.3925   -5007.8450  0.6319 
   00089    0.3856   -4979.8844  0.6380 
   00090    0.3937   -4996.2602  0.6347 
   00091    0.3912   -5007.2266  0.6359 
   00092    0.4150   -5034.9305  0.6327 
   00093    0.4113   -5027.2659  0.6374 
   00094    0.4219   -4954.7084  0.6368 
   00095    0.3875   -4973.9653  0.6405 
   00096    0.3937   -4973.7849  0.6293 
   00097    0.3912   -4993.9790  0.6224 
   00098    0.3725   -4970.5053  0.6212 
   00099    0.4062   -4961.5103  0.6259 
   00100    0.4194   -4949.4058  0.6247 
   00101    0.4144   -4990.6704  0.6231 
   00102    0.4138   -5025.7826  0.6248 
   00103    0.4231   -4943.0746  0.6248 
   00104    0.4188   -4945.3278  0.6240 
   00105    0.4000   -4960.4317  0.6238 
   00106    0.4056   -5042.4075  0.6270 
   00107    0.3919   -5004.0320  0.6272 
   00108    0.4094   -4963.3777  0.6229 
   00109    0.4062   -4999.0400  0.6257 
   00110    0.4119   -5011.6343  0.6270 
   00111    0.4106   -4994.3619  0.6184 
   00112    0.4069   -5017.7823  0.6185 
   00113    0.3912   -5049.5455  0.6154 
   00114    0.3975   -5078.5163  0.6219 
   00115    0.4238   -4997.1320  0.6277 
   00116    0.4150   -5016.5319  0.6316 
   00117    0.4075   -5038.3240  0.6258 
   00118    0.4094   -4994.4651  0.6304 
   00119    0.4031   -4957.6084  0.6305 
   00120    0.4012   -4982.4078  0.6252 
   00121    0.4200   -5036.6490  0.6360 
   00122    0.4088   -5038.5012  0.6405 
   00123    0.4062   -5072.0062  0.6539 
   00124    0.3869   -5105.7071  0.6582 
   00125    0.3962   -5093.1571  0.6571 
   00126    0.3906   -5103.9194  0.6590 
   00127    0.4131   -5142.9637  0.6693 
   00128    0.3856   -5112.0667  0.6749 
   00129    0.4006   -5115.2589  0.6828 
   00130    0.4094   -5110.4502  0.6808 
   00131    0.4081   -5119.0758  0.6839 
   00132    0.3750   -5176.7777  0.6859 
   00133    0.3931   -5169.9116  0.6857 
   00134    0.3925   -5117.6028  0.6824 
   00135    0.3969   -5117.6436  0.6838 
   00136    0.4238   -5125.9105  0.6822 
   00137    0.4044   -5104.7107  0.6786 
   00138    0.3937   -5138.0146  0.6664 
   00139    0.4256   -5149.6400  0.6730 
   00140    0.3856   -5133.6085  0.6669 
   00141    0.3812   -5133.1329  0.6668 
   00142    0.4113   -5112.5296  0.6645 
   00143    0.3906   -5111.5543  0.6652 
   00144    0.3844   -5104.4421  0.6644 
   00145    0.4181   -5073.3095  0.6592 
   00146    0.3925   -5063.5919  0.6614 
   00147    0.4150   -5082.7387  0.6702 
   00148    0.4156   -5094.7893  0.6752 
   00149    0.4163   -5066.3180  0.6677 
   00150    0.3950   -5112.9775  0.6816 
   00151    0.3950   -5111.0011  0.6861 
   00152    0.3787   -5098.3557  0.6871 
   00153    0.4062   -5097.1126  0.6867 
   00154    0.4363   -5050.7825  0.6804 
   00155    0.4000   -5068.9790  0.6859 
   00156    0.4375   -5057.6416  0.6818 
   00157    0.4050   -5012.5697  0.6754 
   00158    0.4094   -5064.6689  0.6771 
   00159    0.3812   -5065.6457  0.6807 
   00160    0.4037   -5037.1470  0.6823 
   00161    0.4100   -4947.4955  0.6850 
   00162    0.4094   -4966.7288  0.6879 
   00163    0.4319   -4983.2151  0.6885 
   00164    0.3906   -5000.4595  0.6884 
   00165    0.4200   -5014.1154  0.6883 
   00166    0.3800   -4969.1564  0.6925 
   00167    0.4019   -4983.7233  0.6994 
   00168    0.4294   -5021.0833  0.6984 
   00169    0.4175   -5072.9214  0.7041 
   00170    0.3975   -5064.1106  0.7035 
   00171    0.4050   -5106.3304  0.7065 
   00172    0.4144   -5127.0753  0.7062 
   00173    0.4188   -5122.8733  0.7071 
   00174    0.4031   -5092.5024  0.7069 
   00175    0.4113   -5071.7952  0.7152 
   00176    0.4019   -5109.6006  0.7196 
   00177    0.4012   -5093.6397  0.7199 
   00178    0.4094   -5069.0754  0.7207 
   00179    0.3919   -5044.2406  0.7158 
   00180    0.4131   -5099.4419  0.7224 
   00181    0.3875   -5111.4565  0.7260 
   00182    0.3894   -5120.1827  0.7270 
   00183    0.3819   -5100.4993  0.7235 
   00184    0.4219   -5067.7847  0.7240 
   00185    0.3900   -5111.2432  0.7230 
   00186    0.3694   -5151.5104  0.7348 
   00187    0.3987   -5174.3560  0.7393 
   00188    0.4150   -5197.1023  0.7409 
   00189    0.3856   -5177.5796  0.7435 
   00190    0.4025   -5117.3303  0.7390 
   00191    0.4075   -5071.3567  0.7336 
   00192    0.4069   -5050.7554  0.7237 
   00193    0.4075   -5102.9677  0.7284 
   00194    0.3919   -5111.3918  0.7345 
   00195    0.4037   -5094.5848  0.7325 
   00196    0.3900   -5102.7533  0.7336 
   00197    0.3987   -5120.5651  0.7324 
   00198    0.4094   -5143.2774  0.7365 
   00199    0.3744   -5197.9689  0.7426 
   00200    0.4062   -5142.8883  0.7367 
   00201    0.3837   -5095.3880  0.7303 
   00202    0.3981   -5050.6634  0.7286 
   00203    0.3937   -5078.8058  0.7254 
   00204    0.4194   -5109.6917  0.7283 
   00205    0.4275   -5126.5172  0.7300 
   00206    0.4069   -5140.8224  0.7317 
   00207    0.3925   -5167.0320  0.7337 
   00208    0.3962   -5141.0731  0.7418 
   00209    0.3856   -5186.7265  0.7436 
   00210    0.4175   -5173.0861  0.7462 
   00211    0.4088   -5170.9405  0.7444 
   00212    0.3844   -5172.4309  0.7427 
   00213    0.3919   -5166.0586  0.7382 
   00214    0.4025   -5168.4150  0.7413 
   00215    0.3937   -5193.0225  0.7439 
   00216    0.3806   -5186.9010  0.7483 
   00217    0.3875   -5141.5298  0.7407 
   00218    0.4050   -5130.4640  0.7375 
   00219    0.4037   -5139.3715  0.7371 
   00220    0.4113   -5134.5219  0.7401 
   00221    0.3994   -5147.8778  0.7392 
   00222    0.4019   -5131.2673  0.7391 
   00223    0.3894   -5134.0954  0.7336 
   00224    0.3887   -5132.8435  0.7318 
   00225    0.4175   -5134.5661  0.7377 
   00226    0.4169   -5157.3557  0.7413 
   00227    0.3906   -5216.1272  0.7411 
   00228    0.3944   -5204.6351  0.7415 
   00229    0.3650   -5172.4087  0.7438 
   00230    0.3919   -5132.5682  0.7411 
   00231    0.4000   -5139.5117  0.7374 
   00232    0.4175   -5113.4127  0.7448 
   00233    0.4062   -5102.1959  0.7415 
   00234    0.3825   -5126.4556  0.7432 
   00235    0.4256   -5115.1963  0.7322 
   00236    0.4069   -5185.6419  0.7474 
   00237    0.3837   -5137.0542  0.7489 
   00238    0.4175   -5146.0948  0.7462 
   00239    0.4131   -5100.1097  0.7286 
   00240    0.4019   -5142.5942  0.7312 
   00241    0.3869   -5155.5906  0.7315 
   00242    0.4081   -5116.6135  0.7289 
   00243    0.3969   -5142.5853  0.7301 
   00244    0.4006   -5128.4326  0.7278 
   00245    0.4300   -5153.7961  0.7390 
   00246    0.3875   -5180.6227  0.7416 
   00247    0.3931   -5177.2406  0.7430 
   00248    0.3994   -5137.8439  0.7399 
   00249    0.3825   -5130.8558  0.7429 
   00250    0.4025   -5114.7061  0.7349 
   00251    0.4062   -5075.7796  0.7315 
   00252    0.4006   -5076.8701  0.7356 
   00253    0.4088   -5094.0161  0.7374 
   00254    0.3981   -5098.7430  0.7444 
   00255    0.4050   -5096.6251  0.7463 
   00256    0.4037   -5108.4432  0.7543 
   00257    0.4000   -5136.9786  0.7513 
   00258    0.4025   -5113.7732  0.7484 
   00259    0.3856   -5106.8808  0.7499 
   00260    0.4000   -5118.3215  0.7484 
   00261    0.4019   -5105.7062  0.7517 
   00262    0.3969   -5073.4706  0.7446 
   00263    0.3944   -5072.2802  0.7497 
   00264    0.3875   -5079.6570  0.7570 
   00265    0.3762   -5060.5544  0.7578 
   00266    0.4100   -5087.1489  0.7588 
   00267    0.3981   -5090.6485  0.7593 
   00268    0.3944   -5103.3081  0.7508 
   00269    0.3694   -5070.8239  0.7539 
   00270    0.4075   -5146.7171  0.7620 
   00271    0.4069   -5061.5386  0.7604 
   00272    0.3994   -5087.1026  0.7666 
   00273    0.4125   -5130.3020  0.7743 
   00274    0.4069   -5151.1136  0.7812 
   00275    0.4219   -5188.7445  0.7777 
   00276    0.3831   -5189.8260  0.7739 
   00277    0.4012   -5169.5751  0.7755 
   00278    0.4012   -5164.7810  0.7785 
   00279    0.4219   -5179.3518  0.7752 
   00280    0.3869   -5125.4532  0.7707 
   00281    0.3944   -5097.9896  0.7692 
   00282    0.3819   -5090.6316  0.7718 
   00283    0.4281   -5076.2315  0.7693 
   00284    0.3912   -5088.2091  0.7698 
   00285    0.4006   -5129.8536  0.7799 
   00286    0.3906   -5100.9905  0.7796 
   00287    0.4106   -5106.0255  0.7812 
   00288    0.3806   -5092.0374  0.7786 
   00289    0.3962   -5128.9532  0.7779 
   00290    0.4213   -5152.5380  0.7910 
   00291    0.3931   -5146.1159  0.7820 
   00292    0.3956   -5132.3977  0.7831 
   00293    0.3944   -5136.7701  0.7889 
   00294    0.3994   -5135.0431  0.7884 
   00295    0.3962   -5170.3522  0.7902 
   00296    0.3844   -5166.9161  0.7917 
   00297    0.4006   -5164.7958  0.7834 
   00298    0.4169   -5168.5922  0.7887 
   00299    0.4088   -5183.3371  0.7901 
   00300    0.3944   -5204.1869  0.7890 
   00301    0.3937   -5203.3063  0.7883 
   00302    0.4012   -5166.6107  0.7879 
   00303    0.4094   -5159.2200  0.7903 
   00304    0.4206   -5166.2469  0.7915 
   00305    0.4069   -5212.5856  0.7940 
   00306    0.3894   -5162.7891  0.7895 
   00307    0.3894   -5137.1845  0.7895 
   00308    0.3837   -5152.0538  0.7848 
   00309    0.3931   -5158.3608  0.7838 
   00310    0.3912   -5167.2556  0.7834 
   00311    0.4056   -5136.5925  0.7790 
   00312    0.3975   -5132.8105  0.7757 
   00313    0.3994   -5055.1538  0.7645 
   00314    0.3794   -5071.5431  0.7632 
   00315    0.4194   -5088.0861  0.7666 
   00316    0.4125   -5081.4652  0.7633 
   00317    0.4231   -5081.5113  0.7648 
   00318    0.4125   -5093.2077  0.7654 
   00319    0.4163   -5097.5588  0.7693 
   00320    0.4012   -5107.9988  0.7715 
   00321    0.4019   -5046.6889  0.7663 
   00322    0.3912   -5011.3718  0.7644 
   00323    0.4363   -5100.6257  0.7667 
   00324    0.4025   -5071.2980  0.7648 
   00325    0.4175   -5135.9752  0.7676 
   00326    0.3875   -5152.3633  0.7725 
   00327    0.3906   -5219.8373  0.7808 
   00328    0.3912   -5161.0414  0.7810 
   00329    0.3894   -5135.9513  0.7760 
   00330    0.4194   -5108.9095  0.7767 
   00331    0.4012   -5108.0021  0.7747 
   00332    0.4044   -5091.9197  0.7747 
   00333    0.3894   -5061.9042  0.7701 
   00334    0.4288   -5064.8462  0.7671 
   00335    0.4106   -5076.3890  0.7684 
   00336    0.4163   -5074.5581  0.7611 
   00337    0.3975   -5062.0406  0.7540 
   00338    0.3812   -5023.2713  0.7561 
   00339    0.4088   -5040.5426  0.7625 
   00340    0.4081   -5069.3863  0.7643 
   00341    0.4075   -5101.4482  0.7610 
   00342    0.4037   -5063.5739  0.7648 
   00343    0.3881   -5099.1638  0.7633 
   00344    0.3875   -5124.1625  0.7663 
   00345    0.4300   -5085.5955  0.7674 
   00346    0.3956   -5089.9024  0.7668 
   00347    0.4106   -5125.2464  0.7663 
   00348    0.4244   -5096.0655  0.7624 
   00349    0.3944   -5147.5790  0.7680 
   00350    0.4188   -5114.1879  0.7626 
   00351    0.4263   -5170.0301  0.7736 
   00352    0.4138   -5096.1671  0.7586 
   00353    0.4219   -5094.7900  0.7564 
   00354    0.4106   -5184.3837  0.7637 
   00355    0.3994   -5182.8296  0.7689 
   00356    0.4131   -5164.9966  0.7695 
   00357    0.4037   -5184.6241  0.7722 
   00358    0.3975   -5134.4314  0.7693 
   00359    0.3987   -5141.1803  0.7696 
   00360    0.3937   -5122.9362  0.7696 
   00361    0.3906   -5084.6256  0.7638 
   00362    0.4012   -5135.3008  0.7661 
   00363    0.4175   -5129.1329  0.7695 
   00364    0.4213   -5146.2066  0.7768 
   00365    0.3856   -5217.7190  0.7829 
   00366    0.3850   -5165.6446  0.7774 
   00367    0.4019   -5136.2076  0.7710 
   00368    0.4081   -5146.1519  0.7713 
   00369    0.4006   -5107.6026  0.7603 
   00370    0.4256   -5079.1170  0.7628 
   00371    0.4012   -5160.3624  0.7685 
   00372    0.3931   -5133.3130  0.7652 
   00373    0.4069   -5118.7692  0.7632 
   00374    0.3912   -5139.4136  0.7662 
   00375    0.4100   -5123.1173  0.7677 
   00376    0.4044   -5168.9891  0.7675 
   00377    0.4000   -5129.1306  0.7688 
   00378    0.3956   -5135.8483  0.7715 
   00379    0.3900   -5157.3432  0.7768 
   00380    0.3981   -5168.8831  0.7760 
   00381    0.4050   -5209.0738  0.7800 
   00382    0.4081   -5192.3898  0.7760 
   00383    0.3969   -5171.5801  0.7715 
   00384    0.3950   -5177.2845  0.7813 
   00385    0.3987   -5190.1951  0.7836 
   00386    0.3894   -5188.0015  0.7791 
   00387    0.4044   -5189.2586  0.7800 
   00388    0.4213   -5164.3878  0.7855 
   00389    0.4031   -5167.2229  0.7857 
   00390    0.3881   -5182.5766  0.7872 
   00391    0.3956   -5168.2451  0.7801 
   00392    0.3937   -5202.1451  0.7807 
   00393    0.3987   -5185.7942  0.7827 
   00394    0.3931   -5184.1673  0.7878 
   00395    0.3937   -5173.7166  0.7835 
   00396    0.3719   -5171.1019  0.7796 
   00397    0.4144   -5164.4327  0.7787 
   00398    0.3912   -5151.5248  0.7764 
   00399    0.3944   -5180.2499  0.7805 
   00400    0.4037   -5143.8254  0.7768 
   00401    0.3900   -5151.7043  0.7796 
   00402    0.3994   -5177.4106  0.7842 
   00403    0.3950   -5163.1132  0.7908 
   00404    0.3819   -5189.5644  0.7946 
   00405    0.4138   -5192.8284  0.7860 
   00406    0.4006   -5133.8101  0.7842 
   00407    0.3819   -5184.8776  0.7898 
   00408    0.3956   -5219.9254  0.7945 
   00409    0.4138   -5197.7186  0.7919 
   00410    0.4075   -5217.5261  0.7922 
   00411    0.3931   -5232.3292  0.7945 
   00412    0.4031   -5271.2791  0.7948 
   00413    0.4056   -5220.7279  0.7870 
   00414    0.3844   -5219.8331  0.7845 
   00415    0.3875   -5204.1169  0.7860 
   00416    0.3950   -5187.5076  0.7816 
   00417    0.4188   -5183.3851  0.7785 
   00418    0.3912   -5184.3299  0.7716 
   00419    0.3912   -5177.2872  0.7758 
   00420    0.3775   -5214.3480  0.7750 
   00421    0.3688   -5218.0060  0.7703 
   00422    0.4175   -5185.0119  0.7741 
   00423    0.3950   -5135.0232  0.7714 
   00424    0.4056   -5158.9104  0.7722 
   00425    0.3750   -5171.7543  0.7750 
   00426    0.4025   -5196.8699  0.7788 
   00427    0.3969   -5206.2642  0.7803 
   00428    0.3794   -5226.5573  0.7792 
   00429    0.3894   -5240.2963  0.7874 
   00430    0.3975   -5197.0322  0.7864 
   00431    0.3919   -5189.0374  0.7796 
   00432    0.4069   -5179.4774  0.7765 
   00433    0.4025   -5189.0961  0.7788 
   00434    0.3850   -5218.7603  0.7841 
   00435    0.3912   -5166.4936  0.7841 
   00436    0.3994   -5196.2445  0.7855 
   00437    0.4194   -5183.3656  0.7868 
   00438    0.3956   -5204.3925  0.7870 
   00439    0.3881   -5257.2939  0.7872 
   00440    0.3650   -5229.8442  0.7745 
   00441    0.3925   -5226.7878  0.7793 
   00442    0.4069   -5236.8335  0.7747 
   00443    0.4012   -5201.3269  0.7685 
   00444    0.4106   -5162.2156  0.7666 
   00445    0.3912   -5153.5637  0.7672 
   00446    0.3956   -5131.6065  0.7699 
   00447    0.4175   -5084.0846  0.7637 
   00448    0.3981   -5146.7997  0.7687 
   00449    0.3944   -5179.0198  0.7703 
   00450    0.3875   -5191.9639  0.7666 
   00451    0.4000   -5183.4963  0.7617 
   00452    0.4088   -5135.7496  0.7644 
   00453    0.4113   -5118.9796  0.7599 
   00454    0.4131   -5087.4050  0.7659 
   00455    0.3962   -5110.4453  0.7673 
   00456    0.4075   -5165.9729  0.7703 
   00457    0.3706   -5258.4878  0.7809 
   00458    0.3937   -5255.0269  0.7806 
   00459    0.4131   -5250.2359  0.7841 
   00460    0.3962   -5219.4986  0.7834 
   00461    0.3925   -5236.4757  0.7908 
   00462    0.3944   -5248.3107  0.7904 
   00463    0.3956   -5233.9671  0.7937 
   00464    0.3881   -5205.0030  0.7938 
   00465    0.3706   -5184.3298  0.7921 
   00466    0.4044   -5220.0650  0.7912 
   00467    0.3825   -5239.2112  0.7968 
   00468    0.3812   -5187.5020  0.7936 
   00469    0.4113   -5229.4297  0.7788 
   00470    0.3819   -5183.4914  0.7764 
   00471    0.3944   -5183.8860  0.7722 
   00472    0.3769   -5168.8028  0.7665 
   00473    0.3981   -5193.0783  0.7745 
   00474    0.4138   -5203.8971  0.7820 
   00475    0.3956   -5230.5937  0.7864 
   00476    0.4119   -5250.7079  0.7848 
   00477    0.3769   -5178.5577  0.7750 
   00478    0.3994   -5164.7888  0.7771 
   00479    0.4050   -5129.7287  0.7757 
   00480    0.3925   -5156.5293  0.7830 
   00481    0.4081   -5063.5712  0.7738 
   00482    0.3975   -5106.3524  0.7739 
   00483    0.4131   -5084.0937  0.7798 
   00484    0.4200   -5085.4203  0.7766 
   00485    0.4019   -5130.8061  0.7741 
   00486    0.4050   -5138.7840  0.7796 
   00487    0.3900   -5174.6785  0.7866 
   00488    0.3944   -5177.7350  0.7838 
   00489    0.4006   -5177.7607  0.7859 
   00490    0.4069   -5210.5779  0.7826 
   00491    0.4006   -5150.6148  0.7747 
   00492    0.4081   -5176.9022  0.7811 
   00493    0.3825   -5216.0465  0.7872 
   00494    0.4144   -5213.3358  0.7884 
   00495    0.3881   -5209.5188  0.7890 
   00496    0.3900   -5165.7309  0.7906 
   00497    0.3819   -5133.1409  0.7941 
   00498    0.4088   -5113.1506  0.7996 
   00499    0.4081   -5125.5230  0.7966 
   00500    0.4113   -5183.4798  0.8027 
   00501    0.3950   -5199.5241  0.8002 
   00502    0.3969   -5151.2212  0.7937 
   00503    0.4056   -5088.9910  0.7906 
   00504    0.3881   -5096.2675  0.7814 
   00505    0.4006   -5069.6367  0.7733 
   00506    0.4000   -5090.4818  0.7754 
   00507    0.3900   -5095.7466  0.7742 
   00508    0.4244   -5056.0354  0.7724 
   00509    0.4150   -5047.1757  0.7701 
   00510    0.3869   -5061.0329  0.7675 
   00511    0.3894   -5123.0754  0.7731 
   00512    0.4175   -5122.1963  0.7813 
   00513    0.3844   -5120.4682  0.7739 
   00514    0.4125   -5131.0769  0.7788 
   00515    0.3969   -5101.1236  0.7819 
   00516    0.4006   -5094.3454  0.7849 
   00517    0.3925   -5096.2456  0.7845 
   00518    0.3881   -5116.3011  0.7723 
   00519    0.4131   -5101.4311  0.7661 
   00520    0.4094   -5084.4879  0.7640 
   00521    0.4075   -5046.3861  0.7691 
   00522    0.3987   -5085.4207  0.7728 
   00523    0.3894   -5105.6411  0.7789 
   00524    0.3969   -5099.7039  0.7776 
   00525    0.3787   -5118.2908  0.7797 
   00526    0.3981   -5097.8579  0.7727 
   00527    0.4181   -5120.0281  0.7761 
   00528    0.3862   -5121.7639  0.7670 
   00529    0.4144   -5163.7380  0.7679 
   00530    0.4156   -5103.4036  0.7633 
   00531    0.4050   -5112.3459  0.7676 
   00532    0.3912   -5079.0561  0.7642 
   00533    0.3812   -5143.4481  0.7702 
   00534    0.3925   -5152.6064  0.7693 
   00535    0.3881   -5155.3893  0.7695 
   00536    0.3894   -5155.1974  0.7680 
   00537    0.4113   -5107.8637  0.7587 
   00538    0.4081   -5137.7992  0.7567 
   00539    0.3869   -5157.4263  0.7554 
   00540    0.4106   -5117.1666  0.7536 
   00541    0.3987   -5098.8639  0.7454 
   00542    0.4006   -5137.4339  0.7521 
   00543    0.4050   -5155.4476  0.7475 
   00544    0.4000   -5211.6592  0.7513 
   00545    0.4000   -5203.0127  0.7494 
   00546    0.4150   -5210.7563  0.7567 
   00547    0.4006   -5218.7738  0.7621 
   00548    0.3962   -5199.9115  0.7564 
   00549    0.4106   -5174.5554  0.7483 
   00550    0.3887   -5155.8804  0.7512 
   00551    0.4044   -5149.7363  0.7586 
   00552    0.4025   -5098.4040  0.7560 
   00553    0.4131   -5173.2202  0.7642 
   00554    0.4019   -5211.0889  0.7693 
   00555    0.3887   -5175.5772  0.7604 
   00556    0.4019   -5147.3424  0.7536 
   00557    0.4025   -5129.6416  0.7461 
   00558    0.3812   -5162.2407  0.7471 
   00559    0.3831   -5173.1254  0.7434 
   00560    0.4019   -5153.2226  0.7398 
   00561    0.4037   -5144.4520  0.7321 
   00562    0.4037   -5136.8609  0.7338 
   00563    0.4081   -5089.1127  0.7276 
   00564    0.3856   -5091.3378  0.7300 
   00565    0.3962   -5125.0798  0.7373 
   00566    0.3912   -5125.9653  0.7371 
   00567    0.3725   -5106.4074  0.7304 
   00568    0.3950   -5035.5218  0.7248 
   00569    0.4062   -5051.3126  0.7206 
   00570    0.3969   -5042.4276  0.7243 
   00571    0.4081   -5047.4163  0.7199 
   00572    0.3887   -5052.6341  0.7232 
   00573    0.4194   -5033.6515  0.7221 
   00574    0.3900   -5060.9177  0.7229 
   00575    0.4144   -5087.9887  0.7194 
   00576    0.4012   -5119.1993  0.7219 
   00577    0.4012   -5118.0948  0.7227 
   00578    0.4019   -5109.9674  0.7330 
   00579    0.3819   -5113.5883  0.7367 
   00580    0.4225   -5139.9509  0.7341 
   00581    0.3862   -5161.1595  0.7377 
   00582    0.4125   -5177.3713  0.7400 
   00583    0.3625   -5174.3272  0.7434 
   00584    0.3787   -5159.2909  0.7433 
   00585    0.3850   -5196.3054  0.7443 
   00586    0.3731   -5191.1844  0.7489 
   00587    0.3850   -5112.9324  0.7402 
   00588    0.4219   -5083.8569  0.7429 
   00589    0.4056   -5122.9022  0.7424 
   00590    0.4100   -5160.3229  0.7362 
   00591    0.4150   -5133.8160  0.7328 
   00592    0.4144   -5131.5735  0.7316 
   00593    0.3987   -5134.5608  0.7351 
   00594    0.4100   -5174.9215  0.7372 
   00595    0.3650   -5153.5192  0.7373 
   00596    0.4144   -5112.6148  0.7372 
   00597    0.4000   -5127.9906  0.7452 
   00598    0.4213   -5076.5222  0.7461 
   00599    0.4131   -5056.9652  0.7433 
   00600    0.4250   -5062.9166  0.7381 
   00601    0.4088   -5063.3790  0.7409 
   00602    0.3969   -5039.4324  0.7414 
   00603    0.4050   -5044.7937  0.7427 
   00604    0.4100   -5025.0696  0.7386 
   00605    0.4325   -5013.3728  0.7384 
   00606    0.3906   -5053.1124  0.7368 
   00607    0.4175   -5049.2874  0.7249 
   00608    0.3900   -5100.4996  0.7398 
   00609    0.3919   -5119.6815  0.7480 
   00610    0.3931   -5073.0410  0.7493 
   00611    0.4056   -5095.2209  0.7497 
   00612    0.3981   -5046.4189  0.7550 
   00613    0.3894   -5126.4002  0.7548 
   00614    0.3719   -5167.4642  0.7581 
   00615    0.3975   -5129.6023  0.7552 
   00616    0.3906   -5198.1757  0.7654 
   00617    0.3994   -5174.7010  0.7629 
   00618    0.3962   -5162.1372  0.7642 
   00619    0.4044   -5185.8139  0.7724 
   00620    0.3900   -5163.9060  0.7800 
   00621    0.4106   -5168.6195  0.7769 
   00622    0.4025   -5188.0379  0.7847 
   00623    0.3944   -5179.8862  0.7811 
   00624    0.4156   -5159.4246  0.7778 
   00625    0.4081   -5141.6408  0.7651 
   00626    0.3844   -5116.7950  0.7630 
   00627    0.3975   -5080.9705  0.7617 
   00628    0.3969   -5165.6233  0.7692 
   00629    0.4106   -5120.2537  0.7639 
   00630    0.4037   -5128.1470  0.7610 
   00631    0.4025   -5171.7324  0.7567 
   00632    0.3987   -5168.5745  0.7588 
   00633    0.3925   -5139.9988  0.7487 
   00634    0.4288   -5159.9168  0.7485 
   00635    0.3800   -5139.6476  0.7515 
   00636    0.3856   -5154.5177  0.7563 
   00637    0.3956   -5169.0819  0.7556 
   00638    0.3994   -5155.3556  0.7570 
   00639    0.4037   -5140.9877  0.7553 
   00640    0.3894   -5124.8426  0.7440 
   00641    0.4144   -5124.2852  0.7356 
   00642    0.4044   -5128.4323  0.7388 
   00643    0.4188   -5155.2317  0.7377 
   00644    0.4012   -5190.8878  0.7353 
   00645    0.3750   -5180.5964  0.7394 
   00646    0.4088   -5182.9061  0.7368 
   00647    0.3663   -5190.8121  0.7411 
   00648    0.3944   -5157.3835  0.7344 
   00649    0.4138   -5170.9768  0.7441 
   00650    0.4062   -5211.1092  0.7549 
   00651    0.4006   -5164.3450  0.7485 
   00652    0.3981   -5129.5629  0.7489 
   00653    0.4031   -5150.3312  0.7532 
   00654    0.3894   -5123.7741  0.7498 
   00655    0.3950   -5101.8224  0.7405 
   00656    0.4012   -5123.5578  0.7484 
   00657    0.4213   -5128.3939  0.7496 
   00658    0.3944   -5143.4188  0.7495 
   00659    0.4000   -5126.1472  0.7529 
   00660    0.4081   -5162.5218  0.7532 
   00661    0.4144   -5139.1451  0.7491 
   00662    0.4000   -5120.3908  0.7442 
   00663    0.3962   -5087.1800  0.7448 
   00664    0.3819   -5104.2883  0.7516 
   00665    0.3950   -5149.6834  0.7581 
   00666    0.4163   -5139.7633  0.7546 
   00667    0.3825   -5166.4683  0.7610 
   00668    0.4169   -5157.4938  0.7649 
   00669    0.3756   -5143.2534  0.7666 
   00670    0.4100   -5206.5312  0.7681 
   00671    0.4119   -5138.4577  0.7607 
   00672    0.4150   -5134.3372  0.7604 
   00673    0.4037   -5162.2050  0.7658 
   00674    0.3744   -5199.8458  0.7687 
   00675    0.4194   -5118.3544  0.7647 
   00676    0.3994   -5101.2659  0.7620 
   00677    0.4150   -5090.2203  0.7618 
   00678    0.4044   -5086.2485  0.7651 
   00679    0.3950   -5094.8812  0.7610 
   00680    0.4119   -5085.3803  0.7590 
   00681    0.3994   -5094.8529  0.7544 
   00682    0.4031   -5069.5140  0.7502 
   00683    0.4200   -5029.2636  0.7514 
   00684    0.4150   -5023.0015  0.7509 
   00685    0.3925   -5006.9374  0.7519 
   00686    0.4119   -5061.6992  0.7552 
   00687    0.4181   -5066.2388  0.7519 
   00688    0.4050   -5088.7120  0.7505 
   00689    0.3919   -5084.6535  0.7460 
   00690    0.3919   -5073.9673  0.7474 
   00691    0.4144   -5084.8959  0.7420 
   00692    0.4094   -5084.0787  0.7415 
   00693    0.3825   -5086.1300  0.7389 
   00694    0.4100   -5079.0897  0.7373 
   00695    0.3987   -5059.2399  0.7351 
   00696    0.4156   -5054.3942  0.7330 
   00697    0.3994   -5020.4806  0.7303 
   00698    0.4169   -5007.7370  0.7376 
   00699    0.4213   -5027.1323  0.7403 
   00700    0.4338   -5062.0114  0.7515 
   00701    0.4113   -5113.6244  0.7535 
   00702    0.3906   -5119.0682  0.7603 
   00703    0.3962   -5098.4358  0.7533 
   00704    0.3962   -5094.5771  0.7537 
   00705    0.3931   -5110.0042  0.7510 
   00706    0.4044   -5099.8215  0.7514 
   00707    0.4150   -5119.3035  0.7452 
   00708    0.4044   -5084.9053  0.7389 
   00709    0.3981   -5074.6788  0.7380 
   00710    0.4094   -5083.1751  0.7403 
   00711    0.3650   -5115.4705  0.7535 
   00712    0.4000   -5102.8232  0.7543 
   00713    0.4050   -5094.3894  0.7547 
   00714    0.3931   -5121.1603  0.7588 
   00715    0.4006   -5046.5889  0.7506 
   00716    0.3950   -5107.8777  0.7579 
   00717    0.4100   -5102.8236  0.7607 
   00718    0.4156   -5075.3862  0.7562 
   00719    0.3850   -5081.2463  0.7587 
   00720    0.4094   -5124.6294  0.7671 
   00721    0.3944   -5100.0753  0.7678 
   00722    0.4125   -5139.1812  0.7730 
   00723    0.3831   -5169.9923  0.7754 
   00724    0.4119   -5139.5303  0.7746 
   00725    0.4175   -5138.8256  0.7835 
   00726    0.3862   -5161.7509  0.7841 
   00727    0.3869   -5145.1822  0.7813 
   00728    0.3912   -5097.3583  0.7727 
   00729    0.3825   -5119.3077  0.7749 
   00730    0.4119   -5066.7699  0.7678 
   00731    0.3887   -5110.1997  0.7684 
   00732    0.4012   -5145.0191  0.7732 
   00733    0.4037   -5141.7630  0.7686 
   00734    0.4019   -5208.0701  0.7750 
   00735    0.3806   -5152.8894  0.7764 
   00736    0.3756   -5160.5149  0.7763 
   00737    0.3862   -5168.3334  0.7816 
   00738    0.4025   -5179.8129  0.7837 
   00739    0.4138   -5150.2108  0.7805 
   00740    0.4025   -5122.4509  0.7747 
   00741    0.3706   -5109.7497  0.7741 
   00742    0.3956   -5132.5874  0.7784 
   00743    0.3906   -5103.0243  0.7748 
   00744    0.4081   -5052.0997  0.7656 
   00745    0.4156   -5087.7034  0.7711 
   00746    0.3981   -5057.3388  0.7683 
   00747    0.3994   -5046.1767  0.7614 
   00748    0.4062   -5037.0710  0.7613 
   00749    0.4163   -5048.3638  0.7617 
   00750    0.3994   -5108.2700  0.7654 
   00751    0.3869   -5089.5073  0.7678 
   00752    0.3894   -5110.5787  0.7654 
   00753    0.4181   -5095.5036  0.7637 
   00754    0.3912   -5152.5578  0.7674 
   00755    0.4113   -5139.2087  0.7640 
   00756    0.4006   -5150.9549  0.7636 
   00757    0.3844   -5142.9896  0.7627 
   00758    0.4150   -5169.1763  0.7585 
   00759    0.3800   -5148.4752  0.7540 
   00760    0.3762   -5146.8114  0.7546 
   00761    0.3750   -5125.3828  0.7607 
   00762    0.3831   -5150.7754  0.7652 
   00763    0.3937   -5172.3744  0.7578 
   00764    0.3975   -5165.2474  0.7589 
   00765    0.4044   -5141.5070  0.7596 
   00766    0.3956   -5061.7046  0.7559 
   00767    0.4213   -5034.1331  0.7474 
   00768    0.4306   -5071.5518  0.7514 
   00769    0.3950   -5111.2330  0.7578 
   00770    0.3856   -5126.6654  0.7519 
   00771    0.3962   -5093.9212  0.7520 
   00772    0.3919   -5144.2934  0.7527 
   00773    0.4088   -5134.9715  0.7554 
   00774    0.4031   -5146.4196  0.7579 
   00775    0.3806   -5099.9143  0.7521 
   00776    0.4044   -5033.0181  0.7540 
   00777    0.3794   -5084.5410  0.7575 
   00778    0.4175   -5091.1154  0.7575 
   00779    0.4037   -5043.8755  0.7438 
   00780    0.4238   -5061.0242  0.7523 
   00781    0.4113   -5075.1795  0.7551 
   00782    0.4056   -5076.9854  0.7593 
   00783    0.4269   -5131.6696  0.7628 
   00784    0.3987   -5145.6728  0.7610 
   00785    0.3769   -5153.7720  0.7711 
   00786    0.4062   -5205.5480  0.7793 
   00787    0.3906   -5172.1201  0.7815 
   00788    0.4100   -5165.6708  0.7809 
   00789    0.3894   -5130.9878  0.7761 
   00790    0.3887   -5157.7831  0.7808 
   00791    0.3906   -5139.5854  0.7804 
   00792    0.4106   -5140.0866  0.7773 
   00793    0.3994   -5100.0743  0.7701 
   00794    0.3894   -5110.0049  0.7745 
   00795    0.3881   -5153.0540  0.7849 
   00796    0.4094   -5168.5915  0.7924 
   00797    0.4163   -5145.3082  0.7890 
   00798    0.3987   -5073.1280  0.7823 
   00799    0.4069   -5057.7205  0.7737 
   00800    0.3994   -5036.2329  0.7725 
   00801    0.4106   -5076.2471  0.7784 
   00802    0.4113   -5114.6771  0.7829 
   00803    0.3563   -5098.7981  0.7789 
   00804    0.4144   -5118.8006  0.7775 
   00805    0.4044   -5129.8759  0.7785 
   00806    0.3987   -5139.5262  0.7839 
   00807    0.4081   -5131.7503  0.7817 
   00808    0.3887   -5138.3142  0.7831 
   00809    0.3944   -5199.3365  0.7842 
   00810    0.3919   -5156.5845  0.7873 
   00811    0.3950   -5150.2857  0.7883 
   00812    0.3887   -5179.4845  0.7907 
   00813    0.3831   -5167.6359  0.7856 
   00814    0.3981   -5162.1878  0.7864 
   00815    0.3994   -5177.4900  0.7918 
   00816    0.3694   -5221.4189  0.7965 
   00817    0.3900   -5229.0158  0.7899 
   00818    0.3994   -5170.2740  0.7843 
   00819    0.4000   -5197.5644  0.7866 
   00820    0.3806   -5185.3673  0.7870 
   00821    0.3750   -5165.7024  0.7790 
   00822    0.4213   -5220.2725  0.7862 
   00823    0.3894   -5241.0054  0.7888 
   00824    0.3956   -5221.5243  0.7911 
   00825    0.4000   -5177.4495  0.7827 
   00826    0.4206   -5179.6354  0.7789 
   00827    0.4075   -5191.0061  0.7710 
   00828    0.4037   -5139.8094  0.7670 
   00829    0.4150   -5142.1286  0.7646 
   00830    0.3894   -5130.7355  0.7623 
   00831    0.4069   -5152.7030  0.7614 
   00832    0.3862   -5103.2738  0.7524 
   00833    0.3925   -5139.9578  0.7616 
   00834    0.3869   -5139.6716  0.7616 
   00835    0.3931   -5182.0522  0.7787 
   00836    0.4062   -5132.5581  0.7759 
   00837    0.3825   -5135.7987  0.7790 
   00838    0.3806   -5157.3244  0.7778 
   00839    0.4150   -5115.1182  0.7703 
   00840    0.4044   -5081.2760  0.7688 
   00841    0.4094   -5143.0098  0.7770 
   00842    0.4100   -5185.7222  0.7784 
   00843    0.3819   -5193.5702  0.7806 
   00844    0.3837   -5190.4750  0.7851 
   00845    0.3937   -5222.7452  0.7822 
   00846    0.3713   -5219.8428  0.7835 
   00847    0.4019   -5254.1002  0.7841 
   00848    0.3831   -5227.9012  0.7852 
   00849    0.4125   -5186.2260  0.7772 
   00850    0.3894   -5206.3350  0.7755 
   00851    0.3962   -5156.5107  0.7642 
   00852    0.3969   -5146.7272  0.7659 
   00853    0.4325   -5167.3654  0.7700 
   00854    0.4012   -5143.4057  0.7719 
   00855    0.4163   -5112.5617  0.7635 
   00856    0.3981   -5122.1458  0.7635 
   00857    0.3950   -5156.3882  0.7704 
   00858    0.3931   -5155.9296  0.7737 
   00859    0.3787   -5209.3831  0.7784 
   00860    0.3862   -5243.6466  0.7765 
   00861    0.3975   -5219.7992  0.7703 
   00862    0.3862   -5213.3502  0.7778 
   00863    0.3981   -5184.6532  0.7793 
   00864    0.3725   -5169.5430  0.7678 
   00865    0.3875   -5164.4155  0.7602 
   00866    0.3969   -5154.5152  0.7555 
   00867    0.4069   -5133.0345  0.7560 
   00868    0.3906   -5142.5002  0.7536 
   00869    0.4037   -5112.4574  0.7556 
   00870    0.3850   -5151.7289  0.7720 
   00871    0.4025   -5054.7785  0.7586 
   00872    0.4319   -5065.2968  0.7497 
   00873    0.4025   -5093.5267  0.7517 
   00874    0.3894   -5094.0820  0.7495 
   00875    0.3994   -5142.9583  0.7482 
   00876    0.3881   -5116.4851  0.7469 
   00877    0.3981   -5107.3762  0.7517 
   00878    0.4062   -5092.4419  0.7533 
   00879    0.3856   -5095.5180  0.7506 
   00880    0.3869   -5055.6728  0.7532 
   00881    0.4194   -5079.1409  0.7587 
   00882    0.4019   -5056.6955  0.7575 
   00883    0.4044   -5068.3014  0.7571 
   00884    0.4119   -5093.4954  0.7612 
   00885    0.3887   -5112.3553  0.7605 
   00886    0.4125   -5103.1139  0.7612 
   00887    0.3869   -5103.4541  0.7570 
   00888    0.3981   -5083.3016  0.7623 
   00889    0.3831   -5114.8287  0.7660 
   00890    0.4006   -5130.3797  0.7632 
   00891    0.3850   -5163.9501  0.7705 
   00892    0.4056   -5163.1075  0.7685 
   00893    0.4081   -5150.7060  0.7654 
   00894    0.4119   -5170.9965  0.7639 
   00895    0.3944   -5189.6738  0.7666 
   00896    0.4088   -5169.4695  0.7663 
   00897    0.3944   -5168.1212  0.7738 
   00898    0.4081   -5122.6770  0.7708 
   00899    0.4213   -5123.0013  0.7667 
   00900    0.4113   -5092.0759  0.7619 
   00901    0.4150   -5195.2852  0.7645 
   00902    0.3762   -5191.6134  0.7587 
   00903    0.3900   -5155.3866  0.7582 
   00904    0.4125   -5125.7939  0.7569 
   00905    0.4175   -5164.4436  0.7629 
   00906    0.3925   -5151.2121  0.7642 
   00907    0.3906   -5124.2115  0.7620 
   00908    0.3969   -5085.6033  0.7558 
   00909    0.4106   -5114.2126  0.7628 
   00910    0.3956   -5129.9942  0.7620 
   00911    0.3931   -5112.6079  0.7556 
   00912    0.3925   -5128.8059  0.7535 
   00913    0.4169   -5076.0679  0.7536 
   00914    0.4019   -5091.3313  0.7568 
   00915    0.3869   -5066.3241  0.7544 
   00916    0.4088   -5134.8390  0.7566 
   00917    0.4012   -5133.3852  0.7543 
   00918    0.3969   -5148.1799  0.7573 
   00919    0.4225   -5123.6156  0.7537 
   00920    0.4113   -5115.8334  0.7541 
   00921    0.3881   -5118.8879  0.7568 
   00922    0.3987   -5146.1704  0.7650 
   00923    0.3962   -5093.3656  0.7596 
   00924    0.3981   -5094.3834  0.7588 
   00925    0.3731   -5125.1417  0.7614 
   00926    0.3944   -5157.2798  0.7619 
   00927    0.3906   -5133.3257  0.7632 
   00928    0.3875   -5112.5065  0.7614 
   00929    0.3962   -5109.2728  0.7624 
   00930    0.3906   -5173.6008  0.7682 
   00931    0.3812   -5133.0618  0.7700 
   00932    0.4106   -5108.5295  0.7627 
   00933    0.3912   -5125.9875  0.7624 
   00934    0.4031   -5116.9531  0.7701 
   00935    0.4037   -5131.3708  0.7703 
   00936    0.3856   -5124.3678  0.7685 
   00937    0.4025   -5118.0930  0.7634 
   00938    0.4075   -5093.0540  0.7616 
   00939    0.4050   -5088.5133  0.7587 
   00940    0.4350   -5122.3890  0.7599 
   00941    0.3869   -5111.4404  0.7559 
   00942    0.4088   -5072.3085  0.7561 
   00943    0.4025   -5080.7958  0.7463 
   00944    0.4119   -5075.3280  0.7474 
   00945    0.3787   -5062.3634  0.7470 
   00946    0.4025   -5061.9724  0.7481 
   00947    0.4225   -5072.0383  0.7465 
   00948    0.4225   -5099.3301  0.7432 
   00949    0.3800   -5088.7066  0.7337 
   00950    0.4094   -5095.8306  0.7369 
   00951    0.4119   -5108.9284  0.7408 
   00952    0.4000   -5083.0842  0.7395 
   00953    0.3962   -5134.3044  0.7369 
   00954    0.3769   -5142.3253  0.7409 
   00955    0.4037   -5191.0923  0.7474 
   00956    0.3987   -5119.2321  0.7490 
   00957    0.4056   -5141.9214  0.7494 
   00958    0.4056   -5076.5042  0.7459 
   00959    0.4275   -5154.5874  0.7441 
   00960    0.3844   -5166.3976  0.7405 
   00961    0.4125   -5143.6022  0.7368 
   00962    0.4050   -5132.0092  0.7333 
   00963    0.4194   -5154.0819  0.7407 
   00964    0.4119   -5115.0232  0.7456 
   00965    0.4094   -5165.3667  0.7496 
   00966    0.4050   -5139.8713  0.7499 
   00967    0.3994   -5131.7117  0.7539 
   00968    0.3881   -5143.2529  0.7449 
   00969    0.3937   -5155.1655  0.7476 
   00970    0.4037   -5145.0606  0.7452 
   00971    0.4131   -5130.8689  0.7420 
   00972    0.4075   -5143.2903  0.7472 
   00973    0.4019   -5178.7461  0.7476 
   00974    0.4025   -5148.3890  0.7474 
   00975    0.4194   -5158.0502  0.7488 
   00976    0.4094   -5173.5243  0.7453 
   00977    0.3875   -5197.5476  0.7468 
   00978    0.3950   -5165.7380  0.7471 
   00979    0.3681   -5143.0854  0.7476 
   00980    0.3756   -5146.5636  0.7460 
   00981    0.4006   -5157.1717  0.7510 
   00982    0.3850   -5122.9061  0.7483 
   00983    0.4050   -5089.1687  0.7515 
   00984    0.4150   -5105.9537  0.7553 
   00985    0.3937   -5105.3699  0.7606 
   00986    0.4075   -5099.6485  0.7583 
   00987    0.4181   -5123.6168  0.7608 
   00988    0.3906   -5104.3012  0.7640 
   00989    0.4094   -5124.3678  0.7683 
   00990    0.4094   -5152.8097  0.7711 
   00991    0.4044   -5162.0980  0.7729 
   00992    0.3931   -5122.5706  0.7674 
   00993    0.3912   -5117.8517  0.7675 
   00994    0.3987   -5136.4920  0.7718 
   00995    0.4050   -5153.4034  0.7726 
   00996    0.4219   -5113.3827  0.7733 
   00997    0.4012   -5111.4144  0.7731 
   00998    0.3894   -5091.0319  0.7712 
   00999    0.4037   -5145.6631  0.7810 
   01000    0.4125   -5135.8267  0.7748 
