#=====================================================
# File created:        Sat-14-Feb-2026-at-04-06-50PM
# Size of lattice:     60x60
# Number of MC steps:  1000
# Reduced temperature: 0.650
# Run time (s):        65.772478
#=====================================================
# MC step:  Ratio:     Energy:   Order:
#=====================================================
   00000    0.5000   -3484.6531  0.2631 
   00001    0.6739   -5271.9047  0.2775 
   00002    0.6342   -6420.9425  0.2858 
   00003    0.5894   -7220.5424  0.2857 
   00004    0.5386   -7795.3187  0.2907 
   00005    0.5253   -8303.9743  0.2980 
   00006    0.5214   -8735.1918  0.3118 
   00007    0.4869   -8985.8986  0.3178 
   00008    0.4786   -9268.6686  0.3157 
   00009    0.4844   -9477.5037  0.3195 
   00010    0.4528   -9533.8528  0.3217 
   00011    0.4731   -9671.8344  0.3251 
   00012    0.4636   -9733.1030  0.3248 
   00013    0.4583   -9865.2520  0.3288 
   00014    0.4475   -9993.4507  0.3309 
   00015    0.4456  -10020.5668  0.3311 
   00016    0.4469  -10108.1247  0.3426 
   00017    0.4586  -10172.4280  0.3470 
   00018    0.4372  -10132.3949  0.3531 
   00019    0.4408  -10161.1045  0.3548 
   00020    0.4528  -10210.6890  0.3549 
   00021    0.4436  -10224.8155  0.3547 
   00022    0.4519  -10351.4834  0.3508 
   00023    0.4322  -10434.3291  0.3500 
   00024    0.4214  -10422.7858  0.3484 
   00025    0.4514  -10462.6307  0.3504 
   00026    0.4250  -10570.1908  0.3521 
   00027    0.4303  -10661.4775  0.3556 
   00028    0.4186  -10593.0087  0.3545 
   00029    0.4367  -10650.6699  0.3576 
   00030    0.4389  -10700.1934  0.3506 
   00031    0.4244  -10768.0859  0.3395 
   00032    0.4156  -10769.2121  0.3388 
   00033    0.4172  -10796.3286  0.3395 
   00034    0.4225  -10743.0912  0.3387 
   00035    0.4275  -10739.2874  0.3359 
   00036    0.4172  -10812.8335  0.3305 
   00037    0.4178  -10838.5713  0.3304 
   00038    0.4342  -10785.1148  0.3301 
   00039    0.4269  -10766.2929  0.3311 
   00040    0.4322  -10747.9810  0.3304 
   00041    0.4297  -10708.3100  0.3334 
   00042    0.4322  -10736.3547  0.3297 
   00043    0.4442  -10781.8256  0.3346 
   00044    0.4383  -10708.3322  0.3346 
   00045    0.4314  -10794.3940  0.3356 
   00046    0.4194  -10764.9840  0.3429 
   00047    0.4294  -10784.1407  0.3480 
   00048    0.4158  -10790.4371  0.3540 
   00049    0.4214  -10803.7980  0.3605 
   00050    0.4361  -10802.9490  0.3514 
   00051    0.4200  -10867.7979  0.3604 
   00052    0.4286  -10862.4963  0.3595 
   00053    0.4075  -10866.2463  0.3605 
   00054    0.4253  -10849.2899  0.3627 
   00055    0.4164  -10844.1875  0.3655 
   00056    0.4244  -10793.8768  0.3629 
   00057    0.4300  -10857.6725  0.3664 
   00058    0.4458  -10903.5271  0.3700 
   00059    0.4122  -10917.0205  0.3645 
   00060    0.4125  -10949.2486  0.3602 
   00061    0.4294  -10897.8098  0.3657 
   00062    0.4083  -10933.1830  0.3650 
   00063    0.4153  -10966.2641  0.3674 
   00064    0.4156  -11092.2617  0.3719 
   00065    0.4175  -11013.8157  0.3703 
   00066    0.4072  -11010.2638  0.3670 
   00067    0.4164  -10994.7733  0.3650 
   00068    0.4225  -11019.6089  0.3613 
   00069    0.4122  -10976.4579  0.3617 
   00070    0.4164  -10965.9527  0.3592 
   00071    0.4144  -10983.2944  0.3576 
   00072    0.4086  -10949.4844  0.3545 
   00073    0.4164  -11006.9798  0.3638 
   00074    0.4247  -10957.4888  0.3620 
   00075    0.4183  -10942.0941  0.3645 
   00076    0.4214  -10977.7544  0.3670 
   00077    0.4147  -11037.8163  0.3616 
   00078    0.4183  -11051.1570  0.3558 
   00079    0.4022  -11039.7693  0.3595 
   00080    0.4208  -10984.9206  0.3627 
   00081    0.4094  -11047.8935  0.3674 
   00082    0.4028  -11094.4025  0.3689 
   00083    0.4203  -11190.7908  0.3686 
   00084    0.4158  -11161.1482  0.3667 
   00085    0.3997  -11140.7980  0.3683 
   00086    0.4136  -11122.6326  0.3613 
   00087    0.4150  -11151.5522  0.3666 
   00088    0.4156  -11126.2983  0.3616 
   00089    0.4075  -11096.0721  0.3625 
   00090    0.4056  -11034.6768  0.3682 
   00091    0.4169  -11073.5831  0.3702 
   00092    0.3997  -11053.7589  0.3707 
   00093    0.4275  -11064.6785  0.3721 
   00094    0.4200  -10983.6428  0.3621 
   00095    0.4247  -11029.7904  0.3606 
   00096    0.4047  -11050.1915  0.3686 
   00097    0.4078  -11091.6635  0.3694 
   00098    0.4133  -11108.2411  0.3682 
   00099    0.3961  -11098.5462  0.3749 
   00100    0.4244  -11066.2237  0.3759 
   00101    0.4206  -11002.7592  0.3730 
   00102    0.4153  -11086.0859  0.3733 
   00103    0.3964  -11063.4827  0.3778 
   00104    0.4033  -11095.0825  0.3775 
   00105    0.4136  -11072.6560  0.3779 
   00106    0.4064  -11007.3112  0.3829 
   00107    0.4153  -11006.0025  0.3757 
   00108    0.4119  -10986.7526  0.3740 
   00109    0.4208  -11100.9321  0.3732 
   00110    0.4139  -11144.4506  0.3739 
   00111    0.4128  -11197.7176  0.3714 
   00112    0.3961  -11193.6707  0.3723 
   00113    0.3942  -11126.6843  0.3705 
   00114    0.4222  -11161.0711  0.3742 
   00115    0.4028  -11146.4094  0.3703 
   00116    0.4200  -11132.5751  0.3623 
   00117    0.4075  -11122.3957  0.3618 
   00118    0.4119  -11039.5481  0.3632 
   00119    0.4003  -11007.7143  0.3649 
   00120    0.4161  -10928.1488  0.3594 
   00121    0.4314  -10989.5653  0.3549 
   00122    0.4172  -10972.7896  0.3677 
   00123    0.4197  -10972.1492  0.3703 
   00124    0.4225  -11000.3655  0.3699 
   00125    0.4167  -10980.3837  0.3714 
   00126    0.4156  -11001.1309  0.3677 
   00127    0.4147  -10998.6739  0.3619 
   00128    0.4183  -10918.7739  0.3563 
   00129    0.4075  -10980.5657  0.3573 
   00130    0.4094  -11024.3162  0.3571 
   00131    0.4225  -11047.1468  0.3579 
   00132    0.4153  -11064.6915  0.3582 
   00133    0.4131  -11094.1152  0.3658 
   00134    0.4139  -11113.2406  0.3615 
   00135    0.4064  -11177.8726  0.3571 
   00136    0.4100  -11246.9580  0.3650 
   00137    0.4056  -11176.4650  0.3572 
   00138    0.4025  -11189.0476  0.3545 
   00139    0.3953  -11185.0639  0.3562 
   00140    0.4211  -11075.5327  0.3539 
   00141    0.4144  -11128.7047  0.3431 
   00142    0.4189  -11169.0483  0.3416 
   00143    0.4206  -11166.8025  0.3428 
   00144    0.4044  -11158.9880  0.3448 
   00145    0.4169  -11134.5459  0.3484 
   00146    0.4111  -11133.8036  0.3525 
   00147    0.4175  -11096.6200  0.3477 
   00148    0.4156  -11157.2850  0.3498 
   00149    0.3989  -11186.2524  0.3491 
   00150    0.4128  -11177.6423  0.3453 
   00151    0.4039  -11206.8810  0.3426 
   00152    0.4100  -11222.8954  0.3424 
   00153    0.4014  -11119.2168  0.3451 
   00154    0.4058  -11059.5889  0.3494 
   00155    0.4139  -11112.7097  0.3474 
   00156    0.4067  -11093.0210  0.3450 
   00157    0.4286  -11056.8867  0.3440 
   00158    0.4200  -11080.9614  0.3470 
   00159    0.4236  -11094.0724  0.3477 
   00160    0.4042  -11116.0024  0.3601 
   00161    0.4081  -11103.0223  0.3542 
   00162    0.3961  -11095.7522  0.3577 
   00163    0.4039  -11203.4097  0.3588 
   00164    0.4133  -11186.1019  0.3656 
   00165    0.4017  -11238.8858  0.3678 
   00166    0.4153  -11343.9597  0.3678 
   00167    0.4075  -11316.0357  0.3704 
   00168    0.3994  -11222.4514  0.3679 
   00169    0.4097  -11132.9992  0.3619 
   00170    0.4194  -11183.3151  0.3550 
   00171    0.4061  -11211.9022  0.3575 
   00172    0.4225  -11247.9806  0.3562 
   00173    0.4267  -11202.4778  0.3579 
   00174    0.4114  -11158.5774  0.3548 
   00175    0.4019  -11114.3013  0.3596 
   00176    0.4089  -11201.5039  0.3580 
   00177    0.4114  -11242.8409  0.3594 
   00178    0.4086  -11176.7957  0.3574 
   00179    0.4108  -11238.6544  0.3523 
   00180    0.4008  -11233.0070  0.3516 
   00181    0.4256  -11264.8207  0.3523 
   00182    0.4106  -11319.8562  0.3553 
   00183    0.4264  -11311.0445  0.3526 
   00184    0.3964  -11314.4354  0.3507 
   00185    0.4214  -11243.8301  0.3493 
   00186    0.3961  -11248.1664  0.3489 
   00187    0.4017  -11242.0918  0.3481 
   00188    0.4128  -11250.5345  0.3514 
   00189    0.4100  -11294.0846  0.3580 
   00190    0.4039  -11257.6814  0.3481 
   00191    0.4119  -11331.8245  0.3479 
   00192    0.4181  -11290.5330  0.3567 
   00193    0.4303  -11330.7404  0.3602 
   00194    0.4044  -11362.8966  0.3550 
   00195    0.4014  -11333.9265  0.3586 
   00196    0.4028  -11283.8502  0.3547 
   00197    0.4097  -11265.8099  0.3589 
   00198    0.4028  -11279.8586  0.3669 
   00199    0.4039  -11262.9476  0.3680 
   00200    0.4061  -11220.7421  0.3622 
   00201    0.4014  -11251.4292  0.3600 
   00202    0.3978  -11218.2696  0.3603 
   00203    0.4003  -11197.3717  0.3623 
   00204    0.4094  -11142.5046  0.3669 
   00205    0.4014  -11165.7491  0.3651 
   00206    0.4139  -11135.6810  0.3593 
   00207    0.4208  -11188.1499  0.3623 
   00208    0.4222  -11259.1791  0.3628 
   00209    0.4178  -11311.4904  0.3636 
   00210    0.4075  -11379.7062  0.3595 
   00211    0.4100  -11367.1377  0.3664 
   00212    0.4111  -11376.3680  0.3656 
   00213    0.3936  -11336.3996  0.3583 
   00214    0.4017  -11280.7111  0.3547 
   00215    0.3953  -11263.9386  0.3559 
   00216    0.4153  -11331.4691  0.3621 
   00217    0.4253  -11358.1164  0.3620 
   00218    0.4139  -11387.3197  0.3663 
   00219    0.4122  -11438.0909  0.3672 
   00220    0.3939  -11463.2914  0.3683 
   00221    0.4017  -11425.7023  0.3657 
   00222    0.3778  -11411.4064  0.3609 
   00223    0.4106  -11349.5488  0.3601 
   00224    0.4114  -11362.6000  0.3608 
   00225    0.3911  -11401.2502  0.3580 
   00226    0.3969  -11451.9973  0.3622 
   00227    0.4044  -11340.6403  0.3587 
   00228    0.4003  -11326.5194  0.3575 
   00229    0.4014  -11338.4689  0.3612 
   00230    0.4025  -11419.1458  0.3644 
   00231    0.4169  -11340.9735  0.3699 
   00232    0.4069  -11343.2627  0.3662 
   00233    0.4033  -11368.4061  0.3639 
   00234    0.4033  -11295.1139  0.3550 
   00235    0.4008  -11376.7524  0.3573 
   00236    0.4161  -11409.8992  0.3558 
   00237    0.4000  -11362.1821  0.3619 
   00238    0.4142  -11358.6801  0.3648 
   00239    0.4000  -11479.6187  0.3652 
   00240    0.4000  -11433.3672  0.3645 
   00241    0.4039  -11376.6720  0.3581 
   00242    0.4011  -11388.6078  0.3619 
   00243    0.3956  -11367.9322  0.3626 
   00244    0.4078  -11310.1775  0.3571 
   00245    0.3972  -11360.8084  0.3615 
   00246    0.4067  -11372.6964  0.3549 
   00247    0.4033  -11390.9519  0.3560 
   00248    0.4131  -11357.1215  0.3541 
   00249    0.4008  -11379.7336  0.3566 
   00250    0.4047  -11435.4134  0.3617 
   00251    0.4039  -11454.8265  0.3572 
   00252    0.4019  -11470.6271  0.3638 
   00253    0.4053  -11417.1919  0.3610 
   00254    0.4125  -11399.7580  0.3599 
   00255    0.4119  -11397.3175  0.3565 
   00256    0.3758  -11466.1992  0.3572 
   00257    0.3983  -11490.0947  0.3613 
   00258    0.4006  -11364.9443  0.3597 
   00259    0.3986  -11360.7394  0.3568 
   00260    0.4139  -11372.0998  0.3587 
   00261    0.4072  -11332.6998  0.3562 
   00262    0.3958  -11285.3946  0.3507 
   00263    0.4125  -11297.4816  0.3517 
   00264    0.3983  -11325.8925  0.3469 
   00265    0.3967  -11286.7120  0.3423 
   00266    0.3956  -11264.1289  0.3329 
   00267    0.4122  -11326.8752  0.3313 
   00268    0.3931  -11311.7766  0.3322 
   00269    0.4003  -11348.8743  0.3337 
   00270    0.4103  -11344.7589  0.3417 
   00271    0.4247  -11283.6593  0.3425 
   00272    0.4092  -11284.2561  0.3406 
   00273    0.4106  -11323.2899  0.3365 
   00274    0.3950  -11358.6425  0.3424 
   00275    0.3983  -11389.2409  0.3401 
   00276    0.3947  -11393.6190  0.3513 
   00277    0.4028  -11472.0049  0.3524 
   00278    0.3867  -11476.6462  0.3506 
   00279    0.4083  -11385.0425  0.3518 
   00280    0.3986  -11372.9557  0.3517 
   00281    0.4072  -11349.0801  0.3501 
   00282    0.4069  -11324.2317  0.3522 
   00283    0.4100  -11389.6666  0.3514 
   00284    0.4097  -11382.6058  0.3477 
   00285    0.4089  -11384.5232  0.3474 
   00286    0.3950  -11416.2563  0.3464 
   00287    0.4000  -11396.4341  0.3498 
   00288    0.3828  -11409.2583  0.3538 
   00289    0.4122  -11430.4763  0.3629 
   00290    0.4017  -11399.7226  0.3545 
   00291    0.4047  -11407.0937  0.3529 
   00292    0.4169  -11301.4404  0.3506 
   00293    0.3992  -11229.0457  0.3537 
   00294    0.4108  -11242.2081  0.3617 
   00295    0.4036  -11270.9668  0.3617 
   00296    0.4114  -11232.4440  0.3634 
   00297    0.3928  -11224.5060  0.3636 
   00298    0.4089  -11209.5126  0.3635 
   00299    0.4131  -11188.8194  0.3524 
   00300    0.4272  -11208.6862  0.3526 
   00301    0.4150  -11173.9096  0.3553 
   00302    0.4056  -11217.7340  0.3560 
   00303    0.3989  -11327.2653  0.3605 
   00304    0.4122  -11312.9028  0.3679 
   00305    0.4092  -11280.3665  0.3638 
   00306    0.4017  -11361.5201  0.3577 
   00307    0.4283  -11387.3438  0.3565 
   00308    0.3989  -11326.0815  0.3561 
   00309    0.4128  -11376.0571  0.3512 
   00310    0.4047  -11349.6940  0.3507 
   00311    0.4011  -11320.4552  0.3522 
   00312    0.3983  -11365.1705  0.3611 
   00313    0.3928  -11436.4418  0.3600 
   00314    0.4103  -11362.7176  0.3611 
   00315    0.3994  -11429.0597  0.3617 
   00316    0.4144  -11399.0732  0.3617 
   00317    0.3967  -11364.9860  0.3620 
   00318    0.4131  -11470.0287  0.3669 
   00319    0.4083  -11489.8249  0.3634 
   00320    0.4003  -11555.1155  0.3590 
   00321    0.3936  -11531.8663  0.3598 
   00322    0.3992  -11415.7063  0.3582 
   00323    0.4178  -11424.5975  0.3590 
   00324    0.4122  -11451.8909  0.3516 
   00325    0.3964  -11445.1858  0.3579 
   00326    0.4164  -11373.6624  0.3674 
   00327    0.4192  -11317.0220  0.3697 
   00328    0.4156  -11353.9861  0.3732 
   00329    0.4006  -11421.9631  0.3796 
   00330    0.3947  -11372.9279  0.3722 
   00331    0.4225  -11316.5392  0.3722 
   00332    0.4064  -11337.7591  0.3860 
   00333    0.4036  -11404.3335  0.3846 
   00334    0.4053  -11375.7855  0.3808 
   00335    0.3889  -11347.6020  0.3836 
   00336    0.4086  -11285.9657  0.3889 
   00337    0.4081  -11351.1883  0.3896 
   00338    0.4106  -11392.7791  0.3959 
   00339    0.4056  -11412.2138  0.3943 
   00340    0.3944  -11399.0947  0.3992 
   00341    0.3981  -11400.4221  0.3990 
   00342    0.4022  -11470.2535  0.3991 
   00343    0.4175  -11495.2594  0.4015 
   00344    0.3969  -11526.4231  0.4020 
   00345    0.4067  -11470.9790  0.4005 
   00346    0.4061  -11464.3161  0.4022 
   00347    0.4064  -11567.5355  0.4080 
   00348    0.3919  -11545.1892  0.4079 
   00349    0.3900  -11515.0991  0.4140 
   00350    0.3989  -11425.0056  0.4091 
   00351    0.3956  -11447.6261  0.4123 
   00352    0.4078  -11481.8874  0.4154 
   00353    0.3850  -11528.1833  0.4198 
   00354    0.3906  -11532.3753  0.4228 
   00355    0.4153  -11539.6323  0.4189 
   00356    0.3922  -11505.9977  0.4309 
   00357    0.4017  -11512.0106  0.4310 
   00358    0.4039  -11432.7031  0.4285 
   00359    0.4011  -11456.9634  0.4241 
   00360    0.3936  -11460.7880  0.4268 
   00361    0.3956  -11470.2252  0.4229 
   00362    0.4039  -11448.4355  0.4262 
   00363    0.3953  -11483.9711  0.4258 
   00364    0.4019  -11441.2558  0.4303 
   00365    0.3983  -11425.6836  0.4311 
   00366    0.3942  -11443.0214  0.4303 
   00367    0.4094  -11490.7741  0.4305 
   00368    0.3925  -11479.9218  0.4320 
   00369    0.4000  -11430.1875  0.4353 
   00370    0.3989  -11380.5277  0.4362 
   00371    0.4125  -11407.0986  0.4397 
   00372    0.3919  -11444.2065  0.4380 
   00373    0.4019  -11362.2030  0.4401 
   00374    0.4039  -11383.2225  0.4408 
   00375    0.4111  -11434.9015  0.4406 
   00376    0.3978  -11431.9322  0.4466 
   00377    0.3939  -11508.5086  0.4557 
   00378    0.3956  -11556.3065  0.4503 
   00379    0.4103  -11531.2984  0.4541 
   00380    0.3994  -11511.7481  0.4524 
   00381    0.4019  -11502.4152  0.4481 
   00382    0.4117  -11444.3009  0.4454 
   00383    0.4092  -11462.7587  0.4424 
   00384    0.4086  -11385.0640  0.4413 
   00385    0.4022  -11402.2415  0.4381 
   00386    0.3953  -11355.7117  0.4397 
   00387    0.4031  -11398.1853  0.4341 
   00388    0.4042  -11405.9507  0.4359 
   00389    0.4111  -11406.5355  0.4360 
   00390    0.4053  -11442.5495  0.4333 
   00391    0.4103  -11461.1610  0.4341 
   00392    0.3958  -11405.8574  0.4330 
   00393    0.4072  -11458.4299  0.4338 
   00394    0.4139  -11482.8293  0.4332 
   00395    0.3972  -11444.5412  0.4242 
   00396    0.3961  -11557.8339  0.4313 
   00397    0.4008  -11406.5230  0.4309 
   00398    0.3967  -11387.3925  0.4276 
   00399    0.4225  -11468.4623  0.4250 
   00400    0.4022  -11452.9247  0.4243 
   00401    0.3992  -11488.5624  0.4155 
   00402    0.3986  -11399.6173  0.4175 
   00403    0.4025  -11457.2576  0.4226 
   00404    0.4000  -11401.8197  0.4267 
   00405    0.4094  -11457.4480  0.4278 
   00406    0.4014  -11459.7018  0.4334 
   00407    0.3958  -11418.2754  0.4289 
   00408    0.4042  -11381.8645  0.4306 
   00409    0.4161  -11468.7507  0.4337 
   00410    0.3981  -11527.1705  0.4291 
   00411    0.4003  -11526.5478  0.4303 
   00412    0.4253  -11506.0077  0.4294 
   00413    0.4017  -11483.6948  0.4320 
   00414    0.3986  -11447.9736  0.4306 
   00415    0.4003  -11401.5690  0.4339 
   00416    0.4000  -11374.8567  0.4314 
   00417    0.4028  -11414.7099  0.4371 
   00418    0.4019  -11453.4486  0.4382 
   00419    0.3981  -11420.0000  0.4388 
   00420    0.3975  -11474.4898  0.4470 
   00421    0.4064  -11469.3815  0.4458 
   00422    0.3781  -11530.1129  0.4482 
   00423    0.4025  -11510.3784  0.4505 
   00424    0.4019  -11478.8294  0.4484 
   00425    0.4008  -11512.3156  0.4545 
   00426    0.3931  -11497.5902  0.4564 
   00427    0.3975  -11422.3310  0.4538 
   00428    0.4064  -11456.6053  0.4495 
   00429    0.4156  -11472.7754  0.4560 
   00430    0.3994  -11457.6706  0.4515 
   00431    0.4033  -11390.5165  0.4554 
   00432    0.4083  -11359.8263  0.4550 
   00433    0.4078  -11309.7805  0.4581 
   00434    0.4061  -11272.6071  0.4583 
   00435    0.4083  -11299.0275  0.4680 
   00436    0.3969  -11374.7210  0.4706 
   00437    0.4014  -11356.9486  0.4697 
   00438    0.4036  -11404.8441  0.4697 
   00439    0.3947  -11366.6704  0.4627 
   00440    0.4069  -11357.3255  0.4633 
   00441    0.4019  -11324.4963  0.4576 
   00442    0.3942  -11324.2658  0.4557 
   00443    0.3856  -11260.4626  0.4561 
   00444    0.4033  -11229.5996  0.4507 
   00445    0.4125  -11242.1364  0.4518 
   00446    0.3958  -11266.9515  0.4540 
   00447    0.4119  -11335.4967  0.4582 
   00448    0.3994  -11305.9763  0.4650 
   00449    0.4017  -11295.2603  0.4683 
   00450    0.4108  -11348.9567  0.4623 
   00451    0.4039  -11277.1290  0.4646 
   00452    0.4008  -11358.2310  0.4669 
   00453    0.3975  -11291.6501  0.4693 
   00454    0.4150  -11274.4682  0.4664 
   00455    0.3928  -11459.2798  0.4729 
   00456    0.4056  -11509.7496  0.4730 
   00457    0.4061  -11501.2445  0.4731 
   00458    0.4114  -11461.0292  0.4752 
   00459    0.4039  -11424.8091  0.4735 
   00460    0.4058  -11423.1586  0.4722 
   00461    0.4214  -11387.9907  0.4682 
   00462    0.3981  -11367.3203  0.4665 
   00463    0.4003  -11343.1853  0.4746 
   00464    0.4100  -11355.1053  0.4647 
   00465    0.4058  -11369.6017  0.4684 
   00466    0.4247  -11396.9867  0.4721 
   00467    0.3989  -11488.4612  0.4743 
   00468    0.3986  -11451.8178  0.4716 
   00469    0.4131  -11407.8074  0.4768 
   00470    0.4175  -11429.3799  0.4776 
   00471    0.4019  -11399.9113  0.4854 
   00472    0.4072  -11416.7575  0.4867 
   00473    0.4042  -11412.7093  0.4909 
   00474    0.3853  -11387.3601  0.4929 
   00475    0.4047  -11360.1176  0.4891 
   00476    0.4086  -11359.3211  0.4956 
   00477    0.4097  -11361.4350  0.4905 
   00478    0.4056  -11356.1964  0.4881 
   00479    0.4139  -11333.6283  0.4880 
   00480    0.4100  -11425.3510  0.4922 
   00481    0.4275  -11455.7392  0.4939 
   00482    0.4086  -11396.5478  0.4883 
   00483    0.3767  -11445.4613  0.4929 
   00484    0.3997  -11479.5239  0.4901 
   00485    0.3964  -11462.8080  0.4877 
   00486    0.4128  -11360.4559  0.4830 
   00487    0.4014  -11412.6349  0.4837 
   00488    0.3961  -11448.0508  0.4831 
   00489    0.4075  -11437.6127  0.4858 
   00490    0.4050  -11415.0505  0.4857 
   00491    0.4008  -11458.8786  0.4900 
   00492    0.4106  -11456.8852  0.4910 
   00493    0.4153  -11413.7961  0.4850 
   00494    0.4053  -11406.3486  0.4814 
   00495    0.4044  -11461.9194  0.4797 
   00496    0.4033  -11418.1531  0.4788 
   00497    0.4047  -11401.9394  0.4839 
   00498    0.3947  -11478.8711  0.4892 
   00499    0.3811  -11497.4263  0.4869 
   00500    0.4028  -11503.3897  0.4863 
   00501    0.3994  -11482.3705  0.4805 
   00502    0.4022  -11439.8079  0.4836 
   00503    0.4053  -11451.1581  0.4814 
   00504    0.3947  -11377.4594  0.4810 
   00505    0.3922  -11359.1064  0.4864 
   00506    0.4061  -11382.7118  0.4866 
   00507    0.4094  -11353.0878  0.4863 
   00508    0.4025  -11373.9508  0.4826 
   00509    0.4186  -11365.9247  0.4796 
   00510    0.4006  -11387.8561  0.4802 
   00511    0.4114  -11325.4120  0.4848 
   00512    0.3881  -11355.7767  0.4862 
   00513    0.3925  -11409.3735  0.4828 
   00514    0.4028  -11317.3218  0.4825 
   00515    0.3944  -11314.1961  0.4811 
   00516    0.3958  -11341.1467  0.4790 
   00517    0.4058  -11300.3221  0.4732 
   00518    0.4225  -11310.1844  0.4741 
   00519    0.4047  -11265.0952  0.4726 
   00520    0.3964  -11219.8027  0.4711 
   00521    0.4136  -11223.8057  0.4675 
   00522    0.4022  -11212.4438  0.4639 
   00523    0.4086  -11245.2372  0.4707 
   00524    0.4136  -11305.5732  0.4705 
   00525    0.4206  -11249.4266  0.4659 
   00526    0.4278  -11272.8876  0.4616 
   00527    0.4033  -11270.5784  0.4673 
   00528    0.3992  -11245.8702  0.4727 
   00529    0.4039  -11286.3626  0.4779 
   00530    0.4097  -11406.6236  0.4799 
   00531    0.3928  -11437.5553  0.4850 
   00532    0.3958  -11467.3527  0.4858 
   00533    0.4244  -11489.1071  0.4875 
   00534    0.4039  -11436.1500  0.4908 
   00535    0.4017  -11483.0120  0.4925 
   00536    0.3939  -11422.2905  0.4899 
   00537    0.4064  -11392.0984  0.4875 
   00538    0.4022  -11395.2160  0.4864 
   00539    0.4228  -11461.6813  0.4827 
   00540    0.4006  -11460.7760  0.4813 
   00541    0.4083  -11469.7683  0.4853 
   00542    0.3992  -11472.2913  0.4822 
   00543    0.3986  -11460.0953  0.4761 
   00544    0.4047  -11517.3804  0.4728 
   00545    0.4089  -11476.9899  0.4725 
   00546    0.4025  -11421.8043  0.4683 
   00547    0.3922  -11459.1439  0.4707 
   00548    0.3994  -11447.0399  0.4720 
   00549    0.4019  -11439.5790  0.4784 
   00550    0.3939  -11472.0095  0.4778 
   00551    0.3931  -11458.1183  0.4729 
   00552    0.3994  -11442.3277  0.4775 
   00553    0.3992  -11354.5720  0.4687 
   00554    0.3969  -11388.5495  0.4660 
   00555    0.3942  -11461.0334  0.4670 
   00556    0.3997  -11387.7658  0.4687 
   00557    0.3994  -11413.3048  0.4689 
   00558    0.4183  -11420.5927  0.4664 
   00559    0.4025  -11296.9148  0.4618 
   00560    0.4200  -11263.7718  0.4581 
   00561    0.4111  -11408.0102  0.4597 
   00562    0.4108  -11355.9938  0.4628 
   00563    0.4047  -11372.1161  0.4663 
   00564    0.4053  -11361.8430  0.4693 
   00565    0.3978  -11328.4911  0.4621 
   00566    0.4156  -11268.2641  0.4644 
   00567    0.3992  -11198.6545  0.4654 
   00568    0.4000  -11223.0786  0.4653 
   00569    0.4100  -11266.9719  0.4626 
   00570    0.3972  -11308.5209  0.4640 
   00571    0.4111  -11372.4555  0.4652 
   00572    0.3950  -11351.8661  0.4700 
   00573    0.4017  -11386.6743  0.4660 
   00574    0.3983  -11337.7124  0.4730 
   00575    0.4056  -11351.3161  0.4668 
   00576    0.4114  -11369.2189  0.4741 
   00577    0.4039  -11422.3302  0.4711 
   00578    0.4047  -11446.3465  0.4696 
   00579    0.4039  -11437.6170  0.4647 
   00580    0.3914  -11432.7092  0.4632 
   00581    0.4108  -11391.5165  0.4654 
   00582    0.4097  -11432.9685  0.4668 
   00583    0.4078  -11480.7103  0.4618 
   00584    0.4006  -11456.8374  0.4611 
   00585    0.3919  -11404.5681  0.4591 
   00586    0.4089  -11356.3668  0.4549 
   00587    0.3989  -11384.7375  0.4588 
   00588    0.3944  -11482.4193  0.4585 
   00589    0.4092  -11420.5750  0.4578 
   00590    0.4092  -11357.3688  0.4620 
   00591    0.3989  -11271.2550  0.4536 
   00592    0.4200  -11283.9251  0.4449 
   00593    0.4067  -11273.8301  0.4414 
   00594    0.4067  -11290.9383  0.4384 
   00595    0.3956  -11289.8865  0.4423 
   00596    0.3964  -11324.1159  0.4467 
   00597    0.4019  -11253.9611  0.4479 
   00598    0.4014  -11332.1802  0.4424 
   00599    0.3956  -11316.9074  0.4505 
   00600    0.4203  -11240.9265  0.4495 
   00601    0.4167  -11333.9172  0.4500 
   00602    0.4197  -11438.1821  0.4444 
   00603    0.4031  -11391.5086  0.4405 
   00604    0.4097  -11389.0026  0.4371 
   00605    0.4147  -11385.4910  0.4377 
   00606    0.4136  -11306.2459  0.4393 
   00607    0.4131  -11344.5036  0.4400 
   00608    0.4019  -11467.8311  0.4382 
   00609    0.4111  -11407.7505  0.4388 
   00610    0.4089  -11382.3225  0.4447 
   00611    0.4022  -11421.3192  0.4500 
   00612    0.3922  -11476.2002  0.4546 
   00613    0.4067  -11370.5486  0.4577 
   00614    0.4111  -11405.5090  0.4601 
   00615    0.4122  -11371.4289  0.4535 
   00616    0.4108  -11322.7446  0.4577 
   00617    0.4139  -11283.7454  0.4570 
   00618    0.3978  -11375.5920  0.4620 
   00619    0.4033  -11381.3668  0.4648 
   00620    0.4200  -11349.6768  0.4620 
   00621    0.3925  -11400.0097  0.4641 
   00622    0.4150  -11365.4863  0.4667 
   00623    0.4031  -11360.9691  0.4644 
   00624    0.4119  -11312.6445  0.4628 
   00625    0.4011  -11346.2776  0.4600 
   00626    0.3947  -11308.5578  0.4563 
   00627    0.3947  -11304.9344  0.4547 
   00628    0.3931  -11329.1272  0.4552 
   00629    0.4044  -11282.8644  0.4576 
   00630    0.4100  -11310.5648  0.4553 
   00631    0.4194  -11287.7625  0.4583 
   00632    0.4042  -11360.5337  0.4550 
   00633    0.4167  -11378.9825  0.4571 
   00634    0.4219  -11408.6066  0.4620 
   00635    0.3931  -11472.5775  0.4566 
   00636    0.4128  -11518.3363  0.4491 
   00637    0.3986  -11501.3987  0.4443 
   00638    0.4125  -11515.5033  0.4466 
   00639    0.3844  -11472.8650  0.4540 
   00640    0.4108  -11451.2577  0.4522 
   00641    0.4064  -11429.0041  0.4548 
   00642    0.3986  -11444.4587  0.4508 
   00643    0.4042  -11431.9965  0.4484 
   00644    0.3953  -11455.0177  0.4497 
   00645    0.4100  -11442.8254  0.4485 
   00646    0.3964  -11477.7514  0.4523 
   00647    0.4083  -11519.2646  0.4462 
   00648    0.3972  -11486.0584  0.4488 
   00649    0.4000  -11429.7243  0.4450 
   00650    0.3942  -11432.4787  0.4479 
   00651    0.4050  -11438.2632  0.4440 
   00652    0.4186  -11475.3924  0.4415 
   00653    0.4000  -11511.8533  0.4480 
   00654    0.4075  -11492.9824  0.4433 
   00655    0.4278  -11429.3799  0.4500 
   00656    0.4122  -11432.4543  0.4497 
   00657    0.4047  -11482.6612  0.4562 
   00658    0.4039  -11421.7559  0.4520 
   00659    0.4156  -11484.9708  0.4528 
   00660    0.4106  -11485.5238  0.4508 
   00661    0.3983  -11465.5364  0.4469 
   00662    0.3933  -11384.4964  0.4455 
   00663    0.3975  -11457.9478  0.4407 
   00664    0.4019  -11554.9674  0.4460 
   00665    0.4042  -11434.8919  0.4426 
   00666    0.4128  -11472.7254  0.4414 
   00667    0.4053  -11516.5029  0.4500 
   00668    0.4178  -11605.5377  0.4516 
   00669    0.3883  -11533.0198  0.4437 
   00670    0.3781  -11526.6945  0.4466 
   00671    0.3975  -11536.0507  0.4595 
   00672    0.3903  -11545.7190  0.4592 
   00673    0.3997  -11512.2189  0.4566 
   00674    0.4056  -11473.2916  0.4622 
   00675    0.3986  -11449.0851  0.4601 
   00676    0.3997  -11488.3955  0.4634 
   00677    0.3975  -11446.4692  0.4647 
   00678    0.4036  -11474.6232  0.4606 
   00679    0.3947  -11486.6450  0.4671 
   00680    0.4097  -11497.0246  0.4636 
   00681    0.4042  -11497.9559  0.4686 
   00682    0.4056  -11411.8727  0.4696 
   00683    0.4033  -11395.0306  0.4690 
   00684    0.3950  -11398.9352  0.4697 
   00685    0.3925  -11425.2947  0.4660 
   00686    0.3961  -11432.4546  0.4686 
   00687    0.4133  -11469.2967  0.4747 
   00688    0.3986  -11431.7069  0.4733 
   00689    0.4008  -11470.5675  0.4782 
   00690    0.3978  -11485.0186  0.4747 
   00691    0.4044  -11383.6714  0.4735 
   00692    0.4128  -11370.6395  0.4727 
   00693    0.3994  -11375.7154  0.4739 
   00694    0.3997  -11379.7643  0.4719 
   00695    0.4100  -11357.7679  0.4673 
   00696    0.4081  -11377.5186  0.4691 
   00697    0.3997  -11288.2554  0.4719 
   00698    0.4075  -11310.7859  0.4671 
   00699    0.3950  -11339.3212  0.4667 
   00700    0.3956  -11337.1972  0.4629 
   00701    0.4031  -11339.8221  0.4613 
   00702    0.4139  -11327.7319  0.4603 
   00703    0.4150  -11357.2789  0.4651 
   00704    0.4075  -11367.6948  0.4645 
   00705    0.4050  -11422.6765  0.4576 
   00706    0.4011  -11485.6599  0.4585 
   00707    0.3864  -11460.5044  0.4619 
   00708    0.4069  -11432.2229  0.4613 
   00709    0.3944  -11450.0365  0.4620 
   00710    0.4094  -11491.2557  0.4588 
   00711    0.3972  -11472.2697  0.4508 
   00712    0.3914  -11383.8879  0.4508 
   00713    0.4083  -11356.2761  0.4494 
   00714    0.4100  -11383.6979  0.4467 
   00715    0.3983  -11320.8151  0.4470 
   00716    0.4144  -11298.3692  0.4470 
   00717    0.4028  -11324.7820  0.4464 
   00718    0.4111  -11320.6092  0.4458 
   00719    0.4047  -11351.5586  0.4482 
   00720    0.4011  -11409.1292  0.4553 
   00721    0.4103  -11361.3831  0.4488 
   00722    0.4114  -11426.2553  0.4508 
   00723    0.4022  -11497.3192  0.4487 
   00724    0.3967  -11487.3922  0.4460 
   00725    0.4039  -11403.8058  0.4473 
   00726    0.4003  -11404.6461  0.4528 
   00727    0.4139  -11347.4835  0.4545 
   00728    0.3903  -11287.4025  0.4570 
   00729    0.4064  -11342.9118  0.4574 
   00730    0.3956  -11453.4973  0.4589 
   00731    0.3992  -11381.8256  0.4548 
   00732    0.3981  -11373.5510  0.4570 
   00733    0.4178  -11365.7860  0.4545 
   00734    0.4083  -11302.9393  0.4549 
   00735    0.4114  -11289.0943  0.4547 
   00736    0.4175  -11306.9290  0.4511 
   00737    0.4128  -11348.4844  0.4605 
   00738    0.4089  -11346.6467  0.4558 
   00739    0.4025  -11364.3985  0.4556 
   00740    0.4103  -11350.6401  0.4572 
   00741    0.4206  -11377.2089  0.4518 
   00742    0.3975  -11350.7979  0.4525 
   00743    0.4156  -11387.6957  0.4595 
   00744    0.4089  -11342.1951  0.4609 
   00745    0.4106  -11361.9814  0.4653 
   00746    0.4178  -11384.1786  0.4700 
   00747    0.4064  -11379.1080  0.4719 
   00748    0.3961  -11426.8227  0.4695 
   00749    0.4000  -11429.4475  0.4695 
   00750    0.3936  -11486.4668  0.4727 
   00751    0.3892  -11405.4010  0.4740 
   00752    0.4042  -11401.8328  0.4646 
   00753    0.4081  -11396.4733  0.4718 
   00754    0.4089  -11428.9044  0.4731 
   00755    0.3936  -11369.1045  0.4762 
   00756    0.4131  -11349.3760  0.4750 
   00757    0.4097  -11417.9335  0.4756 
   00758    0.4000  -11391.6267  0.4787 
   00759    0.4100  -11387.4913  0.4769 
   00760    0.4119  -11321.9674  0.4826 
   00761    0.4094  -11325.0475  0.4778 
   00762    0.4014  -11355.0996  0.4828 
   00763    0.3958  -11302.8054  0.4804 
   00764    0.4003  -11360.6102  0.4797 
   00765    0.3975  -11317.4737  0.4836 
   00766    0.3939  -11289.5486  0.4857 
   00767    0.3981  -11286.8286  0.4851 
   00768    0.4000  -11314.5043  0.4889 
   00769    0.4064  -11272.5738  0.4912 
   00770    0.4142  -11315.8744  0.4844 
   00771    0.3981  -11398.2424  0.4826 
   00772    0.3839  -11486.0868  0.4871 
   00773    0.4022  -11453.0293  0.4862 
   00774    0.4153  -11357.6062  0.4789 
   00775    0.4075  -11423.9095  0.4793 
   00776    0.3939  -11478.9830  0.4819 
   00777    0.4119  -11467.7634  0.4817 
   00778    0.4089  -11416.3237  0.4860 
   00779    0.4019  -11502.7396  0.4895 
   00780    0.3989  -11490.9076  0.4836 
   00781    0.3997  -11465.6366  0.4859 
   00782    0.3958  -11497.4620  0.4812 
   00783    0.3992  -11502.7917  0.4856 
   00784    0.4028  -11416.6786  0.4830 
   00785    0.4008  -11373.4999  0.4843 
   00786    0.4139  -11480.1915  0.4894 
   00787    0.4011  -11549.1324  0.4960 
   00788    0.3981  -11513.9308  0.4937 
   00789    0.4097  -11490.6832  0.4944 
   00790    0.4039  -11513.0141  0.4952 
   00791    0.4158  -11546.0053  0.4897 
   00792    0.4158  -11545.9044  0.4907 
   00793    0.3867  -11495.1527  0.4893 
   00794    0.3872  -11527.0227  0.4925 
   00795    0.3953  -11561.2518  0.4930 
   00796    0.4028  -11547.6093  0.4952 
   00797    0.4014  -11454.3979  0.4896 
   00798    0.3933  -11412.8799  0.4911 
   00799    0.4033  -11428.7362  0.4976 
   00800    0.3992  -11441.5336  0.4998 
   00801    0.4117  -11352.8213  0.4984 
   00802    0.4119  -11392.5774  0.4978 
   00803    0.4094  -11393.0295  0.4951 
   00804    0.4014  -11425.6940  0.4928 
   00805    0.4056  -11435.0961  0.4987 
   00806    0.4122  -11430.1999  0.4912 
   00807    0.4042  -11453.0875  0.4860 
   00808    0.4117  -11416.8106  0.4873 
   00809    0.3933  -11395.9731  0.4858 
   00810    0.4097  -11379.7633  0.4932 
   00811    0.3931  -11382.5643  0.4908 
   00812    0.3947  -11307.6888  0.4944 
   00813    0.3958  -11279.7027  0.4921 
   00814    0.3953  -11312.3742  0.4922 
   00815    0.4144  -11264.0860  0.4925 
   00816    0.4058  -11335.1585  0.4939 
   00817    0.3975  -11326.9046  0.4984 
   00818    0.4050  -11329.4691  0.5063 
   00819    0.4172  -11364.9313  0.5132 
   00820    0.4044  -11328.4829  0.5180 
   00821    0.4081  -11312.3196  0.5173 
   00822    0.4125  -11402.7316  0.5182 
   00823    0.4114  -11457.5864  0.5228 
   00824    0.3900  -11464.8839  0.5201 
   00825    0.4072  -11525.6409  0.5258 
   00826    0.3894  -11547.8434  0.5239 
   00827    0.3817  -11505.8920  0.5256 
   00828    0.3925  -11518.6789  0.5264 
   00829    0.3972  -11472.8167  0.5302 
   00830    0.4267  -11399.4497  0.5376 
   00831    0.4050  -11342.6004  0.5322 
   00832    0.3942  -11363.8242  0.5276 
   00833    0.4008  -11366.6522  0.5303 
   00834    0.4122  -11366.5426  0.5324 
   00835    0.4017  -11355.2808  0.5296 
   00836    0.4114  -11325.5542  0.5319 
   00837    0.4175  -11399.5345  0.5278 
   00838    0.4106  -11345.9784  0.5225 
   00839    0.4047  -11323.9994  0.5216 
   00840    0.4047  -11335.7627  0.5198 
   00841    0.4111  -11335.9831  0.5202 
   00842    0.3944  -11371.5684  0.5211 
   00843    0.4000  -11308.2867  0.5182 
   00844    0.4233  -11321.5400  0.5128 
   00845    0.4000  -11363.9329  0.5120 
   00846    0.4161  -11353.8819  0.5128 
   00847    0.4058  -11446.2774  0.5173 
   00848    0.4156  -11385.7872  0.5200 
   00849    0.4069  -11461.3597  0.5229 
   00850    0.4078  -11495.3310  0.5244 
   00851    0.4006  -11506.2657  0.5230 
   00852    0.4156  -11476.7745  0.5259 
   00853    0.4100  -11502.5770  0.5287 
   00854    0.3994  -11457.2673  0.5272 
   00855    0.4122  -11460.5900  0.5256 
   00856    0.3903  -11443.4584  0.5257 
   00857    0.3911  -11408.8311  0.5223 
   00858    0.3914  -11347.6886  0.5199 
   00859    0.3978  -11429.9424  0.5192 
   00860    0.3961  -11449.5744  0.5160 
   00861    0.4011  -11448.4290  0.5165 
   00862    0.3969  -11438.5791  0.5102 
   00863    0.4056  -11410.7662  0.5039 
   00864    0.4044  -11377.7517  0.4996 
   00865    0.3956  -11435.8682  0.4981 
   00866    0.4086  -11417.4957  0.5029 
   00867    0.3983  -11314.6857  0.5058 
   00868    0.4014  -11334.3984  0.5046 
   00869    0.4147  -11422.2200  0.5005 
   00870    0.4017  -11412.8995  0.5040 
   00871    0.4131  -11426.5126  0.5039 
   00872    0.3975  -11430.5072  0.5015 
   00873    0.3994  -11422.6786  0.5067 
   00874    0.4078  -11434.0252  0.5074 
   00875    0.4108  -11437.6211  0.5097 
   00876    0.4189  -11422.1181  0.5087 
   00877    0.4028  -11414.3017  0.5026 
   00878    0.4097  -11401.0637  0.5065 
   00879    0.4006  -11426.1611  0.5128 
   00880    0.3939  -11472.0902  0.5112 
   00881    0.4081  -11376.4063  0.5130 
   00882    0.3861  -11371.9320  0.5095 
   00883    0.4014  -11402.7999  0.5130 
   00884    0.3992  -11377.1107  0.5206 
   00885    0.3861  -11383.6858  0.5216 
   00886    0.4022  -11411.9040  0.5215 
   00887    0.3861  -11469.1023  0.5256 
   00888    0.4083  -11416.7350  0.5303 
   00889    0.3861  -11388.9305  0.5327 
   00890    0.4128  -11386.1330  0.5338 
   00891    0.4008  -11508.3555  0.5372 
   00892    0.4061  -11532.7815  0.5413 
   00893    0.4158  -11515.6521  0.5363 
   00894    0.4028  -11514.6063  0.5375 
   00895    0.4008  -11437.2500  0.5357 
   00896    0.4086  -11463.3763  0.5333 
   00897    0.3906  -11454.8049  0.5302 
   00898    0.3919  -11426.4289  0.5269 
   00899    0.3969  -11374.3212  0.5270 
   00900    0.3975  -11332.9187  0.5237 
   00901    0.3889  -11327.0653  0.5269 
   00902    0.4222  -11439.1787  0.5351 
   00903    0.4056  -11438.1826  0.5359 
   00904    0.4025  -11495.2027  0.5352 
   00905    0.4094  -11422.6322  0.5340 
   00906    0.4039  -11407.5999  0.5368 
   00907    0.4119  -11464.0842  0.5397 
   00908    0.4003  -11423.9966  0.5464 
   00909    0.3936  -11436.8549  0.5466 
   00910    0.4039  -11345.4129  0.5386 
   00911    0.4108  -11366.8417  0.5384 
   00912    0.4058  -11397.5026  0.5395 
   00913    0.4003  -11313.0850  0.5298 
   00914    0.4047  -11394.7590  0.5297 
   00915    0.4028  -11375.7579  0.5234 
   00916    0.4131  -11402.0512  0.5276 
   00917    0.4014  -11435.9613  0.5299 
   00918    0.4042  -11506.0071  0.5291 
   00919    0.4053  -11431.6085  0.5281 
   00920    0.4025  -11370.2935  0.5246 
   00921    0.3964  -11351.7124  0.5292 
   00922    0.4025  -11327.0389  0.5236 
   00923    0.4058  -11357.2865  0.5221 
   00924    0.4019  -11389.0070  0.5216 
   00925    0.3947  -11381.0923  0.5328 
   00926    0.4125  -11361.2791  0.5300 
   00927    0.4133  -11379.0749  0.5288 
   00928    0.3969  -11405.2627  0.5278 
   00929    0.4186  -11391.1645  0.5315 
   00930    0.4072  -11414.1785  0.5339 
   00931    0.3953  -11435.6675  0.5349 
   00932    0.4014  -11448.8223  0.5365 
   00933    0.3989  -11413.9188  0.5346 
   00934    0.4033  -11366.5652  0.5319 
   00935    0.3928  -11357.0134  0.5300 
   00936    0.4017  -11385.9673  0.5326 
   00937    0.4139  -11369.9561  0.5359 
   00938    0.4019  -11302.0535  0.5391 
   00939    0.4025  -11331.4265  0.5426 
   00940    0.4256  -11317.4465  0.5388 
   00941    0.4014  -11320.9983  0.5403 
   00942    0.4097  -11422.6696  0.5424 
   00943    0.4103  -11422.1142  0.5501 
   00944    0.4056  -11490.3813  0.5517 
   00945    0.3975  -11429.2246  0.5506 
   00946    0.4114  -11459.4666  0.5556 
   00947    0.4167  -11424.7266  0.5556 
   00948    0.4103  -11415.7197  0.5515 
   00949    0.4006  -11394.1442  0.5509 
   00950    0.4142  -11472.5460  0.5528 
   00951    0.4089  -11346.7824  0.5546 
   00952    0.4117  -11331.4982  0.5564 
   00953    0.4081  -11380.2116  0.5592 
   00954    0.3969  -11387.2109  0.5570 
   00955    0.4108  -11419.0819  0.5545 
   00956    0.3953  -11521.6222  0.5536 
   00957    0.3856  -11504.4166  0.5516 
   00958    0.3978  -11531.0736  0.5528 
   00959    0.3975  -11522.6423  0.5556 
   00960    0.4036  -11498.7255  0.5511 
   00961    0.3936  -11448.9458  0.5545 
   00962    0.3983  -11405.7779  0.5499 
   00963    0.3853  -11431.7647  0.5500 
   00964    0.4133  -11410.8202  0.5504 
   00965    0.3853  -11411.9915  0.5474 
   00966    0.4061  -11353.7458  0.5418 
   00967    0.4006  -11440.3111  0.5455 
   00968    0.4164  -11450.8211  0.5417 
   00969    0.4014  -11426.5584  0.5414 
   00970    0.3925  -11444.3092  0.5490 
   00971    0.4081  -11455.6428  0.5447 
   00972    0.3972  -11485.2599  0.5458 
   00973    0.3944  -11457.8810  0.5478 
   00974    0.4022  -11458.2588  0.5486 
   00975    0.3944  -11469.5475  0.5451 
   00976    0.4053  -11515.9308  0.5434 
   00977    0.3978  -11583.2325  0.5426 
   00978    0.3978  -11574.6028  0.5413 
   00979    0.4053  -11582.2133  0.5427 
   00980    0.4014  -11566.0462  0.5402 
   00981    0.3919  -11568.4531  0.5374 
   00982    0.3875  -11479.4745  0.5343 
   00983    0.4053  -11520.8272  0.5307 
   00984    0.4031  -11509.3501  0.5284 
   00985    0.3908  -11505.9323  0.5237 
   00986    0.3939  -11487.6469  0.5275 
   00987    0.4128  -11397.0348  0.5271 
   00988    0.3978  -11405.9343  0.5289 
   00989    0.3972  -11413.1579  0.5289 
   00990    0.4064  -11370.8992  0.5245 
   00991    0.4131  -11402.7909  0.5230 
   00992    0.4094  -11390.1399  0.5239 
   00993    0.3803  -11381.4626  0.5217 
   00994    0.4089  -11393.5728  0.5220 
   00995    0.4033  -11376.9623  0.5199 
   00996    0.4036  -11424.4413  0.5199 
   00997    0.4006  -11414.7947  0.5192 
   00998    0.4092  -11441.2042  0.5150 
   00999    0.4072  -11386.7572  0.5123 
   01000    0.3939  -11358.9532  0.5109 
