#=====================================================
# File created:        Sun-15-Feb-2026-at-03-44-47PM
# Size of lattice:     40x40
# Number of MC steps:  1000
# Reduced temperature: 0.650
# Run time (s):        13.050609
#=====================================================
# MC step:  Ratio:     Energy:   Order:
#=====================================================
   00000    0.5000   -1625.8950  0.2517 
   00001    0.6619   -2413.5680  0.2596 
   00002    0.5988   -2902.0780  0.2676 
   00003    0.5637   -3269.4723  0.2747 
   00004    0.5256   -3514.3869  0.2589 
   00005    0.5269   -3654.8230  0.2711 
   00006    0.5025   -3803.3973  0.2767 
   00007    0.5025   -3925.0421  0.2810 
   00008    0.4806   -4033.4535  0.2834 
   00009    0.4994   -4077.9212  0.2820 
   00010    0.4844   -4047.1407  0.2789 
   00011    0.4788   -4137.1097  0.2702 
   00012    0.4744   -4183.5419  0.2581 
   00013    0.4550   -4259.4395  0.2576 
   00014    0.4788   -4268.3581  0.2526 
   00015    0.4688   -4338.1506  0.2595 
   00016    0.4688   -4418.8344  0.2621 
   00017    0.4419   -4438.5808  0.2609 
   00018    0.4363   -4443.3322  0.2568 
   00019    0.4431   -4503.9581  0.2669 
   00020    0.4525   -4480.0219  0.2740 
   00021    0.4325   -4505.6485  0.2828 
   00022    0.4475   -4527.3722  0.2852 
   00023    0.4450   -4532.2933  0.2879 
   00024    0.4519   -4505.2602  0.2883 
   00025    0.4556   -4573.1352  0.2880 
   00026    0.4600   -4579.2101  0.2832 
   00027    0.4313   -4581.6589  0.2783 
   00028    0.4238   -4539.2967  0.2829 
   00029    0.4556   -4559.5966  0.2744 
   00030    0.4487   -4629.6806  0.2641 
   00031    0.4206   -4591.0398  0.2711 
   00032    0.4375   -4570.6189  0.2776 
   00033    0.4519   -4616.4426  0.2833 
   00034    0.4456   -4672.4678  0.2815 
   00035    0.4225   -4644.7207  0.2916 
   00036    0.4281   -4687.3972  0.2877 
   00037    0.4194   -4688.2294  0.2775 
   00038    0.4225   -4658.2156  0.2733 
   00039    0.4412   -4654.3132  0.2706 
   00040    0.4213   -4673.6909  0.2684 
   00041    0.4244   -4708.5639  0.2651 
   00042    0.4219   -4757.4916  0.2594 
   00043    0.4319   -4738.2854  0.2657 
   00044    0.4375   -4718.9171  0.2732 
   00045    0.4062   -4774.6559  0.2731 
   00046    0.4300   -4771.4109  0.2820 
   00047    0.4138   -4802.9412  0.2973 
   00048    0.3981   -4795.0047  0.2936 
   00049    0.4138   -4786.0528  0.3002 
   00050    0.4369   -4845.9566  0.2985 
   00051    0.4138   -4805.9158  0.2963 
   00052    0.4025   -4812.6882  0.2874 
   00053    0.4300   -4817.6921  0.2720 
   00054    0.4281   -4793.7230  0.2665 
   00055    0.4313   -4829.8131  0.2606 
   00056    0.4194   -4863.4529  0.2661 
   00057    0.4138   -4883.6528  0.2718 
   00058    0.4062   -4874.9623  0.2827 
   00059    0.4225   -4926.8391  0.2796 
   00060    0.4075   -4926.1290  0.2787 
   00061    0.4144   -4932.6531  0.2853 
   00062    0.4100   -4947.7733  0.2865 
   00063    0.4369   -4933.3274  0.2931 
   00064    0.4131   -4967.0162  0.2901 
   00065    0.4062   -4987.1869  0.2911 
   00066    0.4275   -4943.7204  0.2855 
   00067    0.4306   -4917.8587  0.2887 
   00068    0.4119   -4904.0415  0.2952 
   00069    0.4050   -4887.6155  0.2950 
   00070    0.4069   -4910.7497  0.2935 
   00071    0.4350   -4936.6318  0.2892 
   00072    0.4062   -4924.4647  0.2955 
   00073    0.3981   -4918.4055  0.3015 
   00074    0.4213   -4838.4853  0.2957 
   00075    0.4363   -4843.5355  0.2984 
   00076    0.4319   -4869.5205  0.2975 
   00077    0.4419   -4860.5732  0.2959 
   00078    0.4144   -4879.1692  0.2982 
   00079    0.4250   -4934.4485  0.2996 
   00080    0.4006   -4897.0331  0.2994 
   00081    0.4219   -4895.8471  0.2980 
   00082    0.4306   -4875.3730  0.2965 
   00083    0.4219   -4896.3810  0.2946 
   00084    0.4025   -4907.2406  0.3063 
   00085    0.4181   -4890.2422  0.3037 
   00086    0.4269   -4884.1031  0.3047 
   00087    0.4050   -4925.3080  0.3044 
   00088    0.4412   -4911.4166  0.3115 
   00089    0.4056   -4933.4649  0.3180 
   00090    0.3875   -4918.3410  0.3257 
   00091    0.4263   -4923.3209  0.3180 
   00092    0.4250   -4892.5185  0.3269 
   00093    0.4150   -4885.0568  0.3216 
   00094    0.3787   -4899.6143  0.3277 
   00095    0.4163   -4880.9927  0.3279 
   00096    0.4181   -4936.9320  0.3391 
   00097    0.4144   -4919.7729  0.3483 
   00098    0.4000   -4947.8119  0.3483 
   00099    0.4031   -4977.9967  0.3496 
   00100    0.4106   -4979.3582  0.3533 
   00101    0.4181   -4946.8136  0.3563 
   00102    0.4194   -4867.0082  0.3532 
   00103    0.4225   -4861.8007  0.3389 
   00104    0.4169   -4861.7801  0.3474 
   00105    0.4175   -4931.9958  0.3560 
   00106    0.4200   -4909.3734  0.3623 
   00107    0.3950   -4942.8507  0.3635 
   00108    0.3987   -4940.5482  0.3652 
   00109    0.3875   -4955.0013  0.3626 
   00110    0.4188   -4922.8568  0.3625 
   00111    0.4213   -4939.2688  0.3584 
   00112    0.4144   -4891.3296  0.3584 
   00113    0.4156   -4863.1994  0.3619 
   00114    0.4238   -4859.3490  0.3619 
   00115    0.4456   -4862.7060  0.3659 
   00116    0.4169   -4858.9775  0.3727 
   00117    0.4206   -4892.9460  0.3813 
   00118    0.4181   -4933.2187  0.3870 
   00119    0.4000   -4899.6009  0.4008 
   00120    0.3994   -4933.3609  0.4002 
   00121    0.4163   -4987.0862  0.4044 
   00122    0.4194   -4954.1184  0.4081 
   00123    0.4244   -4974.7572  0.4082 
   00124    0.4088   -4965.3028  0.4121 
   00125    0.4319   -4989.0612  0.4186 
   00126    0.4313   -4969.3665  0.4213 
   00127    0.4019   -4983.9042  0.4261 
   00128    0.3937   -5041.3259  0.4366 
   00129    0.4238   -5041.0897  0.4356 
   00130    0.3981   -5007.0766  0.4257 
   00131    0.4050   -4983.4151  0.4227 
   00132    0.4225   -4976.1960  0.4240 
   00133    0.4225   -4970.2744  0.4137 
   00134    0.4369   -4883.2810  0.4113 
   00135    0.4050   -4944.5354  0.4045 
   00136    0.4163   -4971.0944  0.4176 
   00137    0.3994   -4971.5967  0.4200 
   00138    0.4019   -4978.7131  0.4194 
   00139    0.4144   -4962.6159  0.4188 
   00140    0.4019   -4962.0593  0.4220 
   00141    0.4056   -4970.8024  0.4270 
   00142    0.4012   -5016.1939  0.4301 
   00143    0.4250   -4997.3834  0.4363 
   00144    0.4056   -5004.0671  0.4404 
   00145    0.4094   -4983.0693  0.4350 
   00146    0.4181   -4950.1052  0.4451 
   00147    0.4037   -4929.4269  0.4449 
   00148    0.4269   -4890.6047  0.4360 
   00149    0.4037   -4882.3140  0.4464 
   00150    0.4238   -4937.4341  0.4464 
   00151    0.4119   -4889.6964  0.4335 
   00152    0.4244   -4932.4757  0.4442 
   00153    0.4025   -4959.0773  0.4428 
   00154    0.4094   -4942.3053  0.4346 
   00155    0.4131   -4949.9944  0.4403 
   00156    0.4019   -4933.7921  0.4450 
   00157    0.3981   -4933.9877  0.4406 
   00158    0.4150   -4929.0483  0.4295 
   00159    0.4062   -4951.4617  0.4244 
   00160    0.4156   -4955.4042  0.4160 
   00161    0.4113   -4957.1887  0.4214 
   00162    0.4000   -4946.6581  0.4193 
   00163    0.3906   -4974.9474  0.4182 
   00164    0.3950   -5004.5763  0.4185 
   00165    0.4163   -5063.2078  0.4137 
   00166    0.4044   -4996.8323  0.4212 
   00167    0.4062   -4994.5356  0.4110 
   00168    0.4050   -4987.3552  0.4139 
   00169    0.3875   -4993.8609  0.4153 
   00170    0.4188   -4986.7364  0.4149 
   00171    0.4012   -5011.6535  0.4110 
   00172    0.4156   -5024.1215  0.4178 
   00173    0.4081   -4998.0213  0.4228 
   00174    0.4006   -5040.4106  0.4158 
   00175    0.4200   -5026.2553  0.4090 
   00176    0.3969   -5012.3996  0.4096 
   00177    0.4037   -5036.5475  0.4111 
   00178    0.3881   -5012.2675  0.4161 
   00179    0.4119   -5061.9104  0.4196 
   00180    0.4119   -5036.2603  0.4231 
   00181    0.4138   -5023.6376  0.4190 
   00182    0.4081   -5028.8837  0.4288 
   00183    0.4125   -5000.1076  0.4301 
   00184    0.4238   -5029.3797  0.4269 
   00185    0.4025   -5016.9170  0.4227 
   00186    0.3987   -5068.0297  0.4237 
   00187    0.4056   -5052.6037  0.4246 
   00188    0.4150   -5047.1976  0.4322 
   00189    0.3969   -5065.2484  0.4236 
   00190    0.3937   -5104.7895  0.4292 
   00191    0.4131   -5039.4250  0.4189 
   00192    0.3981   -4974.5682  0.4158 
   00193    0.4031   -5018.2318  0.4220 
   00194    0.4138   -5014.6711  0.4211 
   00195    0.4025   -4993.3167  0.4141 
   00196    0.4094   -4990.5141  0.4138 
   00197    0.3981   -4985.9487  0.4088 
   00198    0.4100   -4974.6851  0.4089 
   00199    0.4069   -4916.1862  0.3993 
   00200    0.3887   -4914.0143  0.3971 
   00201    0.4244   -4966.4012  0.4090 
   00202    0.3937   -4933.0756  0.4085 
   00203    0.4181   -4889.9448  0.3962 
   00204    0.3981   -4942.9340  0.4022 
   00205    0.4163   -4959.4045  0.4008 
   00206    0.4081   -4946.6385  0.4007 
   00207    0.4012   -4971.3311  0.4012 
   00208    0.4194   -4932.0071  0.4049 
   00209    0.4200   -4969.0302  0.4003 
   00210    0.4037   -4950.7679  0.3942 
   00211    0.4338   -4952.7555  0.3977 
   00212    0.4131   -4937.4594  0.3946 
   00213    0.4163   -4962.2940  0.3957 
   00214    0.4144   -4967.6032  0.3972 
   00215    0.3962   -4972.6145  0.4038 
   00216    0.4125   -4895.2777  0.4000 
   00217    0.4244   -4952.0377  0.4069 
   00218    0.4012   -4976.9620  0.4109 
   00219    0.4062   -4981.4501  0.4042 
   00220    0.4200   -5001.7070  0.4121 
   00221    0.4000   -4965.5639  0.3978 
   00222    0.4150   -4966.4271  0.3983 
   00223    0.3906   -4998.7843  0.3964 
   00224    0.3962   -4949.5842  0.4002 
   00225    0.4088   -4915.7636  0.3867 
   00226    0.4325   -4931.6369  0.3937 
   00227    0.4019   -4936.1468  0.3886 
   00228    0.4125   -4937.8648  0.3885 
   00229    0.4031   -4977.5290  0.3895 
   00230    0.4056   -4955.2068  0.3915 
   00231    0.4256   -4975.1941  0.3877 
   00232    0.4069   -5007.2513  0.3879 
   00233    0.4031   -4972.5565  0.3925 
   00234    0.4088   -5008.4633  0.3869 
   00235    0.4056   -5019.1051  0.3905 
   00236    0.4050   -5011.8801  0.4002 
   00237    0.4300   -4963.3443  0.3864 
   00238    0.4156   -4990.6894  0.3934 
   00239    0.4263   -5048.4127  0.4065 
   00240    0.3931   -5048.9892  0.4084 
   00241    0.3825   -5031.0273  0.4101 
   00242    0.4081   -5044.7120  0.4051 
   00243    0.3862   -5073.6878  0.4077 
   00244    0.3925   -5077.5245  0.4123 
   00245    0.3812   -5081.6510  0.4230 
   00246    0.4019   -5080.7750  0.4137 
   00247    0.3944   -5077.0004  0.4236 
   00248    0.4000   -5042.1870  0.4285 
   00249    0.3850   -5084.2669  0.4288 
   00250    0.3975   -5029.0601  0.4289 
   00251    0.4138   -5001.5247  0.4269 
   00252    0.4206   -4971.0909  0.4279 
   00253    0.4062   -4966.3898  0.4244 
   00254    0.4119   -5028.5062  0.4297 
   00255    0.4156   -5012.7212  0.4255 
   00256    0.3981   -5014.9380  0.4250 
   00257    0.4050   -5021.8548  0.4303 
   00258    0.4144   -4995.3598  0.4407 
   00259    0.4188   -4969.1167  0.4355 
   00260    0.4025   -4957.0406  0.4383 
   00261    0.4169   -4945.6800  0.4455 
   00262    0.4219   -4906.2647  0.4432 
   00263    0.4181   -4925.9941  0.4440 
   00264    0.4175   -4946.5401  0.4532 
   00265    0.4356   -4984.7058  0.4492 
   00266    0.4150   -5040.2168  0.4461 
   00267    0.3950   -5020.0479  0.4408 
   00268    0.3987   -4995.2686  0.4431 
   00269    0.4213   -5004.6677  0.4314 
   00270    0.4144   -4962.4229  0.4418 
   00271    0.4019   -5012.6591  0.4523 
   00272    0.4144   -4982.3282  0.4395 
   00273    0.3925   -4965.0679  0.4412 
   00274    0.4088   -5001.1938  0.4399 
   00275    0.3869   -5000.6533  0.4510 
   00276    0.4200   -5018.5133  0.4442 
   00277    0.4194   -5033.7883  0.4390 
   00278    0.4100   -5007.8785  0.4374 
   00279    0.4238   -5023.3779  0.4410 
   00280    0.4100   -5002.6093  0.4339 
   00281    0.4163   -5038.7317  0.4318 
   00282    0.4075   -5009.3996  0.4334 
   00283    0.4225   -4998.7064  0.4478 
   00284    0.3944   -5055.0949  0.4540 
   00285    0.4062   -5100.1302  0.4543 
   00286    0.3956   -5108.3150  0.4646 
   00287    0.4194   -5078.0098  0.4611 
   00288    0.3812   -5066.1455  0.4566 
   00289    0.4156   -5034.9665  0.4553 
   00290    0.4025   -5038.9488  0.4614 
   00291    0.4194   -5066.8679  0.4683 
   00292    0.4031   -5053.5411  0.4579 
   00293    0.4169   -5019.3976  0.4469 
   00294    0.4069   -4971.4806  0.4473 
   00295    0.3894   -4967.9361  0.4316 
   00296    0.4094   -5017.5314  0.4375 
   00297    0.4094   -5020.1513  0.4194 
   00298    0.4150   -4966.6420  0.4193 
   00299    0.4369   -4944.2982  0.4147 
   00300    0.4300   -4927.6710  0.4126 
   00301    0.4094   -4891.0755  0.4018 
   00302    0.3881   -4942.0440  0.4036 
   00303    0.4081   -4923.0657  0.4061 
   00304    0.4331   -4907.1149  0.4048 
   00305    0.4194   -4874.8142  0.4029 
   00306    0.4269   -4874.6838  0.4013 
   00307    0.3887   -4908.8567  0.4041 
   00308    0.4306   -4916.7635  0.4029 
   00309    0.4044   -4947.2070  0.3931 
   00310    0.3969   -4943.4127  0.3992 
   00311    0.4100   -4984.1286  0.4082 
   00312    0.4069   -5003.4071  0.4156 
   00313    0.3981   -4931.0725  0.4243 
   00314    0.4125   -4909.8860  0.4315 
   00315    0.4150   -4951.6127  0.4315 
   00316    0.4200   -4937.7518  0.4350 
   00317    0.4169   -4947.8819  0.4386 
   00318    0.3969   -4979.7653  0.4462 
   00319    0.3850   -4959.6541  0.4315 
   00320    0.4156   -4971.7558  0.4366 
   00321    0.4144   -5030.2742  0.4395 
   00322    0.4169   -5010.5789  0.4323 
   00323    0.4019   -4977.9632  0.4357 
   00324    0.4150   -4972.7711  0.4383 
   00325    0.4081   -4984.0044  0.4384 
   00326    0.4012   -4998.2960  0.4448 
   00327    0.3962   -5041.1734  0.4554 
   00328    0.4125   -5020.9008  0.4640 
   00329    0.4044   -5020.3221  0.4676 
   00330    0.4088   -5020.4185  0.4677 
   00331    0.3919   -5008.2595  0.4716 
   00332    0.3987   -4991.6458  0.4734 
   00333    0.4188   -4987.3440  0.4729 
   00334    0.4144   -5018.7521  0.4732 
   00335    0.4138   -5052.3274  0.4759 
   00336    0.4363   -5018.2564  0.4826 
   00337    0.4188   -4982.3017  0.4782 
   00338    0.4213   -4988.8083  0.4789 
   00339    0.4206   -5002.9478  0.4837 
   00340    0.4225   -4975.2197  0.4741 
   00341    0.4144   -4995.8938  0.4693 
   00342    0.4044   -4996.8426  0.4763 
   00343    0.4000   -4973.5031  0.4740 
   00344    0.4150   -4979.8876  0.4808 
   00345    0.3925   -4980.6264  0.4834 
   00346    0.4275   -4984.0069  0.4925 
   00347    0.3937   -5023.5450  0.4949 
   00348    0.4012   -4994.1376  0.4926 
   00349    0.4000   -4962.6869  0.4954 
   00350    0.4294   -4926.3286  0.4866 
   00351    0.4169   -4952.0071  0.4787 
   00352    0.4163   -4941.7500  0.4766 
   00353    0.4062   -4979.9287  0.4731 
   00354    0.4000   -4941.0505  0.4759 
   00355    0.4000   -4978.1122  0.4785 
   00356    0.3900   -4998.5922  0.4760 
   00357    0.4069   -4978.4664  0.4749 
   00358    0.4100   -4980.5130  0.4791 
   00359    0.4069   -4992.6865  0.4841 
   00360    0.3862   -5005.8256  0.4952 
   00361    0.4113   -5008.7600  0.4945 
   00362    0.3994   -4986.9749  0.4980 
   00363    0.4394   -5011.5412  0.4947 
   00364    0.3975   -5004.2346  0.4966 
   00365    0.4144   -4977.1893  0.4923 
   00366    0.4094   -4976.9727  0.4897 
   00367    0.4294   -4887.4265  0.4910 
   00368    0.4094   -4949.1809  0.4977 
   00369    0.4144   -4951.2303  0.5032 
   00370    0.4000   -4954.0890  0.5083 
   00371    0.4144   -4982.1244  0.5054 
   00372    0.4213   -5020.5915  0.5103 
   00373    0.3919   -5004.3349  0.5102 
   00374    0.4106   -5008.6881  0.5160 
   00375    0.4294   -4953.3705  0.5097 
   00376    0.4125   -4967.2862  0.5191 
   00377    0.4131   -5044.9061  0.5200 
   00378    0.4125   -5014.6559  0.5180 
   00379    0.4131   -5021.4431  0.5205 
   00380    0.4244   -5057.4918  0.5250 
   00381    0.4019   -5066.9187  0.5233 
   00382    0.4081   -5084.6145  0.5269 
   00383    0.4113   -5076.0279  0.5370 
   00384    0.3856   -5061.9064  0.5322 
   00385    0.3881   -5034.2065  0.5334 
   00386    0.4356   -5064.1275  0.5343 
   00387    0.4056   -5055.0775  0.5409 
   00388    0.4006   -4998.1586  0.5267 
   00389    0.4244   -4954.7128  0.5244 
   00390    0.3900   -4938.6407  0.5149 
   00391    0.4200   -4969.3569  0.5174 
   00392    0.4019   -4944.2982  0.5172 
   00393    0.3919   -4945.5730  0.5188 
   00394    0.4106   -4933.3767  0.5232 
   00395    0.4213   -4956.9637  0.5287 
   00396    0.4000   -4881.0838  0.5278 
   00397    0.4150   -4920.0897  0.5238 
   00398    0.4238   -4924.8978  0.5210 
   00399    0.4169   -4942.8818  0.5166 
   00400    0.3962   -5017.2897  0.5294 
   00401    0.4356   -5027.8396  0.5274 
   00402    0.4194   -5045.5523  0.5252 
   00403    0.3756   -5054.8781  0.5249 
   00404    0.4425   -5032.0646  0.5318 
   00405    0.4150   -5072.6832  0.5448 
   00406    0.4113   -5031.2181  0.5422 
   00407    0.4025   -5004.9973  0.5386 
   00408    0.4000   -4962.6966  0.5445 
   00409    0.4319   -5036.6951  0.5439 
   00410    0.4131   -5028.0440  0.5369 
   00411    0.4031   -5012.8648  0.5366 
   00412    0.4037   -5009.0539  0.5367 
   00413    0.4081   -5012.3382  0.5320 
   00414    0.3981   -4981.0606  0.5358 
   00415    0.4019   -4969.8452  0.5376 
   00416    0.3975   -4928.4218  0.5356 
   00417    0.4094   -4950.7535  0.5402 
   00418    0.4456   -5002.3548  0.5524 
   00419    0.4238   -5013.7078  0.5487 
   00420    0.4150   -5027.6545  0.5508 
   00421    0.3987   -5050.5251  0.5536 
   00422    0.4238   -5021.9200  0.5605 
   00423    0.4194   -5080.8779  0.5569 
   00424    0.3875   -5106.7002  0.5544 
   00425    0.4012   -5094.8727  0.5533 
   00426    0.3875   -5012.3148  0.5530 
   00427    0.4188   -4969.6877  0.5574 
   00428    0.4050   -4960.6558  0.5507 
   00429    0.4144   -4955.2968  0.5546 
   00430    0.4044   -4958.6269  0.5609 
   00431    0.4181   -4963.0961  0.5585 
   00432    0.4250   -4989.8017  0.5529 
   00433    0.4000   -5008.3377  0.5573 
   00434    0.3856   -5040.1344  0.5622 
   00435    0.4131   -5035.6950  0.5665 
   00436    0.4225   -5005.4868  0.5604 
   00437    0.4213   -5041.6818  0.5595 
   00438    0.4000   -5057.9772  0.5683 
   00439    0.3937   -5050.9805  0.5767 
   00440    0.4163   -5077.6232  0.5772 
   00441    0.4100   -5051.8497  0.5783 
   00442    0.4019   -5084.4091  0.5846 
   00443    0.4163   -5078.6926  0.5766 
   00444    0.4069   -5065.7443  0.5774 
   00445    0.3906   -5003.9942  0.5676 
   00446    0.4119   -5052.9624  0.5675 
   00447    0.4194   -5044.5661  0.5610 
   00448    0.4238   -5030.0050  0.5674 
   00449    0.4081   -5066.9704  0.5637 
   00450    0.4006   -5063.0592  0.5681 
   00451    0.4056   -5074.4737  0.5561 
   00452    0.3969   -5055.9668  0.5484 
   00453    0.4100   -5000.8395  0.5490 
   00454    0.4344   -5019.1669  0.5536 
   00455    0.3975   -5015.7217  0.5569 
   00456    0.4175   -5072.1438  0.5615 
   00457    0.4269   -5135.7883  0.5645 
   00458    0.3962   -5075.8430  0.5645 
   00459    0.4081   -5076.5729  0.5684 
   00460    0.3900   -5065.0258  0.5708 
   00461    0.4094   -5107.8921  0.5626 
   00462    0.3987   -5104.7363  0.5623 
   00463    0.4056   -5095.5749  0.5720 
   00464    0.4062   -5098.1008  0.5779 
   00465    0.3981   -5076.2659  0.5890 
   00466    0.3919   -5069.4374  0.5948 
   00467    0.3994   -5079.9795  0.5888 
   00468    0.3975   -5075.4018  0.6003 
   00469    0.4363   -5093.5353  0.6014 
   00470    0.3931   -5126.5916  0.5963 
   00471    0.4062   -5105.7068  0.5892 
   00472    0.3987   -5088.2247  0.5896 
   00473    0.4125   -5112.8893  0.5865 
   00474    0.4088   -5095.6051  0.5837 
   00475    0.4062   -5062.0495  0.5848 
   00476    0.3962   -4972.9533  0.5984 
   00477    0.3962   -5035.0873  0.5928 
   00478    0.4094   -5056.4806  0.5940 
   00479    0.4175   -5088.7890  0.5944 
   00480    0.3987   -5082.3138  0.5924 
   00481    0.3937   -5031.5362  0.5843 
   00482    0.3906   -5071.9324  0.5906 
   00483    0.4044   -5080.3225  0.5813 
   00484    0.3881   -5088.3290  0.5762 
   00485    0.4163   -5045.0915  0.5750 
   00486    0.4037   -5048.9063  0.5759 
   00487    0.4100   -5058.8872  0.5723 
   00488    0.4025   -5099.8522  0.5794 
   00489    0.3950   -5115.3930  0.5833 
   00490    0.3956   -5105.0810  0.5827 
   00491    0.3906   -5082.2558  0.5717 
   00492    0.4050   -5082.5291  0.5755 
   00493    0.4138   -5084.3625  0.5863 
   00494    0.3994   -5080.9302  0.5852 
   00495    0.4088   -5073.1920  0.5821 
   00496    0.4256   -5045.6368  0.5909 
   00497    0.4138   -5036.5597  0.5892 
   00498    0.4119   -5032.3723  0.5864 
   00499    0.3825   -5069.9564  0.5920 
   00500    0.3919   -5053.8611  0.5952 
   00501    0.4006   -5074.9863  0.6006 
   00502    0.4094   -5077.1766  0.6053 
   00503    0.4206   -5108.9985  0.6070 
   00504    0.3981   -5043.5903  0.6013 
   00505    0.4100   -5043.2028  0.5984 
   00506    0.4069   -5118.6683  0.6082 
   00507    0.3975   -5070.1355  0.6153 
   00508    0.4244   -5021.0436  0.6162 
   00509    0.4031   -4990.0323  0.6212 
   00510    0.4194   -4963.1801  0.6112 
   00511    0.4263   -4993.6254  0.6062 
   00512    0.4125   -4979.7034  0.6113 
   00513    0.4150   -5014.7643  0.6125 
   00514    0.4056   -5028.1148  0.6165 
   00515    0.3950   -5056.6429  0.6174 
   00516    0.3831   -5062.7363  0.6110 
   00517    0.4169   -5024.5399  0.6132 
   00518    0.4138   -4962.0121  0.6044 
   00519    0.4056   -4985.1530  0.6146 
   00520    0.4088   -5052.3313  0.6139 
   00521    0.3944   -5049.7138  0.6148 
   00522    0.4062   -5063.6011  0.6115 
   00523    0.3925   -5067.7281  0.6166 
   00524    0.3906   -5045.9888  0.6131 
   00525    0.4194   -4989.1857  0.6116 
   00526    0.4113   -5019.6018  0.6134 
   00527    0.4056   -5056.2676  0.6173 
   00528    0.4094   -5083.8754  0.6179 
   00529    0.3956   -5118.3252  0.6226 
   00530    0.4050   -5116.5111  0.6269 
   00531    0.4012   -5109.3336  0.6341 
   00532    0.4094   -5116.5534  0.6367 
   00533    0.3887   -5078.2570  0.6233 
   00534    0.4050   -5049.3303  0.6310 
   00535    0.4219   -5063.7175  0.6271 
   00536    0.3887   -5032.9140  0.6252 
   00537    0.4050   -5062.8210  0.6276 
   00538    0.4025   -5064.0630  0.6249 
   00539    0.4225   -5018.6779  0.6102 
   00540    0.4025   -5011.4129  0.6132 
   00541    0.4075   -5001.4611  0.6018 
   00542    0.4019   -4945.7430  0.5901 
   00543    0.4106   -4964.2188  0.5947 
   00544    0.4075   -4948.5968  0.5867 
   00545    0.4113   -4961.6397  0.5974 
   00546    0.4069   -4963.1321  0.5907 
   00547    0.4150   -4937.3766  0.5852 
   00548    0.4175   -4954.9915  0.5920 
   00549    0.4469   -4974.1418  0.5910 
   00550    0.4075   -5019.4294  0.6054 
   00551    0.4194   -5034.3969  0.6106 
   00552    0.4113   -5058.5925  0.6221 
   00553    0.4100   -5018.7146  0.6231 
   00554    0.3887   -5034.0462  0.6206 
   00555    0.4062   -5009.8465  0.6128 
   00556    0.3887   -5035.5826  0.6070 
   00557    0.4081   -5017.0675  0.6196 
   00558    0.3969   -4997.4615  0.6241 
   00559    0.4050   -5031.0697  0.6297 
   00560    0.3912   -5033.3333  0.6314 
   00561    0.4062   -5045.9615  0.6323 
   00562    0.4131   -5086.1881  0.6282 
   00563    0.4037   -5093.9522  0.6281 
   00564    0.3831   -5063.7323  0.6246 
   00565    0.3962   -5067.6324  0.6227 
   00566    0.3856   -5076.8068  0.6288 
   00567    0.4125   -5057.5388  0.6249 
   00568    0.4263   -5108.7030  0.6285 
   00569    0.3900   -5066.5994  0.6263 
   00570    0.4069   -5001.4529  0.6174 
   00571    0.4288   -5006.7989  0.6157 
   00572    0.4244   -4972.7129  0.6184 
   00573    0.4206   -4958.2505  0.6120 
   00574    0.4125   -4974.2928  0.6192 
   00575    0.4012   -5002.7786  0.6149 
   00576    0.4119   -5046.1928  0.6079 
   00577    0.3919   -5105.5748  0.6113 
   00578    0.4169   -5133.0051  0.6178 
   00579    0.4088   -5090.8518  0.6110 
   00580    0.3950   -5066.4083  0.6047 
   00581    0.3950   -5050.2925  0.5885 
   00582    0.4119   -5020.9788  0.5824 
   00583    0.4294   -5027.7200  0.5787 
   00584    0.4194   -5017.1037  0.5904 
   00585    0.4062   -5029.2368  0.5817 
   00586    0.3925   -5082.3269  0.5883 
   00587    0.4081   -5078.4762  0.5907 
   00588    0.4044   -5076.8811  0.5966 
   00589    0.4069   -5059.0131  0.6023 
   00590    0.4163   -5056.9737  0.6132 
   00591    0.4175   -5067.4966  0.6095 
   00592    0.4144   -5097.8793  0.6123 
   00593    0.3925   -5081.3709  0.6134 
   00594    0.3944   -5083.7906  0.6048 
   00595    0.4119   -5105.4027  0.6148 
   00596    0.3962   -5110.8997  0.6119 
   00597    0.4050   -5120.9720  0.6079 
   00598    0.3981   -5128.9049  0.6110 
   00599    0.3994   -5108.8367  0.6067 
   00600    0.4069   -5116.7767  0.6097 
   00601    0.3944   -5113.1405  0.5957 
   00602    0.4006   -5087.0408  0.5994 
   00603    0.4125   -5102.7393  0.6038 
   00604    0.3769   -5107.3988  0.6197 
   00605    0.4119   -5114.9883  0.6258 
   00606    0.3969   -5095.5450  0.6251 
   00607    0.4138   -5069.9387  0.6257 
   00608    0.4113   -5080.2063  0.6350 
   00609    0.3912   -5089.7376  0.6369 
   00610    0.4088   -5075.9314  0.6282 
   00611    0.3900   -5085.1560  0.6249 
   00612    0.4069   -5033.9022  0.6249 
   00613    0.4219   -5083.5130  0.6212 
   00614    0.3944   -5072.9378  0.6240 
   00615    0.4113   -5112.5611  0.6348 
   00616    0.4119   -5122.8161  0.6194 
   00617    0.3956   -5107.9575  0.6134 
   00618    0.4169   -5053.0692  0.6073 
   00619    0.4075   -5072.0505  0.6097 
   00620    0.4281   -5054.4419  0.5990 
   00621    0.4031   -5070.2383  0.6055 
   00622    0.3794   -5037.0570  0.6110 
   00623    0.3794   -4991.4234  0.6097 
   00624    0.3800   -4990.7058  0.6056 
   00625    0.4100   -5060.5423  0.6075 
   00626    0.4119   -5096.9052  0.6152 
   00627    0.4131   -5106.3926  0.6197 
   00628    0.4069   -5078.1909  0.6221 
   00629    0.4019   -5094.5299  0.6279 
   00630    0.4094   -5047.0689  0.6218 
   00631    0.4100   -5094.3094  0.6236 
   00632    0.4138   -5125.6498  0.6227 
   00633    0.3975   -5072.2128  0.6207 
   00634    0.4175   -5084.5883  0.6203 
   00635    0.4263   -5100.5188  0.6192 
   00636    0.3875   -5075.3885  0.6175 
   00637    0.4031   -5086.4352  0.6119 
   00638    0.4100   -5061.4285  0.6154 
   00639    0.3825   -5114.0883  0.6146 
   00640    0.3887   -5099.4892  0.6121 
   00641    0.4106   -5081.4813  0.6041 
   00642    0.3875   -5056.7828  0.6046 
   00643    0.4113   -5021.5867  0.5966 
   00644    0.4050   -5050.1812  0.6125 
   00645    0.3994   -5067.2402  0.6169 
   00646    0.3956   -5072.3458  0.6230 
   00647    0.4081   -5090.8366  0.6223 
   00648    0.4144   -5075.4057  0.6254 
   00649    0.4194   -5060.0243  0.6138 
   00650    0.4062   -5097.8340  0.6077 
   00651    0.4006   -5065.5925  0.6143 
   00652    0.4125   -5106.0094  0.6168 
   00653    0.4056   -5056.2792  0.6158 
   00654    0.3906   -5069.3460  0.6193 
   00655    0.4119   -5077.7144  0.6154 
   00656    0.4119   -5096.2166  0.6219 
   00657    0.4019   -5098.6410  0.6195 
   00658    0.4050   -5116.6392  0.6152 
   00659    0.4150   -5160.0634  0.6232 
   00660    0.3975   -5145.3023  0.6219 
   00661    0.3919   -5107.0382  0.6352 
   00662    0.4100   -5138.9487  0.6264 
   00663    0.4019   -5091.7767  0.6191 
   00664    0.4031   -5012.5169  0.6191 
   00665    0.4156   -5092.0547  0.6208 
   00666    0.3950   -5059.9088  0.6152 
   00667    0.3956   -5005.7954  0.6059 
   00668    0.4150   -5083.3722  0.5985 
   00669    0.4181   -5081.8785  0.6074 
   00670    0.3837   -5093.3230  0.6044 
   00671    0.3856   -5072.4554  0.6001 
   00672    0.4031   -5048.2824  0.6047 
   00673    0.4106   -5058.4109  0.5994 
   00674    0.4025   -5078.9431  0.5947 
   00675    0.4275   -5087.9528  0.6015 
   00676    0.4062   -5140.4710  0.6073 
   00677    0.4169   -5156.8647  0.6067 
   00678    0.4138   -5107.4028  0.6128 
   00679    0.4031   -5082.6536  0.6100 
   00680    0.4094   -5097.0801  0.6166 
   00681    0.4088   -5072.6933  0.6154 
   00682    0.3975   -5088.0368  0.6155 
   00683    0.4188   -5077.8887  0.6229 
   00684    0.3869   -5105.4523  0.6183 
   00685    0.4294   -5089.7273  0.6227 
   00686    0.3994   -5106.3397  0.6240 
   00687    0.3688   -5071.6962  0.6212 
   00688    0.3875   -5057.5499  0.6245 
   00689    0.4012   -5078.0214  0.6262 
   00690    0.3856   -5082.0474  0.6300 
   00691    0.4200   -5094.3727  0.6298 
   00692    0.4213   -5110.2685  0.6219 
   00693    0.3894   -5114.4465  0.6192 
   00694    0.3987   -5146.9475  0.6291 
   00695    0.4113   -5160.6463  0.6266 
   00696    0.3962   -5169.4811  0.6221 
   00697    0.4131   -5131.5329  0.6175 
   00698    0.3906   -5146.1566  0.6146 
   00699    0.3944   -5146.3029  0.6198 
   00700    0.4019   -5156.6999  0.6202 
   00701    0.4000   -5172.3484  0.6247 
   00702    0.3756   -5174.5011  0.6295 
   00703    0.3800   -5175.8247  0.6324 
   00704    0.4181   -5104.8014  0.6275 
   00705    0.4025   -5082.4490  0.6290 
   00706    0.4138   -5064.0851  0.6261 
   00707    0.4100   -5096.5934  0.6326 
   00708    0.3944   -5095.6837  0.6314 
   00709    0.4019   -5103.5318  0.6331 
   00710    0.3650   -5105.4676  0.6359 
   00711    0.3906   -5110.3577  0.6322 
   00712    0.3962   -5052.4747  0.6255 
   00713    0.4075   -5005.3618  0.6228 
   00714    0.3906   -5024.1397  0.6203 
   00715    0.4238   -5053.1512  0.6330 
   00716    0.4025   -5093.7441  0.6379 
   00717    0.3969   -5062.6166  0.6390 
   00718    0.3875   -5056.5996  0.6386 
   00719    0.4194   -5058.6268  0.6523 
   00720    0.3987   -5068.5073  0.6442 
   00721    0.4081   -5052.9032  0.6507 
   00722    0.4188   -5021.2238  0.6425 
   00723    0.4056   -5024.9915  0.6357 
   00724    0.4113   -4994.1005  0.6331 
   00725    0.4244   -4987.3516  0.6445 
   00726    0.4138   -4984.2196  0.6346 
   00727    0.4088   -4975.6362  0.6314 
   00728    0.4269   -4958.5745  0.6225 
   00729    0.4012   -4962.8606  0.6168 
   00730    0.4219   -5017.1743  0.6139 
   00731    0.4206   -5046.5069  0.6096 
   00732    0.4025   -5086.0264  0.6125 
   00733    0.3975   -5112.3869  0.6160 
   00734    0.4250   -5067.4100  0.6179 
   00735    0.3969   -5056.2327  0.6085 
   00736    0.4175   -5022.2742  0.6074 
   00737    0.4094   -5007.6395  0.6149 
   00738    0.3806   -5020.6735  0.6095 
   00739    0.4069   -5033.4251  0.6068 
   00740    0.3937   -5067.8121  0.6066 
   00741    0.4113   -5088.4032  0.6118 
   00742    0.3894   -5060.2733  0.6155 
   00743    0.4131   -5069.0333  0.6127 
   00744    0.4138   -5051.0981  0.6177 
   00745    0.4144   -5094.8155  0.6273 
   00746    0.4006   -5109.9015  0.6272 
   00747    0.4069   -5091.2198  0.6224 
   00748    0.4106   -5087.0494  0.6167 
   00749    0.4156   -5077.6685  0.6206 
   00750    0.3850   -5145.4637  0.6352 
   00751    0.3769   -5157.2755  0.6293 
   00752    0.3956   -5126.7293  0.6202 
   00753    0.3869   -5089.4692  0.6170 
   00754    0.3950   -5099.4833  0.6268 
   00755    0.4150   -5127.3815  0.6271 
   00756    0.3894   -5105.4219  0.6202 
   00757    0.4100   -5099.7093  0.6149 
   00758    0.3869   -5050.2912  0.6069 
   00759    0.4275   -5035.4308  0.6106 
   00760    0.4000   -5016.4637  0.5958 
   00761    0.3987   -5022.3411  0.5934 
   00762    0.3837   -5110.3930  0.5953 
   00763    0.4056   -5074.2488  0.6039 
   00764    0.4169   -5095.4048  0.5988 
   00765    0.3925   -5059.1388  0.5997 
   00766    0.4075   -5057.9350  0.6057 
   00767    0.4156   -5033.7837  0.6063 
   00768    0.3950   -5077.9518  0.5992 
   00769    0.4206   -5078.0220  0.6018 
   00770    0.4019   -5131.3637  0.6043 
   00771    0.4069   -5109.5895  0.6049 
   00772    0.3744   -5141.0412  0.6041 
   00773    0.3975   -5127.7918  0.6015 
   00774    0.3900   -5120.2549  0.5992 
   00775    0.4106   -5110.4433  0.5958 
   00776    0.4044   -5096.8384  0.5988 
   00777    0.3837   -5095.1413  0.6069 
   00778    0.4019   -5096.9519  0.6111 
   00779    0.3912   -5098.3298  0.6095 
   00780    0.4019   -5147.0084  0.6101 
   00781    0.3787   -5126.2820  0.6058 
   00782    0.4163   -5167.1627  0.6151 
   00783    0.3987   -5142.9040  0.6157 
   00784    0.3994   -5129.7061  0.6187 
   00785    0.4075   -5138.4344  0.6160 
   00786    0.3931   -5137.3080  0.6176 
   00787    0.3931   -5096.3159  0.6142 
   00788    0.4106   -5120.1962  0.6127 
   00789    0.4119   -5088.4630  0.6141 
   00790    0.4044   -5113.7107  0.6126 
   00791    0.3987   -5089.1683  0.6097 
   00792    0.4012   -5082.5012  0.6108 
   00793    0.4050   -5085.0798  0.6182 
   00794    0.4019   -5114.6674  0.6100 
   00795    0.4163   -5146.1029  0.6080 
   00796    0.3956   -5118.9347  0.6072 
   00797    0.3869   -5075.7106  0.6178 
   00798    0.4106   -5103.2209  0.6329 
   00799    0.4037   -5126.6514  0.6233 
   00800    0.3962   -5065.4892  0.6206 
   00801    0.4106   -5002.9648  0.6208 
   00802    0.3869   -5029.0692  0.6190 
   00803    0.3937   -5026.3195  0.6212 
   00804    0.3981   -5066.5462  0.6260 
   00805    0.4025   -5068.8467  0.6292 
   00806    0.4094   -5100.9761  0.6349 
   00807    0.3850   -5144.4265  0.6393 
   00808    0.3962   -5096.7829  0.6442 
   00809    0.4206   -5103.8006  0.6360 
   00810    0.3950   -5139.3553  0.6281 
   00811    0.3987   -5121.3029  0.6218 
   00812    0.4088   -5126.8412  0.6112 
   00813    0.4075   -5114.7516  0.6132 
   00814    0.3812   -5095.7342  0.6076 
   00815    0.4094   -5066.8403  0.6024 
   00816    0.3937   -5090.9273  0.6044 
   00817    0.4031   -5101.0724  0.6058 
   00818    0.3975   -5089.8195  0.6114 
   00819    0.4138   -5104.3922  0.6145 
   00820    0.4125   -5084.8443  0.6172 
   00821    0.3950   -5101.3448  0.6082 
   00822    0.4138   -5049.0991  0.6089 
   00823    0.3806   -5084.2148  0.6042 
   00824    0.3919   -5077.0220  0.6066 
   00825    0.3825   -5052.2374  0.6013 
   00826    0.3912   -5076.7039  0.6076 
   00827    0.3837   -5074.4664  0.6035 
   00828    0.3837   -5063.6076  0.6029 
   00829    0.3981   -5107.9116  0.6055 
   00830    0.4081   -5069.3979  0.6064 
   00831    0.4025   -5116.7151  0.6017 
   00832    0.4031   -5108.7123  0.6020 
   00833    0.3987   -5073.7155  0.6109 
   00834    0.3781   -5084.8887  0.6096 
   00835    0.4012   -5057.3020  0.6012 
   00836    0.4088   -5040.0980  0.5993 
   00837    0.4019   -5067.3403  0.5933 
   00838    0.3837   -5062.8337  0.5935 
   00839    0.4200   -5028.0101  0.5876 
   00840    0.4075   -5087.7448  0.6017 
   00841    0.3962   -5092.7691  0.6039 
   00842    0.3937   -5069.3422  0.6020 
   00843    0.4138   -5081.8078  0.6127 
   00844    0.3937   -5071.2956  0.6102 
   00845    0.4200   -5123.0756  0.6198 
   00846    0.4012   -5109.9007  0.6141 
   00847    0.4100   -5104.2244  0.6131 
   00848    0.3881   -5123.6877  0.6216 
   00849    0.4006   -5083.7233  0.6168 
   00850    0.4163   -5081.0318  0.6205 
   00851    0.4125   -5081.3113  0.6222 
   00852    0.4075   -5073.3583  0.6138 
   00853    0.4069   -5076.5650  0.6111 
   00854    0.3806   -5094.6536  0.6157 
   00855    0.4081   -5083.7800  0.6160 
   00856    0.3994   -5096.8792  0.6084 
   00857    0.4075   -5099.5742  0.6100 
   00858    0.3987   -5092.7244  0.6134 
   00859    0.3937   -5068.0105  0.6108 
   00860    0.4031   -5046.5693  0.6124 
   00861    0.4181   -5028.4037  0.6110 
   00862    0.4088   -5040.7660  0.6152 
   00863    0.3925   -5066.6705  0.6157 
   00864    0.3862   -5069.4000  0.6083 
   00865    0.3937   -5080.1446  0.6052 
   00866    0.4081   -5011.6299  0.6127 
   00867    0.4119   -5020.5645  0.6160 
   00868    0.4138   -5068.6564  0.6211 
   00869    0.3925   -5081.7248  0.6213 
   00870    0.4219   -5056.8106  0.6264 
   00871    0.3956   -5115.6579  0.6371 
   00872    0.3981   -5122.9857  0.6392 
   00873    0.3919   -5103.1759  0.6384 
   00874    0.3956   -5097.8282  0.6426 
   00875    0.4206   -5046.0916  0.6342 
   00876    0.4088   -5039.9287  0.6371 
   00877    0.3925   -5055.3885  0.6323 
   00878    0.3869   -5071.7704  0.6368 
   00879    0.3912   -5053.6908  0.6314 
   00880    0.3987   -5064.4590  0.6222 
   00881    0.3956   -5073.8101  0.6219 
   00882    0.4037   -5058.3589  0.6166 
   00883    0.3900   -5074.9878  0.6124 
   00884    0.3987   -5033.5807  0.6125 
   00885    0.4119   -5070.8786  0.6161 
   00886    0.4088   -4991.3239  0.6082 
   00887    0.4144   -5015.0534  0.6052 
   00888    0.4106   -5005.5791  0.6036 
   00889    0.4056   -4996.5298  0.6009 
   00890    0.4156   -5060.7700  0.5985 
   00891    0.4056   -5126.4294  0.6055 
   00892    0.4000   -5075.4820  0.6013 
   00893    0.4169   -5112.2545  0.6056 
   00894    0.4044   -5112.3218  0.6009 
   00895    0.3981   -5091.6528  0.6050 
   00896    0.3969   -5100.0740  0.6147 
   00897    0.3869   -5066.6956  0.6101 
   00898    0.4081   -5047.9926  0.6080 
   00899    0.3925   -5030.4233  0.6059 
   00900    0.3925   -5007.5374  0.6049 
   00901    0.3975   -5021.7441  0.6046 
   00902    0.4188   -5031.8439  0.6057 
   00903    0.4163   -5023.2088  0.6042 
   00904    0.4213   -5055.3906  0.5985 
   00905    0.4163   -5089.6200  0.6044 
   00906    0.4000   -5062.3962  0.6069 
   00907    0.4175   -5090.2784  0.6062 
   00908    0.3962   -5086.3063  0.6133 
   00909    0.4050   -5089.6220  0.6165 
   00910    0.3912   -5155.1036  0.6284 
   00911    0.4313   -5174.9140  0.6317 
   00912    0.3937   -5166.7576  0.6318 
   00913    0.3962   -5143.3548  0.6256 
   00914    0.3725   -5151.6003  0.6256 
   00915    0.4056   -5137.5144  0.6281 
   00916    0.3881   -5084.5355  0.6271 
   00917    0.3950   -5122.8162  0.6343 
   00918    0.4119   -5127.4549  0.6295 
   00919    0.3887   -5150.0716  0.6349 
   00920    0.3925   -5148.6648  0.6280 
   00921    0.3744   -5137.3329  0.6206 
   00922    0.4069   -5137.0864  0.6192 
   00923    0.4025   -5075.3973  0.6207 
   00924    0.4044   -5076.2901  0.6218 
   00925    0.4138   -5046.2840  0.6163 
   00926    0.4200   -5026.5293  0.6101 
   00927    0.3994   -5034.6361  0.5977 
   00928    0.4075   -5047.1011  0.5960 
   00929    0.4069   -5078.5835  0.5961 
   00930    0.3981   -5042.2105  0.5815 
   00931    0.4106   -5055.9158  0.5793 
   00932    0.4069   -5046.3551  0.5746 
   00933    0.4075   -5065.4692  0.5685 
   00934    0.4006   -5055.0373  0.5714 
   00935    0.4050   -5038.0159  0.5631 
   00936    0.4050   -5092.8624  0.5674 
   00937    0.4144   -5089.9688  0.5740 
   00938    0.3844   -5076.8242  0.5694 
   00939    0.3931   -5035.8624  0.5710 
   00940    0.4138   -5016.9551  0.5758 
   00941    0.4163   -5063.4569  0.5776 
   00942    0.3881   -5096.3344  0.5772 
   00943    0.3844   -5046.7782  0.5783 
   00944    0.3787   -5059.2323  0.5771 
   00945    0.4044   -5071.3703  0.5766 
   00946    0.4288   -5068.4767  0.5789 
   00947    0.4062   -5053.9048  0.5842 
   00948    0.3887   -5090.9063  0.5834 
   00949    0.4025   -5064.3449  0.5859 
   00950    0.3856   -5059.3728  0.5849 
   00951    0.3850   -5076.9676  0.5830 
   00952    0.4125   -5052.7031  0.5844 
   00953    0.4081   -5075.7123  0.5880 
   00954    0.4119   -5142.7313  0.5950 
   00955    0.4106   -5123.8593  0.5948 
   00956    0.4050   -5087.2165  0.5898 
   00957    0.3956   -5100.8228  0.5904 
   00958    0.4175   -5075.6984  0.5883 
   00959    0.3962   -5095.7199  0.5807 
   00960    0.3806   -5105.4711  0.5793 
   00961    0.4200   -5079.5998  0.5735 
   00962    0.3944   -5089.6856  0.5696 
   00963    0.3900   -5078.1212  0.5721 
   00964    0.4075   -5033.7126  0.5707 
   00965    0.4219   -5055.0271  0.5702 
   00966    0.3975   -5082.4190  0.5650 
   00967    0.3906   -5068.1841  0.5568 
   00968    0.4188   -5066.2783  0.5576 
   00969    0.4100   -5093.6895  0.5606 
   00970    0.4144   -5084.8615  0.5599 
   00971    0.4144   -5089.5357  0.5557 
   00972    0.4238   -5082.7089  0.5562 
   00973    0.4044   -5106.0541  0.5594 
   00974    0.4012   -5188.5182  0.5497 
   00975    0.4163   -5111.8907  0.5457 
   00976    0.4313   -5050.2728  0.5442 
   00977    0.4131   -5025.0071  0.5385 
   00978    0.4238   -5053.3245  0.5457 
   00979    0.4175   -5089.8893  0.5506 
   00980    0.4062   -5089.4418  0.5463 
   00981    0.3944   -5082.6216  0.5494 
   00982    0.3962   -5069.1226  0.5483 
   00983    0.3850   -5044.2567  0.5560 
   00984    0.3975   -5015.6093  0.5545 
   00985    0.4113   -5015.9786  0.5622 
   00986    0.4144   -5084.3631  0.5738 
   00987    0.3844   -5051.4366  0.5713 
   00988    0.4144   -5072.1303  0.5737 
   00989    0.4106   -5097.7055  0.5748 
   00990    0.3825   -5092.0548  0.5852 
   00991    0.4062   -5049.3246  0.5818 
   00992    0.3956   -5042.9587  0.5817 
   00993    0.4163   -5036.4015  0.5808 
   00994    0.4062   -5075.0210  0.5790 
   00995    0.3931   -5124.4775  0.5820 
   00996    0.3775   -5130.9103  0.5805 
   00997    0.4100   -5078.0466  0.5774 
   00998    0.4313   -5100.0576  0.5802 
   00999    0.4088   -5057.1780  0.5800 
   01000    0.3900   -5053.6431  0.5823 
