#=====================================================
# File created:        Sun-15-Feb-2026-at-03-47-13PM
# Size of lattice:     80x80
# Number of MC steps:  1000
# Reduced temperature: 0.650
# Run time (s):        50.471047
#=====================================================
# MC step:  Ratio:     Energy:   Order:
#=====================================================
   00000    0.5000   -6458.2560  0.2578 
   00001    0.6755   -9678.2133  0.2584 
   00002    0.6152  -11598.2599  0.2719 
   00003    0.5695  -12926.8015  0.2877 
   00004    0.5430  -13823.6451  0.2840 
   00005    0.5344  -14551.4193  0.2822 
   00006    0.5156  -15058.3297  0.2869 
   00007    0.4975  -15621.4769  0.2870 
   00008    0.4909  -16049.1846  0.2905 
   00009    0.4930  -16423.6215  0.2855 
   00010    0.4628  -16765.3534  0.2878 
   00011    0.4775  -17035.0111  0.2874 
   00012    0.4647  -17215.9412  0.2888 
   00013    0.4697  -17392.7326  0.2920 
   00014    0.4520  -17579.1331  0.2965 
   00015    0.4512  -17687.9010  0.3044 
   00016    0.4491  -17759.2228  0.3011 
   00017    0.4483  -18054.1768  0.3038 
   00018    0.4423  -18140.6141  0.3065 
   00019    0.4444  -18286.2474  0.3096 
   00020    0.4392  -18331.2649  0.3125 
   00021    0.4339  -18435.9773  0.3153 
   00022    0.4383  -18512.5495  0.3184 
   00023    0.4412  -18663.9447  0.3211 
   00024    0.4327  -18684.4540  0.3200 
   00025    0.4323  -18753.5263  0.3213 
   00026    0.4459  -18790.1011  0.3232 
   00027    0.4398  -18915.6886  0.3248 
   00028    0.4255  -18964.2130  0.3178 
   00029    0.4159  -18997.4661  0.3102 
   00030    0.4223  -19048.9025  0.3133 
   00031    0.4198  -18959.0916  0.3132 
   00032    0.4269  -18979.0026  0.3176 
   00033    0.4339  -18998.9710  0.3184 
   00034    0.4163  -18995.6215  0.3210 
   00035    0.4139  -19140.2520  0.3234 
   00036    0.4294  -19283.5461  0.3290 
   00037    0.4203  -19196.9851  0.3294 
   00038    0.4105  -19159.9242  0.3273 
   00039    0.4241  -19188.5275  0.3290 
   00040    0.4253  -19257.8543  0.3323 
   00041    0.4150  -19296.9626  0.3313 
   00042    0.4159  -19219.5660  0.3303 
   00043    0.4117  -19270.5570  0.3301 
   00044    0.4205  -19217.5142  0.3280 
   00045    0.4242  -19160.7757  0.3270 
   00046    0.4266  -19132.1645  0.3351 
   00047    0.4164  -19310.3067  0.3356 
   00048    0.4192  -19326.5204  0.3383 
   00049    0.4255  -19284.7848  0.3330 
   00050    0.4270  -19357.2431  0.3395 
   00051    0.4147  -19329.1257  0.3420 
   00052    0.4191  -19283.5381  0.3405 
   00053    0.4239  -19349.0891  0.3377 
   00054    0.4292  -19400.3914  0.3338 
   00055    0.4123  -19419.3705  0.3353 
   00056    0.4127  -19400.7587  0.3405 
   00057    0.4186  -19538.5285  0.3371 
   00058    0.4169  -19649.0149  0.3380 
   00059    0.4155  -19615.1640  0.3367 
   00060    0.4186  -19575.4790  0.3333 
   00061    0.4214  -19536.6022  0.3321 
   00062    0.4127  -19595.8951  0.3373 
   00063    0.4128  -19553.9762  0.3383 
   00064    0.4208  -19676.0786  0.3407 
   00065    0.4208  -19639.2689  0.3411 
   00066    0.4136  -19614.2283  0.3354 
   00067    0.4198  -19596.9352  0.3361 
   00068    0.4259  -19651.2776  0.3371 
   00069    0.4077  -19557.5763  0.3319 
   00070    0.4080  -19655.3026  0.3358 
   00071    0.4062  -19703.3379  0.3361 
   00072    0.4139  -19846.3924  0.3373 
   00073    0.4175  -19755.2807  0.3328 
   00074    0.3947  -19666.2641  0.3332 
   00075    0.4086  -19686.9152  0.3344 
   00076    0.4122  -19666.4851  0.3351 
   00077    0.4166  -19739.0594  0.3369 
   00078    0.4097  -19845.1514  0.3330 
   00079    0.4205  -19857.8574  0.3319 
   00080    0.4050  -19796.5560  0.3296 
   00081    0.4108  -19822.4342  0.3271 
   00082    0.4169  -19778.5405  0.3308 
   00083    0.4008  -19740.0627  0.3320 
   00084    0.4053  -19787.4828  0.3352 
   00085    0.4231  -19820.1346  0.3364 
   00086    0.4056  -19758.2469  0.3391 
   00087    0.4230  -19690.7362  0.3404 
   00088    0.4128  -19805.0821  0.3475 
   00089    0.4091  -19792.7840  0.3506 
   00090    0.4130  -19882.8598  0.3564 
   00091    0.4119  -19908.7751  0.3536 
   00092    0.3961  -19933.2830  0.3560 
   00093    0.4144  -19941.5247  0.3569 
   00094    0.4080  -19939.6087  0.3566 
   00095    0.4125  -19946.7879  0.3619 
   00096    0.4037  -20078.1225  0.3690 
   00097    0.4058  -20004.3203  0.3645 
   00098    0.4066  -20022.0094  0.3696 
   00099    0.4184  -19975.5847  0.3634 
   00100    0.3978  -19972.5714  0.3624 
   00101    0.4041  -19900.8519  0.3620 
   00102    0.4163  -19841.1446  0.3620 
   00103    0.4048  -19839.5137  0.3647 
   00104    0.4153  -19786.8741  0.3707 
   00105    0.4164  -19780.1517  0.3739 
   00106    0.4161  -19849.5828  0.3703 
   00107    0.4089  -19816.9759  0.3705 
   00108    0.4102  -19908.1546  0.3732 
   00109    0.4186  -19848.1236  0.3740 
   00110    0.4128  -19881.9203  0.3711 
   00111    0.4173  -19869.7530  0.3695 
   00112    0.4061  -19870.5240  0.3655 
   00113    0.4144  -19810.1412  0.3689 
   00114    0.4028  -19928.0243  0.3715 
   00115    0.4070  -19916.8187  0.3720 
   00116    0.4131  -19962.4320  0.3758 
   00117    0.4233  -19880.4251  0.3794 
   00118    0.4113  -19899.7908  0.3830 
   00119    0.4069  -20044.8874  0.3789 
   00120    0.4073  -19993.6009  0.3816 
   00121    0.4077  -19965.4621  0.3796 
   00122    0.4023  -20033.2067  0.3797 
   00123    0.4069  -20075.1904  0.3816 
   00124    0.4103  -20115.1351  0.3769 
   00125    0.4062  -19955.4805  0.3805 
   00126    0.4091  -20013.5629  0.3815 
   00127    0.4119  -19936.1838  0.3820 
   00128    0.4075  -19967.4035  0.3832 
   00129    0.4072  -19978.9072  0.3830 
   00130    0.3991  -19952.5519  0.3840 
   00131    0.4103  -19875.2435  0.3879 
   00132    0.4127  -19998.4467  0.3918 
   00133    0.4198  -19993.9811  0.3915 
   00134    0.4134  -19874.3073  0.3886 
   00135    0.4042  -19898.2419  0.3859 
   00136    0.4116  -19900.9450  0.3895 
   00137    0.4142  -19835.8723  0.3909 
   00138    0.4030  -19810.0318  0.3939 
   00139    0.4117  -19861.7321  0.3932 
   00140    0.4131  -19844.6843  0.3935 
   00141    0.4034  -19926.6705  0.4034 
   00142    0.4080  -19831.0315  0.4069 
   00143    0.4105  -19842.7372  0.4098 
   00144    0.4069  -19843.8132  0.4135 
   00145    0.4108  -19874.4852  0.4134 
   00146    0.4125  -19941.2331  0.4143 
   00147    0.4144  -19872.4367  0.4177 
   00148    0.4023  -19891.2927  0.4194 
   00149    0.4028  -19982.9991  0.4202 
   00150    0.4177  -20000.6938  0.4188 
   00151    0.4194  -19967.8025  0.4190 
   00152    0.4175  -19952.9936  0.4221 
   00153    0.4138  -19961.6828  0.4202 
   00154    0.4134  -20097.9979  0.4196 
   00155    0.4108  -20095.9820  0.4172 
   00156    0.4083  -20038.2262  0.4198 
   00157    0.4066  -20028.8534  0.4201 
   00158    0.4089  -20078.6274  0.4203 
   00159    0.4100  -20050.6787  0.4152 
   00160    0.4048  -20074.7676  0.4121 
   00161    0.4066  -20088.8588  0.4192 
   00162    0.4037  -20093.4799  0.4208 
   00163    0.4180  -20045.5860  0.4156 
   00164    0.4111  -20071.2206  0.4147 
   00165    0.4094  -20124.4305  0.4144 
   00166    0.3987  -20213.4938  0.4110 
   00167    0.3939  -20268.6451  0.4129 
   00168    0.4008  -20176.4940  0.4103 
   00169    0.4016  -20127.1040  0.4091 
   00170    0.3983  -20179.6152  0.4075 
   00171    0.4036  -20189.8714  0.4063 
   00172    0.4100  -20138.5951  0.4013 
   00173    0.3992  -20111.7868  0.3965 
   00174    0.4056  -20035.6099  0.3975 
   00175    0.4131  -19982.5760  0.3967 
   00176    0.3961  -20017.2427  0.3993 
   00177    0.4077  -19984.4479  0.3944 
   00178    0.4175  -19901.6784  0.3944 
   00179    0.4141  -19918.0057  0.3963 
   00180    0.4094  -19944.0613  0.3946 
   00181    0.4195  -20006.3872  0.3919 
   00182    0.4131  -19996.6199  0.3963 
   00183    0.3987  -20038.2669  0.3974 
   00184    0.4089  -20131.9991  0.3935 
   00185    0.4122  -20043.9158  0.3926 
   00186    0.4045  -20093.6232  0.3967 
   00187    0.4109  -20081.7779  0.3934 
   00188    0.4053  -20097.6298  0.3899 
   00189    0.4130  -20112.6374  0.3832 
   00190    0.4008  -20100.8886  0.3806 
   00191    0.4023  -20187.3211  0.3784 
   00192    0.4083  -20158.0314  0.3764 
   00193    0.4075  -20093.2306  0.3796 
   00194    0.4094  -20008.5722  0.3708 
   00195    0.4092  -19962.8798  0.3788 
   00196    0.4102  -19904.8685  0.3762 
   00197    0.4097  -19865.0562  0.3840 
   00198    0.4089  -19892.4293  0.3862 
   00199    0.4092  -19924.9862  0.3862 
   00200    0.4108  -19949.4218  0.3860 
   00201    0.4066  -19994.1818  0.3874 
   00202    0.4033  -20000.0252  0.3902 
   00203    0.4222  -19880.1605  0.3866 
   00204    0.4156  -19904.1694  0.3868 
   00205    0.3986  -19932.0389  0.3870 
   00206    0.4142  -19930.7563  0.3842 
   00207    0.4127  -20061.0898  0.3847 
   00208    0.4067  -20112.2022  0.3865 
   00209    0.4091  -20134.5357  0.3865 
   00210    0.4062  -20131.4332  0.3852 
   00211    0.4048  -20070.3889  0.3874 
   00212    0.4017  -20025.4908  0.3886 
   00213    0.4041  -20015.5964  0.3882 
   00214    0.3933  -20076.4554  0.3879 
   00215    0.4198  -20009.3348  0.3879 
   00216    0.3989  -20095.4637  0.3965 
   00217    0.4033  -20179.1604  0.3955 
   00218    0.4008  -20096.4192  0.4003 
   00219    0.4088  -20183.9523  0.3999 
   00220    0.4144  -20120.8878  0.3961 
   00221    0.4083  -20092.2260  0.3961 
   00222    0.4077  -20190.3781  0.3957 
   00223    0.4014  -20170.0208  0.3967 
   00224    0.4047  -20155.7799  0.3957 
   00225    0.4012  -20216.8071  0.3966 
   00226    0.4066  -20211.8769  0.3955 
   00227    0.4158  -20253.1073  0.3989 
   00228    0.4037  -20145.1755  0.3973 
   00229    0.4088  -20138.0834  0.3969 
   00230    0.4023  -20118.6323  0.3929 
   00231    0.4114  -20067.8175  0.3950 
   00232    0.4116  -20127.7483  0.3979 
   00233    0.4130  -20169.3503  0.4007 
   00234    0.4184  -20152.3775  0.3964 
   00235    0.4061  -20110.5330  0.3993 
   00236    0.4081  -20090.8165  0.3947 
   00237    0.4083  -20064.6792  0.3929 
   00238    0.4150  -19989.3316  0.3931 
   00239    0.4055  -19982.7299  0.3960 
   00240    0.4044  -19989.3843  0.3929 
   00241    0.4042  -19922.1905  0.3932 
   00242    0.4147  -20019.2699  0.3979 
   00243    0.4064  -19964.6730  0.4009 
   00244    0.4114  -19955.0226  0.3994 
   00245    0.4098  -19964.3438  0.3929 
   00246    0.4061  -19910.8350  0.3942 
   00247    0.4056  -19937.6563  0.3980 
   00248    0.4178  -20042.0693  0.3966 
   00249    0.4175  -19991.8515  0.3982 
   00250    0.4091  -20008.7133  0.3998 
   00251    0.4145  -20099.1224  0.3996 
   00252    0.4150  -20092.9174  0.3920 
   00253    0.4173  -20062.6087  0.3892 
   00254    0.4045  -20132.1237  0.3899 
   00255    0.4025  -20149.4624  0.3941 
   00256    0.4041  -20179.6819  0.3939 
   00257    0.3962  -20141.6583  0.3878 
   00258    0.4017  -20125.0462  0.3899 
   00259    0.4114  -20133.8324  0.3917 
   00260    0.4066  -20060.4910  0.3896 
   00261    0.4027  -20105.6358  0.3916 
   00262    0.4025  -20077.9480  0.3892 
   00263    0.4156  -20012.4086  0.3916 
   00264    0.3942  -20021.5506  0.3943 
   00265    0.4167  -20049.9713  0.3950 
   00266    0.3983  -19999.7922  0.3975 
   00267    0.4078  -19950.4611  0.4073 
   00268    0.4073  -20016.0776  0.4053 
   00269    0.4105  -20011.5204  0.4072 
   00270    0.4180  -20126.1942  0.4049 
   00271    0.3956  -20185.3990  0.4011 
   00272    0.4023  -20231.8568  0.3985 
   00273    0.4022  -20104.9815  0.3987 
   00274    0.4116  -20095.3769  0.3973 
   00275    0.3964  -20181.1232  0.3943 
   00276    0.4177  -20189.7773  0.3942 
   00277    0.3948  -20209.9621  0.3943 
   00278    0.4044  -20295.4503  0.3935 
   00279    0.4180  -20313.8377  0.3981 
   00280    0.4023  -20315.1503  0.3989 
   00281    0.4034  -20322.8477  0.4040 
   00282    0.4108  -20332.6699  0.4090 
   00283    0.4053  -20323.5628  0.4071 
   00284    0.4017  -20349.6423  0.4034 
   00285    0.3944  -20282.9337  0.4022 
   00286    0.4128  -20295.3977  0.4013 
   00287    0.3986  -20296.3898  0.4031 
   00288    0.4008  -20275.4892  0.4042 
   00289    0.4106  -20246.2974  0.4059 
   00290    0.4031  -20187.5588  0.4117 
   00291    0.4061  -20119.3914  0.4074 
   00292    0.4030  -20241.8171  0.4102 
   00293    0.4130  -20242.3060  0.4062 
   00294    0.4052  -20282.1850  0.4042 
   00295    0.4086  -20160.0015  0.4074 
   00296    0.4045  -20144.9569  0.4037 
   00297    0.4042  -20306.8374  0.4080 
   00298    0.4133  -20239.2710  0.4075 
   00299    0.4000  -20272.7179  0.4109 
   00300    0.4075  -20209.9316  0.4110 
   00301    0.4134  -20199.8125  0.4075 
   00302    0.4045  -20190.1261  0.4057 
   00303    0.4042  -20168.1651  0.4027 
   00304    0.4088  -20147.7555  0.4006 
   00305    0.4011  -20165.2545  0.3952 
   00306    0.4061  -20093.8289  0.3945 
   00307    0.4123  -20088.0187  0.3895 
   00308    0.4083  -20109.5872  0.3867 
   00309    0.4086  -20136.8870  0.3844 
   00310    0.4080  -20098.1082  0.3832 
   00311    0.4094  -20179.8818  0.3857 
   00312    0.4094  -20242.3952  0.3805 
   00313    0.3967  -20209.1541  0.3825 
   00314    0.3956  -20162.0316  0.3743 
   00315    0.4083  -20252.9936  0.3754 
   00316    0.4017  -20201.8130  0.3800 
   00317    0.4089  -20248.4890  0.3829 
   00318    0.4011  -20212.9278  0.3845 
   00319    0.4080  -20160.5550  0.3862 
   00320    0.3986  -20183.6768  0.3865 
   00321    0.4014  -20070.9214  0.3862 
   00322    0.4030  -20130.1141  0.3853 
   00323    0.4061  -20174.4883  0.3872 
   00324    0.4159  -20140.5961  0.3878 
   00325    0.4180  -20040.2858  0.3848 
   00326    0.3987  -20077.7027  0.3861 
   00327    0.4047  -20114.1588  0.3847 
   00328    0.4081  -20092.6731  0.3913 
   00329    0.4094  -20112.3217  0.3895 
   00330    0.4039  -20034.5272  0.3903 
   00331    0.4120  -20012.3826  0.3898 
   00332    0.4064  -20069.4423  0.3948 
   00333    0.3997  -20121.3825  0.3939 
   00334    0.4111  -20045.1345  0.3939 
   00335    0.4044  -20092.6955  0.3959 
   00336    0.4059  -20142.9594  0.3952 
   00337    0.4073  -20164.2578  0.3939 
   00338    0.4077  -20144.1922  0.3881 
   00339    0.4089  -20103.0293  0.3904 
   00340    0.4005  -20165.8687  0.3902 
   00341    0.4106  -20056.6766  0.3864 
   00342    0.4034  -20129.6641  0.3860 
   00343    0.3959  -20142.4380  0.3935 
   00344    0.4050  -20108.6812  0.3891 
   00345    0.4086  -20117.8815  0.3921 
   00346    0.4067  -20041.6027  0.3883 
   00347    0.3945  -20135.1137  0.3906 
   00348    0.4083  -20146.5200  0.3905 
   00349    0.3937  -20120.5441  0.3906 
   00350    0.4070  -20167.5712  0.3887 
   00351    0.4122  -20182.7105  0.3883 
   00352    0.4072  -20092.0752  0.3946 
   00353    0.4033  -20149.8577  0.3956 
   00354    0.4197  -20167.0181  0.3992 
   00355    0.3942  -20114.6604  0.4020 
   00356    0.3984  -20200.0743  0.4001 
   00357    0.4105  -20099.4724  0.3952 
   00358    0.4088  -20090.7629  0.3907 
   00359    0.4025  -20078.1881  0.3932 
   00360    0.4016  -20098.8594  0.3971 
   00361    0.4098  -20144.9900  0.3959 
   00362    0.4020  -20040.8254  0.3934 
   00363    0.4027  -20096.4756  0.3942 
   00364    0.4091  -20231.3221  0.3974 
   00365    0.3977  -20199.5816  0.3965 
   00366    0.4044  -20189.2555  0.3996 
   00367    0.4127  -20200.5771  0.3970 
   00368    0.4155  -20125.9156  0.3966 
   00369    0.4113  -20023.1409  0.3935 
   00370    0.4097  -19902.4894  0.3913 
   00371    0.4072  -19983.3142  0.3975 
   00372    0.4041  -19918.1357  0.3967 
   00373    0.4114  -19990.0635  0.3981 
   00374    0.4077  -19992.6776  0.4005 
   00375    0.4172  -19968.2870  0.3972 
   00376    0.4034  -20052.3352  0.3960 
   00377    0.4081  -20101.4450  0.4011 
   00378    0.4131  -20047.7520  0.4034 
   00379    0.4042  -20131.2607  0.4053 
   00380    0.4067  -20184.9799  0.4061 
   00381    0.4047  -20121.6384  0.4019 
   00382    0.4091  -20138.6378  0.4051 
   00383    0.4139  -20227.6986  0.4046 
   00384    0.4152  -20225.5402  0.4078 
   00385    0.4097  -20293.0203  0.4126 
   00386    0.3989  -20302.8850  0.4129 
   00387    0.4016  -20356.3745  0.4141 
   00388    0.3986  -20413.1450  0.4163 
   00389    0.3997  -20374.6161  0.4159 
   00390    0.3962  -20298.6299  0.4149 
   00391    0.3966  -20362.3899  0.4117 
   00392    0.3905  -20335.7870  0.4180 
   00393    0.4055  -20380.5156  0.4189 
   00394    0.4020  -20376.4077  0.4190 
   00395    0.3964  -20310.0761  0.4163 
   00396    0.4037  -20411.2446  0.4133 
   00397    0.3980  -20443.0283  0.4143 
   00398    0.3919  -20423.9756  0.4134 
   00399    0.4019  -20295.0952  0.4108 
   00400    0.3947  -20379.0423  0.4139 
   00401    0.4108  -20406.2653  0.4137 
   00402    0.3903  -20339.3580  0.4174 
   00403    0.4014  -20276.4724  0.4184 
   00404    0.3989  -20316.8309  0.4244 
   00405    0.3944  -20324.2277  0.4147 
   00406    0.4025  -20381.9244  0.4163 
   00407    0.4000  -20357.8637  0.4156 
   00408    0.4062  -20237.0981  0.4191 
   00409    0.4014  -20256.9449  0.4201 
   00410    0.3995  -20244.8959  0.4181 
   00411    0.4169  -20324.1062  0.4143 
   00412    0.4123  -20294.4458  0.4154 
   00413    0.3948  -20313.8656  0.4071 
   00414    0.3992  -20246.1802  0.4033 
   00415    0.4113  -20244.5550  0.3993 
   00416    0.4041  -20240.2003  0.3981 
   00417    0.4030  -20189.0577  0.3984 
   00418    0.4009  -20207.8402  0.3995 
   00419    0.4020  -20206.8158  0.3986 
   00420    0.4088  -20191.9392  0.3953 
   00421    0.4048  -20228.0687  0.3948 
   00422    0.3969  -20137.9652  0.3885 
   00423    0.4122  -20176.9025  0.3889 
   00424    0.4008  -20228.0204  0.3904 
   00425    0.4042  -20207.1830  0.3898 
   00426    0.4123  -20121.3601  0.3924 
   00427    0.4045  -20128.7000  0.3899 
   00428    0.4086  -20163.3230  0.3838 
   00429    0.4003  -20240.5894  0.3829 
   00430    0.4114  -20190.3332  0.3791 
   00431    0.4094  -20147.1225  0.3758 
   00432    0.4009  -20194.0679  0.3806 
   00433    0.4145  -20221.7162  0.3841 
   00434    0.4086  -20243.3159  0.3838 
   00435    0.4003  -20143.3498  0.3806 
   00436    0.3995  -20161.6209  0.3788 
   00437    0.4086  -20197.9026  0.3811 
   00438    0.4091  -20205.6976  0.3851 
   00439    0.4011  -20249.7575  0.3920 
   00440    0.4075  -20321.8940  0.3935 
   00441    0.4017  -20279.7126  0.3939 
   00442    0.4048  -20246.9188  0.3958 
   00443    0.4100  -20271.8300  0.3955 
   00444    0.4170  -20214.3384  0.3957 
   00445    0.4078  -20223.2532  0.3962 
   00446    0.3970  -20181.6459  0.3957 
   00447    0.4036  -20171.0904  0.3909 
   00448    0.3970  -20215.7145  0.3893 
   00449    0.4152  -20184.1676  0.3864 
   00450    0.4111  -20186.4762  0.3842 
   00451    0.4059  -20139.2389  0.3852 
   00452    0.4062  -20201.7722  0.3888 
   00453    0.4014  -20105.7087  0.3858 
   00454    0.4055  -20165.9692  0.3903 
   00455    0.3992  -20219.4166  0.3907 
   00456    0.3991  -20116.4540  0.3937 
   00457    0.3880  -20219.6235  0.3958 
   00458    0.4003  -20277.3620  0.3994 
   00459    0.4012  -20330.8599  0.4003 
   00460    0.3909  -20338.8754  0.3992 
   00461    0.4019  -20321.1292  0.3940 
   00462    0.3987  -20313.0948  0.3947 
   00463    0.4119  -20252.9024  0.3968 
   00464    0.4030  -20221.9470  0.3950 
   00465    0.4003  -20271.7671  0.3936 
   00466    0.4078  -20217.4701  0.3916 
   00467    0.4014  -20188.3401  0.3887 
   00468    0.4072  -20148.4751  0.3890 
   00469    0.4027  -20091.7358  0.3867 
   00470    0.4128  -20227.5487  0.3832 
   00471    0.4061  -20192.1836  0.3836 
   00472    0.4006  -20168.2113  0.3879 
   00473    0.3923  -20206.0885  0.3892 
   00474    0.3978  -20242.5300  0.3947 
   00475    0.4052  -20180.2156  0.3924 
   00476    0.4053  -20281.4105  0.3948 
   00477    0.4008  -20247.4761  0.3982 
   00478    0.4014  -20269.3984  0.3960 
   00479    0.4109  -20215.5793  0.3953 
   00480    0.4019  -20209.0124  0.3934 
   00481    0.4056  -20222.2310  0.3927 
   00482    0.3900  -20164.0173  0.3952 
   00483    0.4095  -20202.2062  0.3915 
   00484    0.3984  -20180.1561  0.3941 
   00485    0.4027  -20231.6988  0.3967 
   00486    0.4094  -20302.3302  0.3956 
   00487    0.4089  -20271.6412  0.3967 
   00488    0.3995  -20298.7012  0.3967 
   00489    0.3936  -20212.8408  0.3989 
   00490    0.4070  -20273.2297  0.3975 
   00491    0.4089  -20292.5463  0.3976 
   00492    0.3917  -20303.7746  0.3969 
   00493    0.4005  -20320.7580  0.3955 
   00494    0.4020  -20362.8314  0.4010 
   00495    0.4037  -20243.1406  0.4040 
   00496    0.4127  -20269.4051  0.4021 
   00497    0.4030  -20204.8582  0.4003 
   00498    0.4031  -20218.4719  0.3989 
   00499    0.3958  -20262.0859  0.4003 
   00500    0.4034  -20242.0328  0.4015 
   00501    0.3966  -20233.6949  0.3974 
   00502    0.4014  -20208.2360  0.3928 
   00503    0.4086  -20288.8582  0.3969 
   00504    0.4114  -20302.7523  0.4015 
   00505    0.4120  -20235.8928  0.3991 
   00506    0.4023  -20170.0149  0.4029 
   00507    0.4039  -20220.8591  0.4025 
   00508    0.4000  -20192.0931  0.4044 
   00509    0.3911  -20177.2965  0.4072 
   00510    0.4034  -20230.2975  0.4085 
   00511    0.4083  -20219.7333  0.4114 
   00512    0.4023  -20170.7214  0.4115 
   00513    0.4031  -20236.5776  0.4103 
   00514    0.3998  -20260.7856  0.4061 
   00515    0.4109  -20169.4575  0.4012 
   00516    0.4097  -20094.3867  0.4006 
   00517    0.3958  -20218.9962  0.3970 
   00518    0.3959  -20191.0177  0.3969 
   00519    0.4089  -20109.7385  0.4005 
   00520    0.4056  -20253.7626  0.4013 
   00521    0.4119  -20307.1247  0.4030 
   00522    0.4041  -20234.4504  0.3999 
   00523    0.3945  -20239.7769  0.3996 
   00524    0.3930  -20307.9247  0.3990 
   00525    0.3962  -20301.3347  0.3950 
   00526    0.4036  -20327.0028  0.3983 
   00527    0.4017  -20319.8568  0.3986 
   00528    0.4091  -20316.9038  0.4003 
   00529    0.3925  -20297.1344  0.4056 
   00530    0.4103  -20302.3775  0.4093 
   00531    0.4095  -20296.8869  0.4083 
   00532    0.3981  -20310.0714  0.4096 
   00533    0.3936  -20256.1715  0.4155 
   00534    0.4028  -20264.0889  0.4182 
   00535    0.4056  -20310.9376  0.4206 
   00536    0.3966  -20290.7206  0.4165 
   00537    0.3953  -20221.0180  0.4143 
   00538    0.4089  -20234.7030  0.4174 
   00539    0.4034  -20213.1363  0.4167 
   00540    0.4030  -20295.7049  0.4132 
   00541    0.3950  -20376.1355  0.4178 
   00542    0.3961  -20350.7760  0.4165 
   00543    0.4014  -20419.0593  0.4183 
   00544    0.4120  -20375.4547  0.4188 
   00545    0.3953  -20310.0736  0.4255 
   00546    0.4073  -20278.8030  0.4247 
   00547    0.4183  -20171.3816  0.4228 
   00548    0.4103  -20121.9321  0.4248 
   00549    0.3931  -20170.5869  0.4263 
   00550    0.4020  -20161.2710  0.4240 
   00551    0.4136  -20223.2042  0.4215 
   00552    0.3997  -20265.8381  0.4243 
   00553    0.3972  -20376.2468  0.4207 
   00554    0.4019  -20410.3085  0.4205 
   00555    0.4105  -20367.8730  0.4190 
   00556    0.3859  -20309.6830  0.4192 
   00557    0.3978  -20307.4719  0.4184 
   00558    0.3995  -20348.5642  0.4181 
   00559    0.4008  -20324.6898  0.4194 
   00560    0.3937  -20343.0107  0.4220 
   00561    0.4009  -20262.0383  0.4192 
   00562    0.3972  -20235.9237  0.4198 
   00563    0.3941  -20319.3919  0.4242 
   00564    0.4114  -20342.4908  0.4218 
   00565    0.4031  -20372.2103  0.4264 
   00566    0.3969  -20317.7017  0.4251 
   00567    0.4192  -20299.4080  0.4300 
   00568    0.4133  -20262.9003  0.4327 
   00569    0.4095  -20339.1782  0.4312 
   00570    0.4047  -20260.4199  0.4332 
   00571    0.4062  -20368.8481  0.4321 
   00572    0.4075  -20339.5330  0.4318 
   00573    0.3989  -20283.8842  0.4290 
   00574    0.3978  -20299.9202  0.4299 
   00575    0.3908  -20224.5091  0.4319 
   00576    0.4100  -20122.3754  0.4313 
   00577    0.4128  -20220.0619  0.4284 
   00578    0.4020  -20212.0162  0.4308 
   00579    0.3987  -20260.3632  0.4282 
   00580    0.3967  -20294.7283  0.4285 
   00581    0.4102  -20298.5861  0.4267 
   00582    0.3969  -20363.0831  0.4222 
   00583    0.4100  -20337.1389  0.4221 
   00584    0.4064  -20277.7328  0.4190 
   00585    0.3891  -20278.2158  0.4168 
   00586    0.3984  -20287.2713  0.4173 
   00587    0.3947  -20219.7955  0.4170 
   00588    0.4050  -20260.7285  0.4147 
   00589    0.4025  -20190.4499  0.4144 
   00590    0.3962  -20218.6795  0.4193 
   00591    0.4077  -20208.2828  0.4139 
   00592    0.3983  -20264.2371  0.4168 
   00593    0.4100  -20232.4102  0.4181 
   00594    0.4033  -20223.0720  0.4184 
   00595    0.4081  -20184.8498  0.4191 
   00596    0.4012  -20219.0947  0.4211 
   00597    0.4033  -20174.8020  0.4213 
   00598    0.4017  -20238.4065  0.4267 
   00599    0.4044  -20120.7734  0.4294 
   00600    0.4188  -20193.5146  0.4283 
   00601    0.4078  -20215.2365  0.4299 
   00602    0.4086  -20106.5592  0.4252 
   00603    0.4094  -20231.2485  0.4250 
   00604    0.4045  -20233.3310  0.4260 
   00605    0.4028  -20229.5906  0.4226 
   00606    0.3941  -20175.8893  0.4224 
   00607    0.4030  -20264.9180  0.4239 
   00608    0.4034  -20240.8975  0.4225 
   00609    0.4014  -20318.5805  0.4205 
   00610    0.4103  -20248.8599  0.4180 
   00611    0.4106  -20250.1532  0.4148 
   00612    0.3869  -20243.9328  0.4187 
   00613    0.4055  -20372.3934  0.4213 
   00614    0.4009  -20349.9120  0.4251 
   00615    0.3937  -20266.1898  0.4202 
   00616    0.4039  -20240.0756  0.4217 
   00617    0.4080  -20203.5910  0.4155 
   00618    0.4098  -20247.4339  0.4171 
   00619    0.4053  -20265.6814  0.4196 
   00620    0.4091  -20325.2395  0.4263 
   00621    0.4023  -20212.2086  0.4251 
   00622    0.3975  -20196.5906  0.4291 
   00623    0.4044  -20251.1008  0.4298 
   00624    0.4066  -20299.7778  0.4263 
   00625    0.4067  -20224.6549  0.4226 
   00626    0.4131  -20299.5163  0.4250 
   00627    0.3973  -20303.2372  0.4247 
   00628    0.4067  -20320.5957  0.4273 
   00629    0.3958  -20290.1976  0.4268 
   00630    0.4002  -20196.8018  0.4213 
   00631    0.3975  -20145.0184  0.4187 
   00632    0.4142  -20112.5096  0.4173 
   00633    0.3952  -20195.6998  0.4226 
   00634    0.3962  -20097.2932  0.4188 
   00635    0.4056  -20050.6749  0.4217 
   00636    0.4052  -20117.7858  0.4234 
   00637    0.4037  -20082.1767  0.4262 
   00638    0.4106  -20103.5994  0.4261 
   00639    0.4047  -20136.0008  0.4301 
   00640    0.4033  -20199.2354  0.4312 
   00641    0.3994  -20216.4764  0.4290 
   00642    0.4141  -20222.1827  0.4245 
   00643    0.4136  -20216.6506  0.4216 
   00644    0.4080  -20167.7425  0.4210 
   00645    0.4052  -20265.7916  0.4260 
   00646    0.4050  -20374.9412  0.4292 
   00647    0.4031  -20437.0211  0.4308 
   00648    0.3833  -20474.3267  0.4278 
   00649    0.4042  -20455.1936  0.4254 
   00650    0.4102  -20350.7458  0.4246 
   00651    0.4083  -20386.5101  0.4269 
   00652    0.4045  -20431.2496  0.4306 
   00653    0.4081  -20415.2669  0.4289 
   00654    0.4025  -20303.3233  0.4320 
   00655    0.3997  -20183.3321  0.4308 
   00656    0.4147  -20105.7656  0.4340 
   00657    0.4130  -20151.6112  0.4333 
   00658    0.4083  -20205.3169  0.4326 
   00659    0.4008  -20276.9474  0.4366 
   00660    0.4064  -20367.7835  0.4373 
   00661    0.3948  -20379.6659  0.4413 
   00662    0.4039  -20387.1135  0.4455 
   00663    0.3923  -20362.5899  0.4454 
   00664    0.4047  -20430.8559  0.4466 
   00665    0.3894  -20408.0431  0.4444 
   00666    0.3970  -20448.8030  0.4442 
   00667    0.3980  -20438.6655  0.4448 
   00668    0.4050  -20453.3875  0.4439 
   00669    0.4000  -20339.7092  0.4421 
   00670    0.4095  -20238.4424  0.4425 
   00671    0.4023  -20332.6645  0.4376 
   00672    0.4012  -20351.9329  0.4348 
   00673    0.4078  -20353.9243  0.4308 
   00674    0.4058  -20378.6498  0.4297 
   00675    0.4036  -20434.6836  0.4314 
   00676    0.4016  -20406.1896  0.4310 
   00677    0.4113  -20392.1086  0.4311 
   00678    0.4012  -20379.8638  0.4313 
   00679    0.3936  -20360.5585  0.4315 
   00680    0.4031  -20356.3023  0.4382 
   00681    0.3972  -20339.4890  0.4418 
   00682    0.3956  -20379.8438  0.4406 
   00683    0.4066  -20351.5537  0.4408 
   00684    0.4005  -20367.3356  0.4369 
   00685    0.4017  -20291.6022  0.4330 
   00686    0.4017  -20382.9528  0.4275 
   00687    0.3981  -20413.1370  0.4268 
   00688    0.3987  -20460.6340  0.4258 
   00689    0.3933  -20447.8843  0.4272 
   00690    0.4100  -20369.1253  0.4206 
   00691    0.4059  -20449.3835  0.4231 
   00692    0.4036  -20470.8802  0.4215 
   00693    0.4031  -20373.5196  0.4154 
   00694    0.3955  -20493.2887  0.4132 
   00695    0.3967  -20576.3252  0.4119 
   00696    0.3994  -20495.4296  0.4100 
   00697    0.4028  -20403.0377  0.4056 
   00698    0.3961  -20301.8472  0.4102 
   00699    0.4045  -20359.0525  0.4054 
   00700    0.3978  -20288.7095  0.4042 
   00701    0.3981  -20319.0087  0.4071 
   00702    0.3977  -20299.3470  0.4072 
   00703    0.4053  -20288.9852  0.4070 
   00704    0.4064  -20223.7781  0.4049 
   00705    0.3969  -20231.4372  0.4061 
   00706    0.4020  -20193.9927  0.4056 
   00707    0.4102  -20158.6842  0.4061 
   00708    0.4052  -20154.3703  0.4040 
   00709    0.3992  -20240.8478  0.4045 
   00710    0.3986  -20080.6753  0.4073 
   00711    0.4080  -20106.3704  0.4109 
   00712    0.3977  -20171.5873  0.4118 
   00713    0.4089  -20209.2288  0.4153 
   00714    0.4134  -20192.6609  0.4113 
   00715    0.4062  -20257.8799  0.4130 
   00716    0.4075  -20143.4431  0.4120 
   00717    0.4089  -20211.9824  0.4115 
   00718    0.3992  -20238.1617  0.4133 
   00719    0.4108  -20238.4226  0.4205 
   00720    0.4134  -20278.5780  0.4227 
   00721    0.3987  -20396.8298  0.4261 
   00722    0.4059  -20412.5590  0.4267 
   00723    0.4055  -20347.4314  0.4254 
   00724    0.4103  -20348.8797  0.4268 
   00725    0.4031  -20338.2784  0.4319 
   00726    0.4064  -20301.7951  0.4333 
   00727    0.3955  -20338.2039  0.4296 
   00728    0.4062  -20402.9005  0.4329 
   00729    0.3898  -20315.1911  0.4273 
   00730    0.4081  -20428.8787  0.4262 
   00731    0.3891  -20365.6470  0.4270 
   00732    0.4064  -20346.5359  0.4226 
   00733    0.3956  -20287.6553  0.4279 
   00734    0.4098  -20366.9003  0.4293 
   00735    0.3964  -20355.9713  0.4292 
   00736    0.3953  -20398.1546  0.4289 
   00737    0.3923  -20377.3903  0.4305 
   00738    0.4053  -20299.4075  0.4269 
   00739    0.3883  -20312.1430  0.4280 
   00740    0.4020  -20261.9440  0.4276 
   00741    0.4019  -20278.7534  0.4260 
   00742    0.4062  -20280.0988  0.4269 
   00743    0.4019  -20280.8841  0.4317 
   00744    0.4077  -20251.9225  0.4353 
   00745    0.3916  -20250.7399  0.4382 
   00746    0.4067  -20320.9766  0.4396 
   00747    0.4100  -20173.9878  0.4335 
   00748    0.4028  -20144.3376  0.4345 
   00749    0.3956  -20238.9979  0.4381 
   00750    0.4058  -20261.9785  0.4370 
   00751    0.4048  -20256.1402  0.4334 
   00752    0.4078  -20196.2575  0.4331 
   00753    0.4059  -20255.7702  0.4351 
   00754    0.3947  -20279.8718  0.4335 
   00755    0.3959  -20247.3075  0.4303 
   00756    0.3994  -20342.1055  0.4346 
   00757    0.4030  -20283.9050  0.4308 
   00758    0.4036  -20208.6752  0.4282 
   00759    0.3989  -20216.6696  0.4261 
   00760    0.4020  -20163.6421  0.4277 
   00761    0.4069  -20124.5444  0.4315 
   00762    0.4011  -20083.8426  0.4376 
   00763    0.4034  -20083.9418  0.4406 
   00764    0.4066  -20262.4716  0.4349 
   00765    0.3933  -20271.1378  0.4339 
   00766    0.4017  -20317.2194  0.4366 
   00767    0.3792  -20377.5708  0.4350 
   00768    0.4020  -20415.5443  0.4364 
   00769    0.3953  -20363.4311  0.4372 
   00770    0.3983  -20369.5432  0.4409 
   00771    0.3869  -20464.0234  0.4394 
   00772    0.3905  -20498.1234  0.4433 
   00773    0.4028  -20458.9975  0.4412 
   00774    0.3972  -20430.9635  0.4414 
   00775    0.4061  -20354.6742  0.4437 
   00776    0.4044  -20296.7682  0.4480 
   00777    0.4000  -20304.5041  0.4456 
   00778    0.3894  -20291.8394  0.4476 
   00779    0.4037  -20296.4474  0.4418 
   00780    0.3947  -20341.6286  0.4398 
   00781    0.4050  -20290.4846  0.4356 
   00782    0.4139  -20213.0915  0.4338 
   00783    0.4083  -20174.8036  0.4341 
   00784    0.4034  -20254.4531  0.4330 
   00785    0.4045  -20250.2893  0.4350 
   00786    0.4064  -20235.4727  0.4326 
   00787    0.4006  -20240.4449  0.4340 
   00788    0.4005  -20213.1171  0.4374 
   00789    0.4098  -20228.7346  0.4359 
   00790    0.4145  -20278.6553  0.4369 
   00791    0.3887  -20296.9491  0.4394 
   00792    0.4009  -20250.9579  0.4382 
   00793    0.4105  -20240.9611  0.4398 
   00794    0.3992  -20229.4250  0.4388 
   00795    0.3955  -20177.7512  0.4359 
   00796    0.4059  -20117.3513  0.4377 
   00797    0.4056  -20082.9573  0.4378 
   00798    0.4198  -20208.0939  0.4356 
   00799    0.4069  -20062.3186  0.4371 
   00800    0.4138  -20156.2020  0.4374 
   00801    0.4069  -20060.1547  0.4318 
   00802    0.4031  -20078.6434  0.4324 
   00803    0.4073  -20143.0434  0.4339 
   00804    0.4059  -20127.4442  0.4354 
   00805    0.3969  -20254.6954  0.4330 
   00806    0.4041  -20193.7592  0.4349 
   00807    0.4041  -20335.4502  0.4354 
   00808    0.3925  -20385.1295  0.4369 
   00809    0.4073  -20352.0558  0.4375 
   00810    0.4067  -20259.9185  0.4372 
   00811    0.4109  -20156.7535  0.4404 
   00812    0.4122  -20050.8856  0.4339 
   00813    0.4056  -20078.5702  0.4405 
   00814    0.4138  -20090.5888  0.4427 
   00815    0.4116  -20284.6921  0.4461 
   00816    0.4062  -20306.0456  0.4466 
   00817    0.4102  -20281.4775  0.4436 
   00818    0.4052  -20190.2428  0.4428 
   00819    0.4023  -20244.5852  0.4401 
   00820    0.3987  -20291.6322  0.4340 
   00821    0.4053  -20279.1709  0.4334 
   00822    0.4006  -20267.4666  0.4330 
   00823    0.4022  -20306.9615  0.4358 
   00824    0.4059  -20333.0406  0.4340 
   00825    0.4031  -20311.5216  0.4332 
   00826    0.4030  -20258.7975  0.4311 
   00827    0.4006  -20264.5935  0.4312 
   00828    0.4078  -20272.4862  0.4276 
   00829    0.4095  -20282.3455  0.4305 
   00830    0.4139  -20192.1117  0.4319 
   00831    0.3986  -20179.0056  0.4318 
   00832    0.4123  -20204.7290  0.4317 
   00833    0.4064  -20231.5910  0.4301 
   00834    0.3944  -20184.0500  0.4311 
   00835    0.4094  -20138.3656  0.4240 
   00836    0.3998  -20212.0093  0.4220 
   00837    0.3994  -20230.5635  0.4183 
   00838    0.3958  -20140.3363  0.4173 
   00839    0.4030  -20095.5400  0.4157 
   00840    0.4098  -20222.9746  0.4212 
   00841    0.3994  -20299.2875  0.4228 
   00842    0.4020  -20339.2810  0.4240 
   00843    0.4073  -20248.5208  0.4213 
   00844    0.4077  -20298.4130  0.4183 
   00845    0.4062  -20355.2389  0.4181 
   00846    0.4047  -20362.6011  0.4248 
   00847    0.3958  -20454.9328  0.4249 
   00848    0.3991  -20324.8949  0.4241 
   00849    0.4008  -20225.9324  0.4254 
   00850    0.4003  -20228.6302  0.4273 
   00851    0.4062  -20226.7306  0.4270 
   00852    0.4083  -20313.5535  0.4290 
   00853    0.3942  -20335.3009  0.4245 
   00854    0.3983  -20286.7869  0.4262 
   00855    0.4188  -20143.9229  0.4269 
   00856    0.4078  -20224.5725  0.4233 
   00857    0.4050  -20305.4962  0.4222 
   00858    0.4122  -20331.3624  0.4253 
   00859    0.3912  -20362.4216  0.4272 
   00860    0.4055  -20317.0850  0.4302 
   00861    0.4062  -20258.4723  0.4291 
   00862    0.4147  -20319.3411  0.4232 
   00863    0.3939  -20221.3173  0.4221 
   00864    0.4089  -20243.3864  0.4153 
   00865    0.3956  -20273.4915  0.4130 
   00866    0.4108  -20248.3367  0.4152 
   00867    0.3962  -20363.4469  0.4175 
   00868    0.4023  -20396.6765  0.4206 
   00869    0.3980  -20379.6512  0.4188 
   00870    0.3980  -20332.0589  0.4247 
   00871    0.4042  -20306.1372  0.4294 
   00872    0.4052  -20181.1177  0.4297 
   00873    0.4102  -20251.6327  0.4298 
   00874    0.4089  -20301.9008  0.4317 
   00875    0.4113  -20309.5661  0.4319 
   00876    0.4039  -20220.0539  0.4350 
   00877    0.3956  -20164.1565  0.4318 
   00878    0.4111  -20175.8380  0.4312 
   00879    0.3908  -20177.3083  0.4358 
   00880    0.4089  -20129.6102  0.4342 
   00881    0.4061  -20203.1123  0.4350 
   00882    0.4111  -20260.2322  0.4376 
   00883    0.4077  -20277.6689  0.4354 
   00884    0.4034  -20186.2619  0.4383 
   00885    0.4066  -20198.1621  0.4351 
   00886    0.4039  -20251.9822  0.4357 
   00887    0.4016  -20186.6388  0.4349 
   00888    0.4173  -20066.0275  0.4344 
   00889    0.4036  -20004.9666  0.4352 
   00890    0.4117  -19982.4907  0.4339 
   00891    0.4111  -20016.0925  0.4313 
   00892    0.4044  -20094.5341  0.4303 
   00893    0.4022  -20194.8187  0.4337 
   00894    0.4148  -20169.4490  0.4314 
   00895    0.4156  -20214.8211  0.4323 
   00896    0.4195  -20222.8998  0.4382 
   00897    0.4116  -20138.5251  0.4369 
   00898    0.4138  -20203.9657  0.4440 
   00899    0.4019  -20271.8274  0.4441 
   00900    0.4111  -20177.3432  0.4412 
   00901    0.4073  -20167.6831  0.4406 
   00902    0.4008  -20194.4171  0.4423 
   00903    0.4225  -20175.0937  0.4449 
   00904    0.3987  -20293.1402  0.4443 
   00905    0.4062  -20334.3129  0.4375 
   00906    0.4102  -20182.9730  0.4324 
   00907    0.4164  -20195.6052  0.4318 
   00908    0.4028  -20240.1228  0.4299 
   00909    0.3906  -20269.3358  0.4310 
   00910    0.4011  -20232.9210  0.4358 
   00911    0.4113  -20205.9045  0.4341 
   00912    0.4083  -20069.5059  0.4331 
   00913    0.4153  -20006.1947  0.4374 
   00914    0.4088  -20004.8252  0.4350 
   00915    0.4102  -20033.4114  0.4306 
   00916    0.4011  -20127.3568  0.4317 
   00917    0.4037  -20249.6256  0.4274 
   00918    0.4048  -20257.8059  0.4245 
   00919    0.4105  -20270.0343  0.4251 
   00920    0.4031  -20318.3015  0.4247 
   00921    0.4155  -20257.9490  0.4227 
   00922    0.4019  -20308.5365  0.4259 
   00923    0.4122  -20221.1640  0.4293 
   00924    0.3987  -20243.7594  0.4294 
   00925    0.4061  -20337.2974  0.4362 
   00926    0.4019  -20364.9546  0.4360 
   00927    0.3986  -20385.7318  0.4340 
   00928    0.4155  -20466.7833  0.4381 
   00929    0.3955  -20475.9173  0.4388 
   00930    0.3928  -20442.0220  0.4398 
   00931    0.4047  -20460.4890  0.4419 
   00932    0.3981  -20423.1279  0.4413 
   00933    0.3983  -20356.3719  0.4488 
   00934    0.4033  -20364.1750  0.4449 
   00935    0.4044  -20368.2775  0.4444 
   00936    0.3962  -20331.5046  0.4442 
   00937    0.3998  -20385.2452  0.4455 
   00938    0.3980  -20525.9254  0.4501 
   00939    0.4041  -20390.7366  0.4453 
   00940    0.4009  -20295.6376  0.4449 
   00941    0.4141  -20298.3139  0.4438 
   00942    0.4048  -20196.3396  0.4394 
   00943    0.3983  -20190.3398  0.4371 
   00944    0.3970  -20333.8689  0.4375 
   00945    0.4156  -20401.3037  0.4399 
   00946    0.4030  -20359.5389  0.4388 
   00947    0.4097  -20312.1474  0.4393 
   00948    0.3997  -20301.8746  0.4396 
   00949    0.4075  -20367.0218  0.4404 
   00950    0.3927  -20417.7231  0.4358 
   00951    0.4045  -20417.4347  0.4372 
   00952    0.4069  -20389.1702  0.4396 
   00953    0.3947  -20348.1583  0.4408 
   00954    0.4056  -20340.0828  0.4377 
   00955    0.4011  -20333.1171  0.4349 
   00956    0.4142  -20296.8508  0.4324 
   00957    0.3956  -20223.0540  0.4339 
   00958    0.4044  -20187.7892  0.4361 
   00959    0.3961  -20205.9447  0.4374 
   00960    0.4066  -20239.1374  0.4390 
   00961    0.4056  -20180.2683  0.4371 
   00962    0.4005  -20219.2506  0.4427 
   00963    0.4123  -20254.2357  0.4386 
   00964    0.4128  -20193.2707  0.4409 
   00965    0.3945  -20146.7954  0.4425 
   00966    0.4069  -20228.2551  0.4436 
   00967    0.4017  -20229.5696  0.4431 
   00968    0.3977  -20174.2707  0.4453 
   00969    0.4120  -20114.7703  0.4481 
   00970    0.3922  -20173.7092  0.4462 
   00971    0.4052  -20298.7558  0.4492 
   00972    0.3980  -20345.1612  0.4503 
   00973    0.4041  -20352.7071  0.4426 
   00974    0.3983  -20395.0399  0.4428 
   00975    0.4066  -20360.9459  0.4397 
   00976    0.4030  -20344.4551  0.4398 
   00977    0.3945  -20361.7687  0.4381 
   00978    0.4152  -20308.3748  0.4381 
   00979    0.4091  -20284.9686  0.4334 
   00980    0.3942  -20279.4596  0.4296 
   00981    0.4055  -20354.3545  0.4272 
   00982    0.4028  -20379.6180  0.4262 
   00983    0.3987  -20313.1003  0.4258 
   00984    0.4092  -20281.4315  0.4258 
   00985    0.4075  -20360.3480  0.4268 
   00986    0.4019  -20391.8848  0.4295 
   00987    0.4058  -20411.8858  0.4303 
   00988    0.4009  -20313.9912  0.4313 
   00989    0.3970  -20373.6284  0.4302 
   00990    0.4022  -20330.4839  0.4312 
   00991    0.3978  -20360.2809  0.4318 
   00992    0.3995  -20273.4448  0.4340 
   00993    0.4031  -20314.5865  0.4278 
   00994    0.4064  -20326.1312  0.4224 
   00995    0.4048  -20339.9098  0.4245 
   00996    0.4092  -20343.6984  0.4282 
   00997    0.4036  -20296.2510  0.4274 
   00998    0.4078  -20278.3174  0.4254 
   00999    0.4128  -20286.9003  0.4236 
   01000    0.4078  -20316.0715  0.4194 
