#=====================================================
# File created:        Sun-15-Feb-2026-at-03-35-31PM
# Size of lattice:     20x20
# Number of MC steps:  1000
# Reduced temperature: 0.650
# Run time (s):        3.518421
#=====================================================
# MC step:  Ratio:     Energy:   Order:
#=====================================================
   00000    0.5000    -414.0668  0.2657 
   00001    0.6800    -652.1208  0.2771 
   00002    0.5875    -729.7843  0.2936 
   00003    0.5300    -816.5094  0.2801 
   00004    0.5050    -865.3029  0.3010 
   00005    0.4925    -906.6465  0.3198 
   00006    0.5250    -973.8474  0.3183 
   00007    0.4925   -1024.6712  0.3312 
   00008    0.5000   -1047.0984  0.3380 
   00009    0.4100   -1078.6254  0.3304 
   00010    0.4625   -1068.7009  0.3404 
   00011    0.4500   -1086.2301  0.3522 
   00012    0.4300   -1084.7278  0.3363 
   00013    0.4625   -1103.7590  0.3261 
   00014    0.4125   -1132.5068  0.3248 
   00015    0.4475   -1135.5562  0.3279 
   00016    0.4450   -1135.1871  0.3476 
   00017    0.4400   -1120.3576  0.3382 
   00018    0.4375   -1119.0851  0.3284 
   00019    0.4275   -1137.6755  0.3103 
   00020    0.4275   -1139.2447  0.3022 
   00021    0.4500   -1153.8835  0.2677 
   00022    0.4300   -1148.7978  0.2821 
   00023    0.4300   -1169.9187  0.2986 
   00024    0.4250   -1140.9842  0.3191 
   00025    0.4475   -1139.8713  0.3337 
   00026    0.4675   -1165.9430  0.3135 
   00027    0.4900   -1167.8617  0.3169 
   00028    0.4225   -1170.6354  0.2990 
   00029    0.4000   -1202.8456  0.3186 
   00030    0.3750   -1203.8729  0.3199 
   00031    0.4300   -1229.5737  0.3164 
   00032    0.4075   -1210.4573  0.3064 
   00033    0.4025   -1209.9737  0.3072 
   00034    0.4200   -1194.8158  0.3270 
   00035    0.4400   -1193.7756  0.3339 
   00036    0.4100   -1199.9946  0.3201 
   00037    0.4050   -1197.6702  0.3336 
   00038    0.4575   -1203.1291  0.3318 
   00039    0.4075   -1194.2292  0.3259 
   00040    0.4150   -1202.3518  0.3153 
   00041    0.4150   -1200.4478  0.3331 
   00042    0.4025   -1216.6707  0.3242 
   00043    0.3625   -1210.2189  0.3104 
   00044    0.4050   -1235.8229  0.3217 
   00045    0.3825   -1243.1440  0.3264 
   00046    0.3800   -1247.9152  0.3033 
   00047    0.4200   -1229.2471  0.2991 
   00048    0.3825   -1235.6645  0.2822 
   00049    0.4600   -1201.2143  0.2874 
   00050    0.4100   -1212.8637  0.3017 
   00051    0.4450   -1213.1567  0.3363 
   00052    0.4225   -1206.4269  0.3289 
   00053    0.3950   -1192.5990  0.3419 
   00054    0.4600   -1185.9060  0.3312 
   00055    0.4250   -1200.5697  0.3249 
   00056    0.4100   -1200.2422  0.3255 
   00057    0.4175   -1220.4792  0.3381 
   00058    0.4275   -1182.6256  0.3416 
   00059    0.4450   -1188.2618  0.3472 
   00060    0.3875   -1208.9183  0.3576 
   00061    0.4525   -1193.5680  0.3699 
   00062    0.3925   -1176.0381  0.3738 
   00063    0.4200   -1166.9845  0.3754 
   00064    0.4225   -1179.4936  0.3650 
   00065    0.4250   -1183.9353  0.3513 
   00066    0.4450   -1181.1309  0.3771 
   00067    0.4675   -1172.8034  0.3616 
   00068    0.4500   -1193.9419  0.3643 
   00069    0.4000   -1191.0627  0.3695 
   00070    0.4825   -1186.0403  0.3480 
   00071    0.3750   -1184.6558  0.3476 
   00072    0.4175   -1195.4941  0.3511 
   00073    0.4225   -1178.2291  0.3419 
   00074    0.4400   -1202.9748  0.3366 
   00075    0.4600   -1208.7936  0.3456 
   00076    0.3925   -1209.9979  0.3550 
   00077    0.4275   -1192.6231  0.3382 
   00078    0.3900   -1191.5344  0.3474 
   00079    0.4125   -1194.0683  0.3480 
   00080    0.4575   -1188.3338  0.3654 
   00081    0.4500   -1186.3731  0.3520 
   00082    0.4125   -1167.8148  0.3607 
   00083    0.5075   -1190.2325  0.3700 
   00084    0.4050   -1195.7935  0.3696 
   00085    0.4200   -1183.4645  0.3800 
   00086    0.4150   -1168.4061  0.3930 
   00087    0.3925   -1185.8325  0.3754 
   00088    0.4475   -1206.5970  0.3819 
   00089    0.4100   -1196.7968  0.3782 
   00090    0.4625   -1200.9605  0.3824 
   00091    0.4350   -1212.7353  0.3951 
   00092    0.4150   -1214.8989  0.3796 
   00093    0.3950   -1196.0334  0.3946 
   00094    0.4175   -1219.3507  0.3981 
   00095    0.4250   -1219.9647  0.4147 
   00096    0.4600   -1225.6748  0.4063 
   00097    0.4275   -1202.0791  0.3880 
   00098    0.4475   -1202.2569  0.3848 
   00099    0.4325   -1186.4465  0.3802 
   00100    0.4000   -1202.8289  0.3905 
   00101    0.4400   -1216.8667  0.4063 
   00102    0.4225   -1216.1741  0.4097 
   00103    0.4275   -1243.7019  0.4236 
   00104    0.3975   -1220.6529  0.4008 
   00105    0.4300   -1243.8152  0.4267 
   00106    0.4325   -1219.0937  0.4089 
   00107    0.3950   -1203.6241  0.4040 
   00108    0.4250   -1211.9001  0.3799 
   00109    0.4275   -1196.2514  0.3678 
   00110    0.4450   -1213.2246  0.3838 
   00111    0.4375   -1199.2958  0.3668 
   00112    0.3975   -1198.4213  0.3483 
   00113    0.4250   -1196.0552  0.3729 
   00114    0.4625   -1212.8497  0.3891 
   00115    0.4050   -1204.8694  0.3745 
   00116    0.4275   -1213.5236  0.3636 
   00117    0.4225   -1208.3365  0.3511 
   00118    0.4175   -1223.2898  0.3262 
   00119    0.3825   -1218.6681  0.3245 
   00120    0.4275   -1202.8796  0.3270 
   00121    0.4275   -1210.2970  0.3183 
   00122    0.4075   -1215.5667  0.3468 
   00123    0.4050   -1233.4261  0.3417 
   00124    0.4000   -1204.6056  0.3616 
   00125    0.3800   -1213.4051  0.3557 
   00126    0.4700   -1218.2136  0.3455 
   00127    0.4625   -1225.0003  0.3509 
   00128    0.4175   -1221.8137  0.3751 
   00129    0.4350   -1221.9820  0.4048 
   00130    0.3875   -1226.0786  0.3991 
   00131    0.3900   -1222.2910  0.3829 
   00132    0.4350   -1237.9669  0.3849 
   00133    0.4000   -1237.0878  0.3742 
   00134    0.4050   -1225.1783  0.3543 
   00135    0.3900   -1206.0296  0.3401 
   00136    0.3900   -1210.0943  0.3486 
   00137    0.4225   -1227.0549  0.3501 
   00138    0.4375   -1231.7512  0.3479 
   00139    0.3925   -1217.9157  0.3514 
   00140    0.4300   -1204.9662  0.3650 
   00141    0.4250   -1212.9647  0.3833 
   00142    0.4575   -1213.7990  0.3754 
   00143    0.4175   -1218.2300  0.4004 
   00144    0.4050   -1211.6203  0.3981 
   00145    0.3950   -1207.2418  0.3869 
   00146    0.4425   -1201.4334  0.3965 
   00147    0.4000   -1194.2773  0.3908 
   00148    0.3925   -1206.4281  0.4014 
   00149    0.4200   -1199.3348  0.3980 
   00150    0.4300   -1187.7994  0.3994 
   00151    0.4500   -1177.9086  0.3902 
   00152    0.4275   -1195.4545  0.3776 
   00153    0.4550   -1202.9600  0.3779 
   00154    0.4275   -1180.3582  0.3874 
   00155    0.3875   -1197.0662  0.4149 
   00156    0.4600   -1193.3505  0.4238 
   00157    0.4175   -1192.9768  0.4383 
   00158    0.4225   -1167.9672  0.4333 
   00159    0.4350   -1181.7400  0.4178 
   00160    0.4825   -1173.7901  0.4136 
   00161    0.4300   -1196.1128  0.4145 
   00162    0.4425   -1185.2816  0.4267 
   00163    0.4275   -1176.2358  0.4373 
   00164    0.4250   -1171.3350  0.4249 
   00165    0.4350   -1203.8099  0.3902 
   00166    0.4450   -1206.5885  0.3939 
   00167    0.4300   -1197.2803  0.4108 
   00168    0.4200   -1219.8545  0.4227 
   00169    0.3975   -1206.8424  0.4092 
   00170    0.4500   -1214.5537  0.4292 
   00171    0.3900   -1217.7562  0.4529 
   00172    0.4300   -1198.6937  0.4467 
   00173    0.3825   -1206.1709  0.4558 
   00174    0.3900   -1211.3529  0.4742 
   00175    0.4000   -1208.0628  0.4600 
   00176    0.4025   -1214.0282  0.4573 
   00177    0.4350   -1233.2062  0.4508 
   00178    0.4175   -1220.0394  0.4501 
   00179    0.4225   -1237.5001  0.4557 
   00180    0.4425   -1233.0697  0.4459 
   00181    0.4100   -1222.9189  0.4492 
   00182    0.3950   -1203.0154  0.4587 
   00183    0.4500   -1202.7377  0.4730 
   00184    0.4450   -1207.4673  0.4847 
   00185    0.4200   -1228.3604  0.5211 
   00186    0.3575   -1229.7803  0.5357 
   00187    0.4325   -1197.3361  0.5400 
   00188    0.4275   -1216.9701  0.5534 
   00189    0.4700   -1245.3761  0.5494 
   00190    0.4150   -1231.1021  0.5520 
   00191    0.4300   -1226.2979  0.5475 
   00192    0.4175   -1218.4970  0.5598 
   00193    0.4350   -1206.0726  0.5429 
   00194    0.3900   -1257.3415  0.5633 
   00195    0.4075   -1267.7834  0.5616 
   00196    0.4125   -1263.0985  0.5775 
   00197    0.4100   -1251.9197  0.5847 
   00198    0.4375   -1264.3268  0.5664 
   00199    0.3950   -1258.7722  0.5571 
   00200    0.3525   -1247.2664  0.5539 
   00201    0.3950   -1244.3416  0.5695 
   00202    0.4350   -1249.9935  0.5728 
   00203    0.3825   -1235.1281  0.5555 
   00204    0.4250   -1229.5152  0.5452 
   00205    0.4250   -1246.9962  0.5692 
   00206    0.3925   -1219.1440  0.5438 
   00207    0.4100   -1226.6883  0.5552 
   00208    0.3925   -1233.8410  0.5533 
   00209    0.3950   -1245.2439  0.5720 
   00210    0.4350   -1243.5453  0.5800 
   00211    0.4000   -1260.3614  0.5947 
   00212    0.3600   -1280.9190  0.5993 
   00213    0.3925   -1281.6413  0.6039 
   00214    0.4275   -1259.9777  0.6015 
   00215    0.4050   -1255.7056  0.5836 
   00216    0.3950   -1254.3239  0.6025 
   00217    0.3950   -1242.5146  0.6187 
   00218    0.4250   -1249.7348  0.6374 
   00219    0.3775   -1234.2772  0.6274 
   00220    0.3950   -1236.7915  0.6187 
   00221    0.4525   -1243.2942  0.6193 
   00222    0.3825   -1220.8483  0.6329 
   00223    0.4150   -1249.4263  0.6349 
   00224    0.4100   -1251.5960  0.6359 
   00225    0.4250   -1260.3956  0.6424 
   00226    0.3950   -1255.7076  0.6616 
   00227    0.4375   -1247.8729  0.6679 
   00228    0.4225   -1259.4570  0.6622 
   00229    0.3525   -1287.1793  0.6747 
   00230    0.4175   -1285.4564  0.6741 
   00231    0.4350   -1286.6273  0.6771 
   00232    0.4000   -1258.4126  0.6769 
   00233    0.4375   -1255.3189  0.6701 
   00234    0.3475   -1259.6140  0.6784 
   00235    0.3875   -1291.1235  0.6875 
   00236    0.4125   -1281.4519  0.6811 
   00237    0.4300   -1271.8461  0.6885 
   00238    0.4300   -1279.4297  0.6980 
   00239    0.3550   -1281.3830  0.6886 
   00240    0.4350   -1303.5604  0.7028 
   00241    0.4125   -1288.1173  0.7051 
   00242    0.4175   -1275.8617  0.7106 
   00243    0.3900   -1267.1118  0.7010 
   00244    0.4075   -1257.7103  0.7032 
   00245    0.3825   -1266.0330  0.6975 
   00246    0.4350   -1240.1629  0.6922 
   00247    0.3950   -1254.0599  0.6866 
   00248    0.4300   -1272.8856  0.6940 
   00249    0.4250   -1268.9712  0.6988 
   00250    0.3950   -1279.7000  0.7105 
   00251    0.4200   -1286.8515  0.7153 
   00252    0.3750   -1294.3052  0.7216 
   00253    0.3900   -1285.6360  0.7201 
   00254    0.3800   -1286.8362  0.7298 
   00255    0.3850   -1280.7769  0.7186 
   00256    0.4125   -1282.0759  0.7271 
   00257    0.4250   -1292.7611  0.7333 
   00258    0.3625   -1291.7459  0.7518 
   00259    0.3900   -1295.9201  0.7495 
   00260    0.3900   -1300.0375  0.7576 
   00261    0.3575   -1290.7537  0.7489 
   00262    0.4100   -1265.1904  0.7310 
   00263    0.4050   -1276.5593  0.7395 
   00264    0.4250   -1283.4331  0.7406 
   00265    0.4200   -1264.4740  0.7133 
   00266    0.3950   -1247.8395  0.7201 
   00267    0.4200   -1235.4720  0.7234 
   00268    0.3925   -1244.7320  0.7367 
   00269    0.4425   -1228.9981  0.7313 
   00270    0.3700   -1229.9887  0.7378 
   00271    0.3800   -1244.6909  0.7415 
   00272    0.4100   -1264.6220  0.7601 
   00273    0.3950   -1280.5000  0.7576 
   00274    0.3850   -1291.5275  0.7666 
   00275    0.4000   -1302.3658  0.7669 
   00276    0.3750   -1291.4842  0.7738 
   00277    0.4075   -1292.4361  0.7712 
   00278    0.4375   -1312.1025  0.7673 
   00279    0.3750   -1280.9780  0.7641 
   00280    0.3725   -1289.7027  0.7762 
   00281    0.4200   -1304.6014  0.7755 
   00282    0.3600   -1306.2187  0.7827 
   00283    0.3700   -1312.9619  0.7877 
   00284    0.4200   -1302.7066  0.7866 
   00285    0.4175   -1306.9767  0.7839 
   00286    0.4050   -1299.6236  0.7846 
   00287    0.4075   -1287.0407  0.7733 
   00288    0.3725   -1278.9653  0.7679 
   00289    0.4050   -1269.0004  0.7552 
   00290    0.4250   -1274.3045  0.7396 
   00291    0.3850   -1261.2692  0.7469 
   00292    0.4175   -1302.2837  0.7850 
   00293    0.3850   -1302.9369  0.7740 
   00294    0.3250   -1326.0031  0.7893 
   00295    0.3550   -1306.0785  0.7805 
   00296    0.3825   -1289.9026  0.7867 
   00297    0.4050   -1303.3366  0.7833 
   00298    0.4075   -1281.7248  0.7789 
   00299    0.3925   -1273.9215  0.7859 
   00300    0.4050   -1272.8749  0.7876 
   00301    0.4050   -1259.5631  0.7791 
   00302    0.3750   -1283.6856  0.7851 
   00303    0.4350   -1301.5488  0.7922 
   00304    0.3850   -1293.4143  0.7820 
   00305    0.3625   -1284.1193  0.7822 
   00306    0.3850   -1274.8702  0.7916 
   00307    0.4200   -1260.3948  0.7823 
   00308    0.4225   -1262.1242  0.7871 
   00309    0.3950   -1248.4512  0.7937 
   00310    0.4000   -1262.8810  0.8002 
   00311    0.4075   -1257.4483  0.7971 
   00312    0.4125   -1292.7743  0.8042 
   00313    0.3850   -1301.8628  0.8039 
   00314    0.3975   -1286.0920  0.7982 
   00315    0.3975   -1271.8576  0.7917 
   00316    0.3875   -1269.6658  0.7862 
   00317    0.4225   -1274.1520  0.7852 
   00318    0.3925   -1242.3088  0.7880 
   00319    0.3925   -1244.2120  0.7836 
   00320    0.3900   -1240.6070  0.7839 
   00321    0.4125   -1225.2660  0.7656 
   00322    0.4550   -1214.4674  0.7757 
   00323    0.4525   -1187.6412  0.7633 
   00324    0.4225   -1218.2018  0.7684 
   00325    0.3750   -1246.5695  0.7633 
   00326    0.4025   -1261.0222  0.7683 
   00327    0.4275   -1267.3045  0.7579 
   00328    0.4000   -1275.0931  0.7524 
   00329    0.3950   -1260.2753  0.7524 
   00330    0.4225   -1297.1057  0.7637 
   00331    0.4150   -1274.7539  0.7442 
   00332    0.4050   -1241.5263  0.7209 
   00333    0.4050   -1206.0177  0.7042 
   00334    0.4350   -1191.3664  0.6851 
   00335    0.4200   -1224.8818  0.7157 
   00336    0.4150   -1219.1799  0.7177 
   00337    0.4300   -1209.7074  0.7135 
   00338    0.3925   -1243.8383  0.7156 
   00339    0.3900   -1245.8330  0.7129 
   00340    0.3975   -1234.0060  0.7093 
   00341    0.4175   -1237.0027  0.7005 
   00342    0.4325   -1233.7206  0.7044 
   00343    0.3825   -1254.7775  0.7162 
   00344    0.3900   -1277.1128  0.7399 
   00345    0.4075   -1281.2455  0.7604 
   00346    0.4050   -1261.7931  0.7618 
   00347    0.4025   -1267.5320  0.7719 
   00348    0.4325   -1284.1378  0.7711 
   00349    0.4100   -1267.2823  0.7543 
   00350    0.3400   -1255.0521  0.7607 
   00351    0.3675   -1257.3658  0.7529 
   00352    0.4025   -1249.0803  0.7608 
   00353    0.4150   -1268.7248  0.7782 
   00354    0.4225   -1290.4681  0.7907 
   00355    0.4175   -1281.7433  0.7885 
   00356    0.4075   -1283.3947  0.7839 
   00357    0.4150   -1278.3708  0.7750 
   00358    0.4025   -1279.6185  0.7714 
   00359    0.3825   -1277.8521  0.7592 
   00360    0.3675   -1305.8104  0.7695 
   00361    0.4275   -1288.2440  0.7654 
   00362    0.4100   -1297.1180  0.7674 
   00363    0.4200   -1276.4295  0.7502 
   00364    0.4275   -1257.9582  0.7316 
   00365    0.4050   -1256.6576  0.7264 
   00366    0.3500   -1256.5961  0.7294 
   00367    0.3875   -1236.6297  0.7396 
   00368    0.3425   -1239.5007  0.7334 
   00369    0.3700   -1233.8326  0.7370 
   00370    0.4275   -1241.7028  0.7489 
   00371    0.3950   -1254.2540  0.7451 
   00372    0.3775   -1253.8942  0.7337 
   00373    0.4325   -1252.5622  0.7234 
   00374    0.4200   -1238.9510  0.7195 
   00375    0.4000   -1249.6569  0.7560 
   00376    0.4000   -1256.0268  0.7576 
   00377    0.3475   -1254.5880  0.7619 
   00378    0.4500   -1252.7475  0.7650 
   00379    0.4150   -1260.3368  0.7781 
   00380    0.3875   -1253.5357  0.7591 
   00381    0.3650   -1249.9881  0.7632 
   00382    0.4200   -1254.7412  0.7601 
   00383    0.4150   -1246.2642  0.7587 
   00384    0.4400   -1245.1110  0.7580 
   00385    0.4025   -1262.7936  0.7775 
   00386    0.4100   -1245.0220  0.7699 
   00387    0.4075   -1248.4859  0.7722 
   00388    0.4075   -1284.0393  0.7883 
   00389    0.4025   -1274.6870  0.7792 
   00390    0.3800   -1258.2785  0.7592 
   00391    0.4400   -1270.2252  0.7499 
   00392    0.3900   -1264.9975  0.7462 
   00393    0.4550   -1257.3365  0.7580 
   00394    0.3725   -1274.5209  0.7615 
   00395    0.3700   -1276.4551  0.7816 
   00396    0.3650   -1294.4883  0.7850 
   00397    0.3750   -1291.1013  0.7810 
   00398    0.3750   -1282.6917  0.7928 
   00399    0.4400   -1277.3287  0.7939 
   00400    0.4125   -1291.4548  0.7967 
   00401    0.3750   -1325.3204  0.8166 
   00402    0.4150   -1316.7704  0.8280 
   00403    0.3825   -1307.9628  0.8088 
   00404    0.3825   -1328.5122  0.8111 
   00405    0.3925   -1319.0806  0.8174 
   00406    0.3750   -1333.3401  0.8258 
   00407    0.3575   -1300.3892  0.8131 
   00408    0.4275   -1290.6712  0.8055 
   00409    0.4275   -1295.0097  0.8061 
   00410    0.4250   -1298.6249  0.7937 
   00411    0.4050   -1296.9265  0.7868 
   00412    0.4475   -1298.5284  0.7879 
   00413    0.4025   -1282.0563  0.7839 
   00414    0.4150   -1306.2335  0.7821 
   00415    0.4075   -1304.3835  0.7741 
   00416    0.3800   -1286.0404  0.7696 
   00417    0.4175   -1306.5228  0.7761 
   00418    0.3975   -1275.9928  0.7693 
   00419    0.4100   -1286.0227  0.7796 
   00420    0.3800   -1299.4116  0.7873 
   00421    0.3975   -1281.3571  0.7822 
   00422    0.4025   -1275.0217  0.7921 
   00423    0.3800   -1275.8191  0.8016 
   00424    0.4350   -1294.9215  0.8069 
   00425    0.3725   -1297.7169  0.8008 
   00426    0.3775   -1308.0497  0.8037 
   00427    0.3950   -1294.8349  0.8065 
   00428    0.3925   -1298.7312  0.8057 
   00429    0.4200   -1304.6392  0.8128 
   00430    0.3475   -1297.6845  0.8128 
   00431    0.4375   -1306.4284  0.8088 
   00432    0.3850   -1299.1910  0.8111 
   00433    0.3850   -1283.0133  0.8185 
   00434    0.3625   -1249.9267  0.8170 
   00435    0.3950   -1252.1326  0.8038 
   00436    0.3950   -1238.2020  0.7985 
   00437    0.4075   -1237.9601  0.8021 
   00438    0.4175   -1232.7595  0.7959 
   00439    0.4350   -1257.8644  0.7975 
   00440    0.3500   -1286.7662  0.8154 
   00441    0.4000   -1252.8157  0.7977 
   00442    0.3925   -1229.0618  0.7914 
   00443    0.4075   -1269.3333  0.8119 
   00444    0.4000   -1263.8798  0.8088 
   00445    0.4150   -1258.4898  0.8201 
   00446    0.3850   -1261.5781  0.8257 
   00447    0.4175   -1268.2898  0.8252 
   00448    0.4100   -1265.9159  0.8258 
   00449    0.4400   -1292.1948  0.8448 
   00450    0.4250   -1308.6247  0.8426 
   00451    0.3900   -1293.6842  0.8322 
   00452    0.4075   -1288.4422  0.8337 
   00453    0.3900   -1285.2591  0.8272 
   00454    0.3725   -1292.5942  0.8316 
   00455    0.3725   -1303.0931  0.8327 
   00456    0.3800   -1300.6297  0.8298 
   00457    0.4550   -1301.2338  0.8189 
   00458    0.3875   -1295.2657  0.8204 
   00459    0.3950   -1309.6062  0.8099 
   00460    0.4525   -1300.8392  0.8148 
   00461    0.3800   -1292.0215  0.8206 
   00462    0.3825   -1299.5450  0.8128 
   00463    0.4125   -1300.7517  0.8131 
   00464    0.3600   -1283.4222  0.8137 
   00465    0.3975   -1303.6273  0.8229 
   00466    0.4175   -1296.6404  0.8168 
   00467    0.4050   -1292.2714  0.8075 
   00468    0.3925   -1287.7153  0.8035 
   00469    0.3700   -1298.4555  0.8119 
   00470    0.3900   -1307.2775  0.8170 
   00471    0.4050   -1297.3277  0.8147 
   00472    0.3800   -1289.7558  0.8091 
   00473    0.3725   -1298.0034  0.8109 
   00474    0.3900   -1299.0094  0.8251 
   00475    0.3600   -1309.2641  0.8338 
   00476    0.4150   -1304.0034  0.8286 
   00477    0.3775   -1333.1100  0.8457 
   00478    0.4125   -1329.7283  0.8487 
   00479    0.4300   -1326.0556  0.8427 
   00480    0.3725   -1324.3655  0.8464 
   00481    0.4000   -1316.1573  0.8296 
   00482    0.3975   -1323.2037  0.8372 
   00483    0.3450   -1319.6444  0.8333 
   00484    0.3825   -1315.3753  0.8205 
   00485    0.4275   -1317.2803  0.8263 
   00486    0.3800   -1317.3120  0.8240 
   00487    0.3650   -1298.0619  0.8220 
   00488    0.4000   -1300.1771  0.8265 
   00489    0.3925   -1291.2980  0.8146 
   00490    0.3825   -1265.8797  0.8125 
   00491    0.3675   -1278.9541  0.8135 
   00492    0.3725   -1262.6567  0.8086 
   00493    0.3750   -1247.5314  0.8015 
   00494    0.3975   -1225.4967  0.8006 
   00495    0.4625   -1235.0561  0.8013 
   00496    0.4125   -1266.4129  0.8155 
   00497    0.4150   -1308.9286  0.8267 
   00498    0.4025   -1322.8487  0.8255 
   00499    0.3575   -1314.9009  0.8266 
   00500    0.3450   -1310.2067  0.8324 
   00501    0.3950   -1283.0087  0.8169 
   00502    0.3850   -1280.7381  0.8150 
   00503    0.3525   -1303.3277  0.8224 
   00504    0.3900   -1304.1409  0.8232 
   00505    0.4025   -1307.9178  0.8265 
   00506    0.3950   -1282.4887  0.8164 
   00507    0.3875   -1276.7085  0.8007 
   00508    0.3775   -1275.5773  0.7929 
   00509    0.3950   -1264.8786  0.7828 
   00510    0.3950   -1277.5807  0.7879 
   00511    0.3875   -1291.1992  0.8060 
   00512    0.4025   -1286.4910  0.7953 
   00513    0.3350   -1260.9705  0.7777 
   00514    0.3850   -1268.1600  0.7832 
   00515    0.3975   -1288.1502  0.7870 
   00516    0.3775   -1270.3518  0.7702 
   00517    0.4375   -1257.3358  0.7828 
   00518    0.4325   -1267.5625  0.7739 
   00519    0.3950   -1278.9919  0.7843 
   00520    0.4100   -1267.8721  0.7759 
   00521    0.4100   -1261.6468  0.7693 
   00522    0.4075   -1284.4360  0.7804 
   00523    0.3900   -1297.5188  0.7759 
   00524    0.4025   -1288.8422  0.7793 
   00525    0.4325   -1303.5392  0.7838 
   00526    0.3825   -1310.7788  0.7957 
   00527    0.4050   -1302.3089  0.7813 
   00528    0.4100   -1317.3628  0.7811 
   00529    0.3475   -1310.0870  0.7781 
   00530    0.4125   -1267.6909  0.7635 
   00531    0.3925   -1248.3070  0.7488 
   00532    0.4275   -1237.1441  0.7530 
   00533    0.3925   -1270.6808  0.7728 
   00534    0.3950   -1251.3252  0.7641 
   00535    0.4075   -1249.7092  0.7646 
   00536    0.3975   -1258.9968  0.7667 
   00537    0.4150   -1273.0093  0.7885 
   00538    0.3850   -1300.9945  0.7914 
   00539    0.3750   -1307.1470  0.7915 
   00540    0.3925   -1294.3816  0.7730 
   00541    0.4025   -1291.8809  0.7868 
   00542    0.4425   -1323.5648  0.8021 
   00543    0.4075   -1314.2177  0.8005 
   00544    0.3400   -1315.9606  0.8030 
   00545    0.4075   -1274.4335  0.8017 
   00546    0.3825   -1280.1372  0.8055 
   00547    0.3950   -1292.5351  0.8152 
   00548    0.4175   -1278.9568  0.8126 
   00549    0.4150   -1280.7407  0.8147 
   00550    0.4225   -1288.7308  0.8298 
   00551    0.4000   -1297.2482  0.8259 
   00552    0.4025   -1292.9591  0.8291 
   00553    0.3800   -1278.5765  0.8230 
   00554    0.4250   -1297.7275  0.8283 
   00555    0.4700   -1289.6264  0.8297 
   00556    0.4050   -1272.2683  0.8164 
   00557    0.4025   -1297.8475  0.8338 
   00558    0.3975   -1292.9837  0.8199 
   00559    0.3850   -1280.7695  0.8154 
   00560    0.3625   -1301.3303  0.8223 
   00561    0.3650   -1296.1373  0.8285 
   00562    0.3900   -1310.4710  0.8243 
   00563    0.3975   -1314.0765  0.8161 
   00564    0.3500   -1306.0080  0.8099 
   00565    0.4050   -1302.5427  0.8061 
   00566    0.3725   -1316.0860  0.8163 
   00567    0.4300   -1310.2016  0.8296 
   00568    0.3675   -1315.9006  0.8356 
   00569    0.3775   -1313.8088  0.8349 
   00570    0.3775   -1338.4954  0.8479 
   00571    0.4225   -1338.1539  0.8470 
   00572    0.4025   -1317.2150  0.8344 
   00573    0.4750   -1333.8572  0.8407 
   00574    0.3725   -1324.3837  0.8337 
   00575    0.3625   -1317.7405  0.8286 
   00576    0.3975   -1320.9886  0.8438 
   00577    0.3450   -1298.9720  0.8307 
   00578    0.4125   -1306.7045  0.8308 
   00579    0.4300   -1324.7244  0.8252 
   00580    0.3550   -1306.9662  0.8216 
   00581    0.4025   -1297.3122  0.8103 
   00582    0.4125   -1285.2534  0.8020 
   00583    0.3875   -1277.6404  0.8099 
   00584    0.4625   -1229.2851  0.7922 
   00585    0.4275   -1256.1234  0.8055 
   00586    0.4300   -1303.7131  0.8275 
   00587    0.3900   -1330.3146  0.8370 
   00588    0.3325   -1319.1524  0.8347 
   00589    0.3900   -1329.6569  0.8325 
   00590    0.3875   -1315.2197  0.8245 
   00591    0.3700   -1331.8418  0.8278 
   00592    0.3800   -1330.8811  0.8242 
   00593    0.4250   -1315.6437  0.8134 
   00594    0.4050   -1334.7467  0.8240 
   00595    0.3525   -1322.8785  0.8222 
   00596    0.3825   -1326.1640  0.8402 
   00597    0.3575   -1314.4977  0.8342 
   00598    0.3900   -1317.3115  0.8304 
   00599    0.3750   -1327.3100  0.8462 
   00600    0.3750   -1313.2942  0.8340 
   00601    0.4375   -1318.4520  0.8395 
   00602    0.4700   -1304.4625  0.8431 
   00603    0.3950   -1291.0901  0.8331 
   00604    0.4150   -1290.4846  0.8236 
   00605    0.4250   -1305.9075  0.8267 
   00606    0.4000   -1304.6361  0.8355 
   00607    0.4000   -1306.8213  0.8335 
   00608    0.4025   -1312.8790  0.8437 
   00609    0.3525   -1308.5426  0.8425 
   00610    0.4275   -1293.5885  0.8304 
   00611    0.4025   -1272.8883  0.8188 
   00612    0.4100   -1266.3495  0.8173 
   00613    0.4325   -1307.2228  0.8293 
   00614    0.3700   -1307.4660  0.8386 
   00615    0.3700   -1299.8267  0.8321 
   00616    0.4200   -1303.4798  0.8386 
   00617    0.3975   -1311.8822  0.8264 
   00618    0.3750   -1289.8513  0.8239 
   00619    0.4400   -1308.5543  0.8346 
   00620    0.4150   -1322.0195  0.8353 
   00621    0.4050   -1339.3914  0.8455 
   00622    0.4125   -1343.9241  0.8538 
   00623    0.3775   -1337.6472  0.8451 
   00624    0.3425   -1328.5690  0.8445 
   00625    0.3900   -1343.0401  0.8564 
   00626    0.3250   -1309.1725  0.8451 
   00627    0.4200   -1280.1320  0.8299 
   00628    0.3775   -1300.8876  0.8262 
   00629    0.4225   -1314.5926  0.8313 
   00630    0.3850   -1298.6483  0.8375 
   00631    0.4400   -1314.3510  0.8458 
   00632    0.4250   -1308.0280  0.8389 
   00633    0.4050   -1318.7770  0.8447 
   00634    0.3925   -1316.5211  0.8395 
   00635    0.4225   -1318.8236  0.8366 
   00636    0.3750   -1301.9241  0.8311 
   00637    0.3950   -1269.1027  0.8080 
   00638    0.3900   -1277.1129  0.8107 
   00639    0.3625   -1294.6703  0.8260 
   00640    0.3975   -1288.2379  0.8172 
   00641    0.4100   -1302.4115  0.8287 
   00642    0.4150   -1298.9267  0.8297 
   00643    0.4250   -1250.4863  0.8123 
   00644    0.4500   -1275.0598  0.8308 
   00645    0.3575   -1271.5868  0.8320 
   00646    0.4350   -1297.5642  0.8415 
   00647    0.3875   -1333.0292  0.8523 
   00648    0.3675   -1313.9956  0.8437 
   00649    0.4050   -1300.0427  0.8258 
   00650    0.4100   -1290.5266  0.8169 
   00651    0.3650   -1299.1356  0.8339 
   00652    0.4100   -1294.0320  0.8314 
   00653    0.3875   -1269.2719  0.8199 
   00654    0.3850   -1275.8191  0.8165 
   00655    0.3750   -1261.9052  0.8166 
   00656    0.4425   -1261.0438  0.8168 
   00657    0.3950   -1254.3011  0.8170 
   00658    0.3625   -1264.4077  0.8120 
   00659    0.3850   -1258.8914  0.8237 
   00660    0.4050   -1257.4287  0.8259 
   00661    0.4125   -1255.8704  0.8143 
   00662    0.4050   -1274.6647  0.8115 
   00663    0.3850   -1284.6807  0.8192 
   00664    0.4200   -1290.7917  0.8267 
   00665    0.4025   -1275.5221  0.8106 
   00666    0.3800   -1262.4821  0.8147 
   00667    0.4250   -1255.9158  0.8079 
   00668    0.4100   -1260.4444  0.8087 
   00669    0.4025   -1261.7953  0.8056 
   00670    0.4050   -1247.5463  0.7847 
   00671    0.4300   -1260.6321  0.7948 
   00672    0.3875   -1286.9890  0.8090 
   00673    0.4400   -1284.9341  0.8043 
   00674    0.3825   -1307.2417  0.8188 
   00675    0.3850   -1314.1072  0.8375 
   00676    0.3750   -1300.0966  0.8332 
   00677    0.3650   -1328.4754  0.8346 
   00678    0.3875   -1330.9093  0.8276 
   00679    0.4050   -1318.1985  0.8226 
   00680    0.3850   -1315.6235  0.8278 
   00681    0.3750   -1327.7805  0.8334 
   00682    0.4050   -1299.9015  0.8145 
   00683    0.3825   -1324.4113  0.8348 
   00684    0.4050   -1310.9247  0.8327 
   00685    0.4200   -1327.8193  0.8487 
   00686    0.4225   -1326.5514  0.8438 
   00687    0.4050   -1325.1711  0.8302 
   00688    0.4025   -1302.7571  0.8276 
   00689    0.3925   -1278.5231  0.8250 
   00690    0.3975   -1246.6220  0.8099 
   00691    0.3800   -1258.5865  0.8149 
   00692    0.3700   -1268.7005  0.8209 
   00693    0.4025   -1278.9852  0.8210 
   00694    0.4200   -1296.8148  0.8355 
   00695    0.4250   -1308.1251  0.8436 
   00696    0.3900   -1295.6904  0.8307 
   00697    0.3750   -1279.3974  0.8261 
   00698    0.4275   -1272.6827  0.8214 
   00699    0.4075   -1292.4354  0.8336 
   00700    0.4375   -1277.2926  0.8256 
   00701    0.3600   -1288.5991  0.8218 
   00702    0.3925   -1309.7976  0.8343 
   00703    0.3675   -1277.6168  0.8088 
   00704    0.4225   -1288.2749  0.8081 
   00705    0.3700   -1292.7201  0.8208 
   00706    0.4200   -1260.9210  0.8037 
   00707    0.3825   -1234.9398  0.7903 
   00708    0.3925   -1258.2512  0.7933 
   00709    0.4000   -1297.1768  0.7983 
   00710    0.4200   -1286.6351  0.7925 
   00711    0.3900   -1279.6487  0.7956 
   00712    0.4000   -1277.1284  0.7956 
   00713    0.3925   -1274.2790  0.7989 
   00714    0.4150   -1275.0644  0.7854 
   00715    0.3975   -1259.3347  0.7758 
   00716    0.4050   -1251.1991  0.7642 
   00717    0.4250   -1239.3600  0.7603 
   00718    0.4275   -1253.0502  0.7553 
   00719    0.4125   -1230.2700  0.7592 
   00720    0.4325   -1247.3025  0.7674 
   00721    0.3550   -1228.9970  0.7606 
   00722    0.3550   -1248.7198  0.7667 
   00723    0.4275   -1263.8930  0.7717 
   00724    0.4150   -1283.2220  0.7795 
   00725    0.3975   -1270.6047  0.7759 
   00726    0.3750   -1243.6155  0.7641 
   00727    0.3650   -1241.0252  0.7631 
   00728    0.4300   -1235.3305  0.7676 
   00729    0.4225   -1264.4121  0.7728 
   00730    0.4275   -1241.6942  0.7628 
   00731    0.4250   -1249.3705  0.7591 
   00732    0.3900   -1251.6098  0.7578 
   00733    0.3750   -1252.7184  0.7543 
   00734    0.4000   -1232.8634  0.7460 
   00735    0.4050   -1255.5616  0.7638 
   00736    0.3900   -1248.9958  0.7613 
   00737    0.3875   -1213.6666  0.7486 
   00738    0.4125   -1227.7031  0.7547 
   00739    0.4025   -1275.4302  0.7812 
   00740    0.4050   -1270.6539  0.7776 
   00741    0.4100   -1257.8930  0.7792 
   00742    0.4575   -1283.0933  0.7902 
   00743    0.4175   -1256.1794  0.7821 
   00744    0.4300   -1232.1530  0.7662 
   00745    0.4075   -1251.2042  0.7637 
   00746    0.3925   -1252.3560  0.7627 
   00747    0.4325   -1262.7337  0.7587 
   00748    0.4050   -1261.5060  0.7548 
   00749    0.3925   -1267.2521  0.7474 
   00750    0.4200   -1266.9758  0.7636 
   00751    0.3825   -1258.2593  0.7563 
   00752    0.4150   -1282.9431  0.7661 
   00753    0.3825   -1285.7746  0.7656 
   00754    0.4100   -1276.9420  0.7606 
   00755    0.3825   -1275.2628  0.7678 
   00756    0.4025   -1276.6797  0.7684 
   00757    0.4375   -1262.3922  0.7688 
   00758    0.4175   -1271.8506  0.7718 
   00759    0.4000   -1249.3345  0.7706 
   00760    0.4025   -1275.7567  0.7818 
   00761    0.3800   -1270.6022  0.7768 
   00762    0.3725   -1261.3016  0.7827 
   00763    0.4150   -1265.9127  0.7795 
   00764    0.3925   -1266.6696  0.7629 
   00765    0.3900   -1267.2889  0.7673 
   00766    0.4175   -1258.9435  0.7714 
   00767    0.3750   -1275.9287  0.7699 
   00768    0.4425   -1268.0236  0.7637 
   00769    0.4125   -1252.0195  0.7569 
   00770    0.3600   -1254.0482  0.7621 
   00771    0.4575   -1262.3661  0.7794 
   00772    0.4275   -1251.2607  0.7659 
   00773    0.4100   -1260.5021  0.7672 
   00774    0.4125   -1267.6468  0.7709 
   00775    0.3875   -1293.6597  0.7707 
   00776    0.4250   -1303.7024  0.7810 
   00777    0.3575   -1281.6483  0.7785 
   00778    0.3550   -1276.0845  0.7817 
   00779    0.3600   -1283.9732  0.7918 
   00780    0.4250   -1299.2074  0.8107 
   00781    0.4000   -1286.9480  0.8133 
   00782    0.3675   -1301.8329  0.8243 
   00783    0.3875   -1309.6420  0.8266 
   00784    0.3850   -1302.5033  0.8120 
   00785    0.3950   -1294.8876  0.8083 
   00786    0.4350   -1310.3522  0.8144 
   00787    0.3925   -1305.6493  0.8195 
   00788    0.4150   -1286.6876  0.8132 
   00789    0.4000   -1312.6368  0.8387 
   00790    0.3350   -1320.9060  0.8380 
   00791    0.3800   -1308.3425  0.8225 
   00792    0.4200   -1309.4578  0.8169 
   00793    0.3775   -1310.6903  0.8120 
   00794    0.4200   -1284.0946  0.8061 
   00795    0.3650   -1286.8455  0.7925 
   00796    0.4075   -1269.7433  0.7847 
   00797    0.4225   -1256.8448  0.7800 
   00798    0.3975   -1269.1967  0.7883 
   00799    0.3900   -1277.1484  0.8058 
   00800    0.4200   -1300.0833  0.8164 
   00801    0.4325   -1321.3388  0.8260 
   00802    0.3650   -1316.7735  0.8265 
   00803    0.4175   -1312.5791  0.8143 
   00804    0.3625   -1294.2213  0.8188 
   00805    0.4225   -1316.8314  0.8191 
   00806    0.3800   -1311.0171  0.8035 
   00807    0.3950   -1309.8768  0.8017 
   00808    0.3950   -1298.3906  0.8041 
   00809    0.3675   -1298.6560  0.7946 
   00810    0.3825   -1300.1952  0.7887 
   00811    0.4125   -1257.1405  0.7637 
   00812    0.4250   -1261.3372  0.7533 
   00813    0.3725   -1264.1287  0.7513 
   00814    0.4250   -1271.8889  0.7613 
   00815    0.3950   -1278.9662  0.7580 
   00816    0.3775   -1280.7056  0.7447 
   00817    0.3850   -1293.0776  0.7489 
   00818    0.3475   -1287.2724  0.7322 
   00819    0.3875   -1296.1414  0.7395 
   00820    0.4000   -1293.1159  0.7589 
   00821    0.4100   -1291.5631  0.7680 
   00822    0.4450   -1281.8322  0.7607 
   00823    0.3875   -1287.7433  0.7726 
   00824    0.4100   -1276.6740  0.7742 
   00825    0.4175   -1280.3866  0.7820 
   00826    0.4300   -1286.6402  0.7935 
   00827    0.4050   -1294.7084  0.7992 
   00828    0.4200   -1309.4508  0.8067 
   00829    0.3725   -1314.6018  0.7974 
   00830    0.4200   -1307.4745  0.7979 
   00831    0.3650   -1296.7558  0.7923 
   00832    0.3650   -1291.2391  0.7999 
   00833    0.3925   -1309.2504  0.7946 
   00834    0.3650   -1314.3604  0.7878 
   00835    0.3700   -1299.8975  0.7850 
   00836    0.3875   -1293.1224  0.7803 
   00837    0.4075   -1291.7252  0.7818 
   00838    0.3850   -1278.5608  0.7900 
   00839    0.4025   -1271.5925  0.7900 
   00840    0.3825   -1275.6644  0.7879 
   00841    0.4650   -1255.1338  0.7849 
   00842    0.4200   -1237.0936  0.7837 
   00843    0.4425   -1270.3829  0.7959 
   00844    0.3825   -1264.6882  0.7874 
   00845    0.4225   -1270.7757  0.7937 
   00846    0.4225   -1280.1812  0.7974 
   00847    0.3900   -1270.2039  0.7866 
   00848    0.4250   -1285.8981  0.7896 
   00849    0.3700   -1294.9020  0.7915 
   00850    0.3700   -1272.4268  0.7718 
   00851    0.3800   -1267.6956  0.7734 
   00852    0.4150   -1275.0579  0.7852 
   00853    0.4175   -1278.6129  0.7880 
   00854    0.3775   -1257.7765  0.7825 
   00855    0.4300   -1261.6156  0.7689 
   00856    0.4100   -1279.3990  0.7762 
   00857    0.4300   -1278.3855  0.7693 
   00858    0.3925   -1289.1027  0.7626 
   00859    0.3825   -1254.6855  0.7495 
   00860    0.4025   -1239.7480  0.7434 
   00861    0.4325   -1245.8704  0.7301 
   00862    0.4400   -1253.8591  0.7340 
   00863    0.4350   -1253.9772  0.7272 
   00864    0.4225   -1237.6597  0.7214 
   00865    0.4225   -1241.7051  0.7352 
   00866    0.4250   -1261.8991  0.7445 
   00867    0.4700   -1260.3000  0.7484 
   00868    0.3950   -1274.8921  0.7501 
   00869    0.4050   -1248.1565  0.7487 
   00870    0.4375   -1248.8347  0.7418 
   00871    0.3675   -1234.8502  0.7510 
   00872    0.4075   -1250.6351  0.7602 
   00873    0.3900   -1264.7162  0.7730 
   00874    0.3700   -1276.5692  0.7759 
   00875    0.3925   -1273.4217  0.7644 
   00876    0.3625   -1270.3232  0.7611 
   00877    0.4000   -1277.4660  0.7698 
   00878    0.4000   -1253.5025  0.7713 
   00879    0.3775   -1259.1656  0.7896 
   00880    0.3875   -1272.9571  0.7884 
   00881    0.4100   -1271.9345  0.7867 
   00882    0.3850   -1258.0876  0.7843 
   00883    0.4000   -1254.0461  0.7872 
   00884    0.3625   -1242.2019  0.7890 
   00885    0.3800   -1250.7991  0.7843 
   00886    0.4000   -1253.3546  0.7842 
   00887    0.3975   -1268.4162  0.7802 
   00888    0.4075   -1259.6693  0.7793 
   00889    0.4450   -1281.7386  0.7820 
   00890    0.4050   -1308.9403  0.7926 
   00891    0.4125   -1314.3144  0.8043 
   00892    0.3775   -1307.1799  0.8095 
   00893    0.4125   -1300.6947  0.8021 
   00894    0.3975   -1275.5340  0.7818 
   00895    0.4075   -1292.8797  0.7896 
   00896    0.3825   -1304.9712  0.8079 
   00897    0.3800   -1306.5228  0.8156 
   00898    0.3900   -1323.0640  0.8200 
   00899    0.3650   -1304.9113  0.7993 
   00900    0.4025   -1299.8336  0.8018 
   00901    0.3900   -1266.5740  0.7880 
   00902    0.3875   -1271.3889  0.8045 
   00903    0.3850   -1267.5970  0.7941 
   00904    0.3925   -1238.4157  0.7805 
   00905    0.3875   -1250.4747  0.7888 
   00906    0.3975   -1256.9523  0.7852 
   00907    0.4225   -1261.1434  0.7897 
   00908    0.3750   -1246.7176  0.7835 
   00909    0.4300   -1252.3064  0.7674 
   00910    0.3750   -1273.0156  0.7784 
   00911    0.4225   -1267.0396  0.7831 
   00912    0.3975   -1268.6001  0.7826 
   00913    0.4175   -1277.6440  0.7876 
   00914    0.3900   -1293.2114  0.7866 
   00915    0.3975   -1270.4008  0.7870 
   00916    0.4125   -1293.0851  0.7974 
   00917    0.4025   -1280.5154  0.7903 
   00918    0.4150   -1269.2073  0.7880 
   00919    0.4000   -1260.8141  0.7785 
   00920    0.3700   -1261.6274  0.7720 
   00921    0.4275   -1253.1814  0.7682 
   00922    0.3650   -1274.7817  0.7791 
   00923    0.4375   -1275.6347  0.7834 
   00924    0.3825   -1270.1254  0.7944 
   00925    0.3800   -1250.4478  0.7758 
   00926    0.3850   -1231.0204  0.7852 
   00927    0.4125   -1242.5248  0.7846 
   00928    0.4050   -1225.6690  0.7851 
   00929    0.4125   -1254.6293  0.7953 
   00930    0.4175   -1247.8848  0.7841 
   00931    0.3775   -1235.3223  0.7801 
   00932    0.4050   -1256.4776  0.7772 
   00933    0.3825   -1237.9732  0.7904 
   00934    0.4175   -1251.7513  0.7905 
   00935    0.3925   -1258.2634  0.7990 
   00936    0.4100   -1236.9229  0.7817 
   00937    0.4125   -1244.7570  0.7847 
   00938    0.4050   -1258.4887  0.7864 
   00939    0.3875   -1284.8224  0.8003 
   00940    0.4700   -1275.3248  0.7927 
   00941    0.4175   -1257.6015  0.7778 
   00942    0.3900   -1273.3077  0.7810 
   00943    0.3700   -1270.0030  0.7767 
   00944    0.3775   -1263.6144  0.7723 
   00945    0.3900   -1248.1466  0.7683 
   00946    0.4275   -1254.1520  0.7735 
   00947    0.4525   -1228.6771  0.7688 
   00948    0.3950   -1258.8772  0.7713 
   00949    0.4300   -1237.6940  0.7562 
   00950    0.4200   -1254.3384  0.7586 
   00951    0.4250   -1232.5313  0.7540 
   00952    0.4025   -1250.5964  0.7751 
   00953    0.4425   -1233.1182  0.7692 
   00954    0.3525   -1246.2802  0.7709 
   00955    0.4450   -1233.6422  0.7582 
   00956    0.4000   -1228.0159  0.7547 
   00957    0.4025   -1231.8351  0.7678 
   00958    0.4275   -1250.4346  0.7783 
   00959    0.4075   -1263.7021  0.7732 
   00960    0.3700   -1260.5010  0.7652 
   00961    0.3975   -1287.1387  0.7770 
   00962    0.4200   -1294.1017  0.7965 
   00963    0.3975   -1288.6719  0.7963 
   00964    0.4000   -1297.5429  0.8033 
   00965    0.4275   -1290.4288  0.8188 
   00966    0.4250   -1316.8322  0.8250 
   00967    0.4225   -1325.4943  0.8179 
   00968    0.3675   -1311.5749  0.8054 
   00969    0.3600   -1310.8707  0.8004 
   00970    0.3875   -1308.1221  0.7880 
   00971    0.3850   -1289.8584  0.7854 
   00972    0.4425   -1303.6111  0.7978 
   00973    0.3700   -1295.6213  0.7966 
   00974    0.4225   -1287.5589  0.7933 
   00975    0.3550   -1296.1798  0.7910 
   00976    0.3925   -1284.4012  0.7811 
   00977    0.4025   -1296.3545  0.7765 
   00978    0.4100   -1301.0052  0.7819 
   00979    0.3900   -1297.7785  0.7780 
   00980    0.4075   -1301.0653  0.7744 
   00981    0.3775   -1328.1353  0.7938 
   00982    0.4250   -1340.9787  0.7941 
   00983    0.4025   -1335.9803  0.7993 
   00984    0.4050   -1304.4096  0.8036 
   00985    0.3675   -1293.0159  0.8023 
   00986    0.3875   -1294.8102  0.8025 
   00987    0.3775   -1309.3528  0.8114 
   00988    0.3400   -1305.0980  0.8131 
   00989    0.4125   -1294.5463  0.8037 
   00990    0.3900   -1291.7518  0.7985 
   00991    0.4000   -1287.6998  0.8043 
   00992    0.4100   -1288.7710  0.8061 
   00993    0.4275   -1318.0974  0.8201 
   00994    0.3975   -1335.1293  0.8204 
   00995    0.3700   -1306.1421  0.8009 
   00996    0.3700   -1281.6078  0.7961 
   00997    0.3950   -1304.3845  0.7888 
   00998    0.3575   -1300.5172  0.7933 
   00999    0.4000   -1302.4326  0.7857 
   01000    0.3825   -1278.8400  0.7882 
