#=====================================================
# File created:        Mon-16-Feb-2026-at-01-48-25PM
# Size of lattice:     20x20
# Number of MC steps:  1000
# Reduced temperature: 0.650
# Run time (s):        4.927121
#=====================================================
# MC step:  Ratio:     Energy:   Order:
#=====================================================
   00000    0.5000    -378.0482  0.2889 
   00001    0.6900    -566.7158  0.3169 
   00002    0.6325    -699.5098  0.2948 
   00003    0.6000    -772.7772  0.3158 
   00004    0.6075    -844.2074  0.3346 
   00005    0.5250    -917.2805  0.3371 
   00006    0.5250    -923.8419  0.3176 
   00007    0.5400    -964.2356  0.2906 
   00008    0.4925   -1002.4202  0.2845 
   00009    0.4775   -1077.8921  0.2962 
   00010    0.4475   -1117.4537  0.3025 
   00011    0.4725   -1135.3125  0.3135 
   00012    0.4750   -1138.9443  0.2941 
   00013    0.4350   -1155.7269  0.2885 
   00014    0.4175   -1163.6798  0.2808 
   00015    0.3875   -1168.1387  0.2952 
   00016    0.4375   -1148.0868  0.2763 
   00017    0.4400   -1168.3331  0.2982 
   00018    0.4850   -1188.0205  0.3312 
   00019    0.4775   -1205.3783  0.3287 
   00020    0.4025   -1193.9573  0.3542 
   00021    0.4750   -1196.6627  0.3782 
   00022    0.4250   -1186.5824  0.3627 
   00023    0.4000   -1196.9866  0.3565 
   00024    0.4300   -1198.8861  0.3723 
   00025    0.4000   -1214.4993  0.3444 
   00026    0.4000   -1216.9855  0.3476 
   00027    0.3800   -1196.4128  0.3414 
   00028    0.3900   -1211.3991  0.3361 
   00029    0.4450   -1218.4476  0.3216 
   00030    0.3775   -1192.3724  0.3268 
   00031    0.4400   -1185.6651  0.3317 
   00032    0.4575   -1206.5602  0.3467 
   00033    0.4200   -1216.1146  0.3684 
   00034    0.4375   -1183.8053  0.3591 
   00035    0.4275   -1165.2581  0.3781 
   00036    0.4225   -1163.2134  0.3871 
   00037    0.4400   -1155.3942  0.3849 
   00038    0.4100   -1179.1067  0.3756 
   00039    0.4525   -1179.9172  0.3748 
   00040    0.4600   -1205.0134  0.3591 
   00041    0.3525   -1185.0885  0.3638 
   00042    0.4150   -1201.8834  0.3579 
   00043    0.3650   -1220.6460  0.3653 
   00044    0.4125   -1219.4826  0.3908 
   00045    0.4500   -1205.6852  0.3936 
   00046    0.4050   -1221.7641  0.4017 
   00047    0.4250   -1242.4150  0.4108 
   00048    0.4000   -1269.3502  0.4268 
   00049    0.3700   -1272.1916  0.4506 
   00050    0.3850   -1274.9115  0.4596 
   00051    0.3900   -1271.9858  0.4662 
   00052    0.4000   -1287.4421  0.4793 
   00053    0.4150   -1281.4570  0.4796 
   00054    0.3850   -1257.2126  0.4961 
   00055    0.4100   -1248.3313  0.4873 
   00056    0.4000   -1242.6061  0.4757 
   00057    0.4075   -1238.2248  0.4658 
   00058    0.4075   -1249.6458  0.4544 
   00059    0.3975   -1250.4689  0.4572 
   00060    0.3800   -1235.5336  0.4770 
   00061    0.3950   -1238.4943  0.4638 
   00062    0.4475   -1240.3274  0.4681 
   00063    0.4200   -1242.3982  0.4535 
   00064    0.4075   -1243.5289  0.4743 
   00065    0.4225   -1238.0218  0.4857 
   00066    0.3700   -1254.8982  0.5050 
   00067    0.3900   -1257.6765  0.5205 
   00068    0.4050   -1227.5067  0.5141 
   00069    0.4175   -1267.8223  0.5159 
   00070    0.3725   -1261.6355  0.5148 
   00071    0.3850   -1267.6769  0.4982 
   00072    0.4300   -1266.8401  0.4816 
   00073    0.4100   -1270.7147  0.4767 
   00074    0.4300   -1253.0728  0.4726 
   00075    0.3875   -1271.7398  0.4687 
   00076    0.4025   -1253.3072  0.4787 
   00077    0.4475   -1254.1767  0.4714 
   00078    0.3975   -1261.6061  0.4727 
   00079    0.4175   -1274.9479  0.4871 
   00080    0.4075   -1282.6996  0.4696 
   00081    0.3825   -1287.8159  0.4838 
   00082    0.4100   -1271.7506  0.5030 
   00083    0.4400   -1263.0215  0.5113 
   00084    0.4200   -1235.9754  0.4878 
   00085    0.4325   -1243.6906  0.4778 
   00086    0.3950   -1241.9999  0.4975 
   00087    0.4150   -1260.4777  0.5039 
   00088    0.4350   -1274.1689  0.5261 
   00089    0.4175   -1265.0357  0.5204 
   00090    0.4000   -1265.8687  0.5090 
   00091    0.4325   -1265.2392  0.4986 
   00092    0.3850   -1251.3451  0.5038 
   00093    0.4075   -1257.2942  0.5221 
   00094    0.3650   -1267.3650  0.5342 
   00095    0.3725   -1266.0459  0.5403 
   00096    0.4400   -1255.9799  0.5526 
   00097    0.4025   -1243.2760  0.5643 
   00098    0.4275   -1235.7466  0.5448 
   00099    0.4400   -1212.1941  0.5390 
   00100    0.3800   -1205.1777  0.5339 
   00101    0.4150   -1230.0806  0.5322 
   00102    0.4525   -1209.2280  0.5174 
   00103    0.3950   -1227.5450  0.5112 
   00104    0.4475   -1228.4547  0.5203 
   00105    0.4175   -1212.6967  0.4942 
   00106    0.4275   -1229.3307  0.5011 
   00107    0.4200   -1216.1371  0.5012 
   00108    0.4225   -1207.4271  0.4999 
   00109    0.4150   -1206.4928  0.4976 
   00110    0.3775   -1213.5203  0.4949 
   00111    0.4000   -1225.1222  0.5116 
   00112    0.3775   -1211.6967  0.5102 
   00113    0.4000   -1202.3452  0.5082 
   00114    0.4200   -1188.2529  0.4946 
   00115    0.4325   -1212.4072  0.5049 
   00116    0.4025   -1220.2811  0.5091 
   00117    0.3900   -1218.2639  0.5179 
   00118    0.3825   -1226.7652  0.5330 
   00119    0.3650   -1242.5909  0.5292 
   00120    0.3625   -1258.0562  0.5395 
   00121    0.4375   -1271.4509  0.5618 
   00122    0.3900   -1278.8660  0.5518 
   00123    0.4150   -1257.6615  0.5621 
   00124    0.4150   -1263.3730  0.5642 
   00125    0.4450   -1232.0687  0.5393 
   00126    0.4400   -1220.1090  0.5368 
   00127    0.4075   -1185.2948  0.5185 
   00128    0.4225   -1203.0807  0.5245 
   00129    0.4325   -1212.0018  0.5245 
   00130    0.4075   -1209.9862  0.5158 
   00131    0.4075   -1232.3185  0.5168 
   00132    0.3925   -1252.7729  0.5115 
   00133    0.4075   -1238.2101  0.5184 
   00134    0.3875   -1252.1452  0.5261 
   00135    0.4325   -1251.9289  0.5334 
   00136    0.3875   -1253.8736  0.5365 
   00137    0.3825   -1281.0781  0.5510 
   00138    0.4475   -1281.5843  0.5545 
   00139    0.3950   -1273.1726  0.5525 
   00140    0.3725   -1260.5165  0.5533 
   00141    0.4050   -1247.0543  0.5677 
   00142    0.4025   -1267.9103  0.5695 
   00143    0.4050   -1248.9279  0.5796 
   00144    0.4025   -1252.4272  0.5685 
   00145    0.3500   -1262.9644  0.5797 
   00146    0.3750   -1280.3644  0.6025 
   00147    0.4075   -1270.2243  0.5999 
   00148    0.4375   -1251.5073  0.5794 
   00149    0.3850   -1245.5293  0.5841 
   00150    0.3900   -1279.0510  0.5940 
   00151    0.4100   -1278.8906  0.5789 
   00152    0.4600   -1282.2518  0.5873 
   00153    0.4175   -1282.8213  0.5968 
   00154    0.4125   -1254.5993  0.5837 
   00155    0.4225   -1260.5669  0.6020 
   00156    0.3850   -1242.4015  0.5888 
   00157    0.4375   -1220.6391  0.5902 
   00158    0.3925   -1217.2422  0.5916 
   00159    0.4450   -1207.7606  0.6024 
   00160    0.4550   -1222.7646  0.6075 
   00161    0.4075   -1239.4507  0.6128 
   00162    0.4150   -1250.9947  0.5973 
   00163    0.4300   -1261.7960  0.5939 
   00164    0.4050   -1282.1971  0.6106 
   00165    0.3875   -1290.5099  0.6195 
   00166    0.3775   -1262.0705  0.6052 
   00167    0.4050   -1234.1729  0.5936 
   00168    0.4175   -1245.9818  0.6072 
   00169    0.3775   -1256.3220  0.5941 
   00170    0.4075   -1265.9649  0.5955 
   00171    0.3925   -1271.0867  0.6104 
   00172    0.3750   -1271.3138  0.5902 
   00173    0.4050   -1258.4284  0.5826 
   00174    0.3775   -1278.4312  0.5659 
   00175    0.3975   -1279.5329  0.5717 
   00176    0.4000   -1272.7320  0.5619 
   00177    0.3675   -1263.1359  0.5541 
   00178    0.3775   -1256.2995  0.5524 
   00179    0.4225   -1262.3422  0.5661 
   00180    0.3850   -1268.0127  0.5756 
   00181    0.4075   -1271.9452  0.5782 
   00182    0.4025   -1273.9262  0.5849 
   00183    0.3675   -1288.8395  0.5939 
   00184    0.4175   -1282.8288  0.5872 
   00185    0.4525   -1277.8761  0.6182 
   00186    0.3725   -1266.2743  0.6202 
   00187    0.3900   -1243.2452  0.6264 
   00188    0.4325   -1230.9379  0.6010 
   00189    0.3900   -1262.1387  0.6150 
   00190    0.3750   -1270.2388  0.6177 
   00191    0.3975   -1248.5115  0.6234 
   00192    0.4275   -1230.3100  0.6125 
   00193    0.4025   -1231.8046  0.6228 
   00194    0.4075   -1251.8663  0.6267 
   00195    0.3775   -1255.4301  0.6348 
   00196    0.3800   -1261.6209  0.6370 
   00197    0.4325   -1228.1901  0.6276 
   00198    0.4000   -1236.0647  0.6252 
   00199    0.3975   -1257.5002  0.6273 
   00200    0.4275   -1263.8292  0.6342 
   00201    0.4425   -1264.0755  0.6179 
   00202    0.4075   -1275.8885  0.6126 
   00203    0.4225   -1277.1525  0.5958 
   00204    0.3850   -1263.3289  0.6084 
   00205    0.3950   -1242.1010  0.5912 
   00206    0.3900   -1245.4974  0.6005 
   00207    0.4250   -1249.6846  0.6093 
   00208    0.4475   -1246.5705  0.6275 
   00209    0.3850   -1252.2873  0.6423 
   00210    0.3925   -1240.6375  0.6394 
   00211    0.4125   -1264.4039  0.6468 
   00212    0.3925   -1269.6383  0.6522 
   00213    0.4175   -1280.9087  0.6491 
   00214    0.3875   -1273.9222  0.6547 
   00215    0.3775   -1272.4845  0.6447 
   00216    0.3800   -1275.9095  0.6382 
   00217    0.3475   -1265.9572  0.6555 
   00218    0.4175   -1293.4511  0.6724 
   00219    0.3825   -1270.7436  0.6837 
   00220    0.4250   -1259.2698  0.7059 
   00221    0.4275   -1272.2996  0.7185 
   00222    0.3950   -1285.7598  0.7248 
   00223    0.4550   -1264.4650  0.7268 
   00224    0.4100   -1237.6699  0.7173 
   00225    0.4000   -1253.3082  0.7166 
   00226    0.4450   -1266.3485  0.7177 
   00227    0.3725   -1278.8260  0.7120 
   00228    0.3450   -1276.1005  0.7108 
   00229    0.3975   -1270.6432  0.7030 
   00230    0.4050   -1289.8960  0.7088 
   00231    0.3750   -1310.0277  0.7382 
   00232    0.3550   -1298.6511  0.7415 
   00233    0.3850   -1287.9661  0.7301 
   00234    0.3950   -1280.8158  0.7495 
   00235    0.3775   -1300.6906  0.7555 
   00236    0.3850   -1297.4069  0.7598 
   00237    0.4325   -1287.9652  0.7607 
   00238    0.3950   -1283.7611  0.7623 
   00239    0.4125   -1276.8816  0.7650 
   00240    0.3850   -1301.8659  0.7761 
   00241    0.3975   -1306.0665  0.7813 
   00242    0.4100   -1311.8045  0.7839 
   00243    0.3925   -1301.1479  0.7802 
   00244    0.3975   -1315.6906  0.7788 
   00245    0.3925   -1298.9358  0.7726 
   00246    0.3625   -1313.5313  0.7626 
   00247    0.3975   -1296.5373  0.7525 
   00248    0.4225   -1306.5475  0.7650 
   00249    0.4300   -1309.4708  0.7551 
   00250    0.4050   -1297.0786  0.7459 
   00251    0.3725   -1316.1641  0.7552 
   00252    0.4175   -1314.3144  0.7435 
   00253    0.3675   -1287.2545  0.7221 
   00254    0.3900   -1282.1714  0.7284 
   00255    0.4225   -1283.4101  0.7238 
   00256    0.3875   -1290.4368  0.7197 
   00257    0.3675   -1267.7297  0.7157 
   00258    0.4175   -1248.5134  0.7101 
   00259    0.3475   -1243.4930  0.7227 
   00260    0.3900   -1254.9997  0.7205 
   00261    0.3925   -1261.1822  0.6968 
   00262    0.4000   -1276.0775  0.7029 
   00263    0.3800   -1267.7312  0.6969 
   00264    0.4075   -1276.6614  0.7025 
   00265    0.3900   -1263.4188  0.6969 
   00266    0.4250   -1291.9209  0.7217 
   00267    0.4075   -1290.1841  0.7083 
   00268    0.3900   -1297.7775  0.7153 
   00269    0.4500   -1287.6349  0.7090 
   00270    0.3850   -1272.1072  0.6981 
   00271    0.3725   -1272.9046  0.6965 
   00272    0.4100   -1294.2197  0.7140 
   00273    0.4175   -1294.1931  0.7040 
   00274    0.4250   -1286.5757  0.6959 
   00275    0.3625   -1277.5099  0.6986 
   00276    0.3775   -1280.1469  0.7048 
   00277    0.4700   -1266.1079  0.7100 
   00278    0.3850   -1283.6390  0.7253 
   00279    0.4050   -1277.2767  0.7209 
   00280    0.4100   -1260.7056  0.7247 
   00281    0.4000   -1254.9657  0.7272 
   00282    0.4075   -1268.8917  0.7430 
   00283    0.4075   -1275.9020  0.7550 
   00284    0.4150   -1269.1115  0.7509 
   00285    0.4000   -1268.6459  0.7438 
   00286    0.4000   -1251.6031  0.7382 
   00287    0.4275   -1240.8946  0.7368 
   00288    0.4350   -1247.1774  0.7320 
   00289    0.3900   -1238.4025  0.7364 
   00290    0.3950   -1229.4770  0.7504 
   00291    0.4050   -1246.5458  0.7580 
   00292    0.3650   -1262.6126  0.7696 
   00293    0.3900   -1284.2108  0.7730 
   00294    0.4025   -1290.3339  0.7812 
   00295    0.3975   -1306.8206  0.7798 
   00296    0.3775   -1302.9196  0.7645 
   00297    0.4075   -1278.1005  0.7526 
   00298    0.3725   -1282.8959  0.7565 
   00299    0.3825   -1285.3663  0.7511 
   00300    0.3950   -1265.4736  0.7584 
   00301    0.4350   -1238.7380  0.7306 
   00302    0.4100   -1205.8024  0.7092 
   00303    0.4500   -1220.7579  0.7166 
   00304    0.3575   -1250.1277  0.7407 
   00305    0.4525   -1292.7009  0.7576 
   00306    0.4025   -1284.4868  0.7641 
   00307    0.4425   -1273.9452  0.7738 
   00308    0.3900   -1246.8194  0.7652 
   00309    0.3750   -1274.0300  0.7939 
   00310    0.4025   -1291.3800  0.8068 
   00311    0.3525   -1301.5540  0.8038 
   00312    0.3700   -1312.7482  0.8026 
   00313    0.3775   -1307.8104  0.8022 
   00314    0.4100   -1308.0384  0.8056 
   00315    0.4275   -1268.2663  0.7923 
   00316    0.4050   -1285.7815  0.7973 
   00317    0.3900   -1277.8917  0.8056 
   00318    0.3500   -1295.7767  0.8065 
   00319    0.4300   -1303.1793  0.8126 
   00320    0.4000   -1287.4055  0.8038 
   00321    0.3625   -1282.2229  0.7998 
   00322    0.4000   -1293.0747  0.8046 
   00323    0.3650   -1293.1555  0.8007 
   00324    0.3975   -1278.8991  0.7991 
   00325    0.4350   -1307.1483  0.8076 
   00326    0.4225   -1290.0173  0.8098 
   00327    0.3900   -1291.2239  0.8181 
   00328    0.4325   -1303.0865  0.8134 
   00329    0.3925   -1298.3924  0.8149 
   00330    0.3875   -1296.6721  0.8096 
   00331    0.4300   -1273.2995  0.7990 
   00332    0.3775   -1282.4811  0.7896 
   00333    0.4350   -1283.3436  0.7883 
   00334    0.3725   -1282.7779  0.7916 
   00335    0.3950   -1287.8984  0.8018 
   00336    0.4350   -1270.0604  0.7816 
   00337    0.4325   -1279.2330  0.7857 
   00338    0.4075   -1280.4259  0.7821 
   00339    0.4050   -1288.4550  0.7814 
   00340    0.3825   -1285.4158  0.7781 
   00341    0.3625   -1309.0360  0.7951 
   00342    0.4000   -1299.6084  0.7880 
   00343    0.3900   -1299.3672  0.7964 
   00344    0.4025   -1271.1091  0.8011 
   00345    0.4225   -1260.5030  0.7930 
   00346    0.4200   -1262.3478  0.7818 
   00347    0.3700   -1272.4808  0.7842 
   00348    0.4350   -1263.1715  0.7846 
   00349    0.4375   -1271.1567  0.7846 
   00350    0.4375   -1267.9880  0.7800 
   00351    0.4275   -1275.7379  0.7741 
   00352    0.4050   -1278.0064  0.7756 
   00353    0.4300   -1258.1470  0.7703 
   00354    0.4325   -1261.8592  0.7742 
   00355    0.3875   -1243.8882  0.7606 
   00356    0.3850   -1260.9298  0.7677 
   00357    0.3750   -1246.2883  0.7617 
   00358    0.4200   -1258.2274  0.7694 
   00359    0.4300   -1243.9999  0.7650 
   00360    0.4300   -1248.5401  0.7457 
   00361    0.4125   -1246.5178  0.7377 
   00362    0.4075   -1252.7809  0.7328 
   00363    0.3750   -1251.3056  0.7391 
   00364    0.4025   -1265.9304  0.7361 
   00365    0.3875   -1245.7529  0.7254 
   00366    0.4075   -1228.0466  0.7363 
   00367    0.4325   -1261.1097  0.7557 
   00368    0.3850   -1275.5982  0.7731 
   00369    0.3950   -1273.2918  0.7597 
   00370    0.4225   -1316.9267  0.7626 
   00371    0.3575   -1314.2735  0.7539 
   00372    0.3650   -1314.1179  0.7499 
   00373    0.4275   -1314.5087  0.7562 
   00374    0.3875   -1300.9536  0.7554 
   00375    0.4300   -1298.9851  0.7702 
   00376    0.4000   -1293.8771  0.7751 
   00377    0.3900   -1294.7060  0.7735 
   00378    0.3975   -1259.7242  0.7618 
   00379    0.3975   -1262.3968  0.7647 
   00380    0.3925   -1248.3716  0.7396 
   00381    0.3900   -1257.1929  0.7420 
   00382    0.3800   -1289.6380  0.7525 
   00383    0.3750   -1292.4509  0.7617 
   00384    0.3925   -1305.6668  0.7722 
   00385    0.4175   -1278.5159  0.7505 
   00386    0.4000   -1291.4636  0.7453 
   00387    0.3825   -1297.1322  0.7480 
   00388    0.3675   -1287.6748  0.7364 
   00389    0.4000   -1274.5609  0.7391 
   00390    0.4075   -1272.7105  0.7323 
   00391    0.3575   -1274.0945  0.7283 
   00392    0.4175   -1279.4494  0.7297 
   00393    0.4025   -1281.2921  0.7543 
   00394    0.4125   -1253.1377  0.7596 
   00395    0.4200   -1256.3780  0.7622 
   00396    0.3850   -1275.0706  0.7715 
   00397    0.3775   -1254.8412  0.7518 
   00398    0.4475   -1245.2315  0.7575 
   00399    0.4500   -1264.7948  0.7669 
   00400    0.3775   -1279.7416  0.7724 
   00401    0.3825   -1263.8417  0.7522 
   00402    0.4300   -1268.5325  0.7563 
   00403    0.3925   -1265.8704  0.7650 
   00404    0.3800   -1261.0407  0.7679 
   00405    0.3950   -1265.4437  0.7784 
   00406    0.4175   -1273.0493  0.7804 
   00407    0.3775   -1258.9179  0.7725 
   00408    0.4200   -1260.4827  0.7787 
   00409    0.4325   -1261.4394  0.7782 
   00410    0.4375   -1241.0490  0.7757 
   00411    0.4050   -1261.2670  0.7776 
   00412    0.4050   -1237.8093  0.7682 
   00413    0.3775   -1240.6071  0.7782 
   00414    0.4275   -1241.3681  0.7857 
   00415    0.3975   -1272.9082  0.7943 
   00416    0.3600   -1270.2346  0.7961 
   00417    0.4050   -1284.7281  0.7988 
   00418    0.3550   -1296.3227  0.7983 
   00419    0.3800   -1308.7535  0.8085 
   00420    0.3975   -1298.2920  0.8007 
   00421    0.3475   -1274.3854  0.7903 
   00422    0.4375   -1281.9841  0.7921 
   00423    0.3900   -1250.5398  0.7902 
   00424    0.4125   -1262.6719  0.7896 
   00425    0.4025   -1257.5490  0.7851 
   00426    0.3700   -1264.0061  0.7829 
   00427    0.4400   -1277.0858  0.7955 
   00428    0.3925   -1289.0183  0.7951 
   00429    0.3975   -1279.3105  0.7800 
   00430    0.4300   -1271.7110  0.7688 
   00431    0.4000   -1256.2194  0.7584 
   00432    0.4400   -1255.9423  0.7556 
   00433    0.4200   -1255.4382  0.7428 
   00434    0.3975   -1264.2031  0.7522 
   00435    0.4075   -1267.8668  0.7505 
   00436    0.3925   -1225.9243  0.7295 
   00437    0.4025   -1257.3883  0.7346 
   00438    0.4225   -1252.7534  0.7513 
   00439    0.4000   -1262.2573  0.7421 
   00440    0.3725   -1239.7155  0.7326 
   00441    0.3825   -1231.1072  0.7348 
   00442    0.3800   -1220.5108  0.7387 
   00443    0.3850   -1245.0496  0.7586 
   00444    0.3925   -1252.8013  0.7603 
   00445    0.3825   -1234.6186  0.7465 
   00446    0.3900   -1219.6341  0.7449 
   00447    0.4125   -1235.0924  0.7433 
   00448    0.4500   -1262.8488  0.7399 
   00449    0.4000   -1252.3090  0.7469 
   00450    0.4300   -1216.2146  0.7274 
   00451    0.4300   -1227.6340  0.7287 
   00452    0.4125   -1238.2794  0.7432 
   00453    0.4475   -1284.4350  0.7650 
   00454    0.3825   -1290.8932  0.7806 
   00455    0.3800   -1300.4430  0.7926 
   00456    0.3950   -1295.6120  0.8005 
   00457    0.4050   -1293.9234  0.8009 
   00458    0.3725   -1314.3964  0.8027 
   00459    0.4925   -1318.7399  0.8111 
   00460    0.4125   -1319.1127  0.8077 
   00461    0.4200   -1319.8592  0.8090 
   00462    0.4125   -1309.5163  0.8155 
   00463    0.3450   -1307.1430  0.8189 
   00464    0.4050   -1316.7844  0.8174 
   00465    0.3125   -1304.9463  0.8072 
   00466    0.4050   -1313.1292  0.7948 
   00467    0.3900   -1320.3792  0.8099 
   00468    0.3875   -1305.7041  0.7884 
   00469    0.3725   -1301.1103  0.7888 
   00470    0.4200   -1271.0306  0.7870 
   00471    0.3700   -1281.1526  0.7937 
   00472    0.4000   -1298.2665  0.7968 
   00473    0.4075   -1316.8821  0.8047 
   00474    0.3750   -1304.3583  0.8054 
   00475    0.4225   -1289.3058  0.8001 
   00476    0.4150   -1271.5862  0.7896 
   00477    0.4175   -1289.3251  0.7889 
   00478    0.3900   -1298.3524  0.7923 
   00479    0.4100   -1303.2246  0.7871 
   00480    0.3900   -1306.8235  0.7815 
   00481    0.4100   -1291.7274  0.7753 
   00482    0.3600   -1280.0361  0.7752 
   00483    0.4050   -1273.8228  0.7791 
   00484    0.4075   -1278.4909  0.7883 
   00485    0.3950   -1296.3777  0.7946 
   00486    0.4050   -1292.7162  0.7931 
   00487    0.4025   -1275.9566  0.7892 
   00488    0.4225   -1281.3036  0.7907 
   00489    0.4225   -1257.2716  0.7950 
   00490    0.3925   -1266.4593  0.8028 
   00491    0.4025   -1287.8541  0.8192 
   00492    0.3850   -1289.5642  0.8155 
   00493    0.3950   -1266.6875  0.8066 
   00494    0.3875   -1303.8021  0.8256 
   00495    0.3550   -1299.9401  0.8289 
   00496    0.4175   -1285.1843  0.8285 
   00497    0.4275   -1282.4587  0.8213 
   00498    0.4200   -1275.5791  0.8293 
   00499    0.3600   -1267.7936  0.8279 
   00500    0.3700   -1255.8298  0.8190 
   00501    0.3675   -1262.4818  0.8226 
   00502    0.3850   -1274.2529  0.8166 
   00503    0.3775   -1288.3418  0.8249 
   00504    0.3850   -1298.3456  0.8255 
   00505    0.3675   -1283.7672  0.8227 
   00506    0.4125   -1302.2389  0.8312 
   00507    0.4150   -1303.5639  0.8218 
   00508    0.4350   -1309.5418  0.8226 
   00509    0.4275   -1316.7626  0.8190 
   00510    0.3800   -1322.0663  0.8291 
   00511    0.3825   -1302.7077  0.8085 
   00512    0.3500   -1321.0579  0.7980 
   00513    0.3975   -1301.6260  0.7999 
   00514    0.4350   -1293.8471  0.8004 
   00515    0.3750   -1274.8172  0.7837 
   00516    0.4350   -1271.1646  0.7828 
   00517    0.4125   -1269.4697  0.7909 
   00518    0.3925   -1274.4099  0.7889 
   00519    0.3900   -1274.2233  0.7996 
   00520    0.4175   -1294.5124  0.8067 
   00521    0.4100   -1294.6874  0.8103 
   00522    0.4275   -1294.6462  0.8060 
   00523    0.4075   -1319.9969  0.8113 
   00524    0.3750   -1308.5372  0.8061 
   00525    0.4050   -1303.1025  0.7937 
   00526    0.3775   -1301.1511  0.7935 
   00527    0.3825   -1298.7157  0.8038 
   00528    0.3975   -1308.7958  0.8094 
   00529    0.4025   -1313.0481  0.8063 
   00530    0.3600   -1321.1544  0.8034 
   00531    0.3850   -1295.4086  0.8054 
   00532    0.4525   -1304.7059  0.8040 
   00533    0.3950   -1302.2285  0.7921 
   00534    0.3800   -1285.4100  0.7805 
   00535    0.3850   -1297.5313  0.7790 
   00536    0.3700   -1312.5141  0.7992 
   00537    0.3675   -1301.6551  0.7875 
   00538    0.3925   -1267.7686  0.7838 
   00539    0.4025   -1262.2885  0.7874 
   00540    0.3875   -1271.7160  0.7901 
   00541    0.3750   -1259.1170  0.7926 
   00542    0.4125   -1257.8213  0.7878 
   00543    0.3750   -1263.3553  0.7836 
   00544    0.3750   -1269.9239  0.7872 
   00545    0.3625   -1281.3767  0.7875 
   00546    0.4000   -1277.8233  0.7933 
   00547    0.3875   -1277.2982  0.8008 
   00548    0.4175   -1288.2504  0.7877 
   00549    0.3875   -1279.6056  0.7812 
   00550    0.4200   -1270.6270  0.7749 
   00551    0.3925   -1261.9930  0.7739 
   00552    0.4250   -1266.7067  0.7694 
   00553    0.3900   -1308.8257  0.7823 
   00554    0.4025   -1311.2709  0.7852 
   00555    0.4150   -1300.4665  0.7714 
   00556    0.4175   -1293.8253  0.7651 
   00557    0.4050   -1292.6053  0.7624 
   00558    0.3950   -1314.0994  0.7680 
   00559    0.3750   -1292.1369  0.7621 
   00560    0.4075   -1284.2415  0.7524 
   00561    0.3975   -1259.1897  0.7503 
   00562    0.4250   -1269.7536  0.7588 
   00563    0.3800   -1261.0264  0.7361 
   00564    0.3625   -1243.2060  0.7329 
   00565    0.4350   -1261.8801  0.7471 
   00566    0.3650   -1280.7729  0.7516 
   00567    0.4000   -1275.7081  0.7554 
   00568    0.4025   -1249.6593  0.7546 
   00569    0.3625   -1252.2619  0.7602 
   00570    0.4000   -1284.5013  0.7578 
   00571    0.3975   -1284.9192  0.7655 
   00572    0.4175   -1277.6525  0.7655 
   00573    0.4400   -1281.7424  0.7818 
   00574    0.3950   -1299.2630  0.7853 
   00575    0.4025   -1266.9205  0.7631 
   00576    0.3950   -1254.2990  0.7597 
   00577    0.4050   -1252.0836  0.7636 
   00578    0.4250   -1240.0380  0.7472 
   00579    0.4475   -1246.2013  0.7526 
   00580    0.3900   -1250.8031  0.7694 
   00581    0.3850   -1254.8143  0.7761 
   00582    0.4375   -1260.1072  0.7804 
   00583    0.3900   -1264.9821  0.7798 
   00584    0.4300   -1267.7081  0.7779 
   00585    0.4275   -1280.6086  0.7802 
   00586    0.3725   -1293.6605  0.7841 
   00587    0.4000   -1279.9925  0.7792 
   00588    0.4425   -1304.0398  0.7883 
   00589    0.3875   -1310.6220  0.7980 
   00590    0.3800   -1310.1748  0.7978 
   00591    0.4000   -1291.1086  0.8053 
   00592    0.4050   -1290.5644  0.8025 
   00593    0.4025   -1287.3765  0.7986 
   00594    0.4225   -1296.6146  0.8075 
   00595    0.3775   -1305.7400  0.8127 
   00596    0.3575   -1283.8313  0.7986 
   00597    0.4175   -1294.6118  0.7972 
   00598    0.3575   -1290.9011  0.8088 
   00599    0.4475   -1305.6182  0.8073 
   00600    0.4025   -1293.2578  0.8143 
   00601    0.4300   -1293.1385  0.8145 
   00602    0.4300   -1300.7105  0.8172 
   00603    0.3725   -1299.7285  0.8026 
   00604    0.3725   -1305.2373  0.8043 
   00605    0.4725   -1319.8732  0.8207 
   00606    0.4025   -1342.1723  0.8285 
   00607    0.3700   -1324.3792  0.8246 
   00608    0.4325   -1294.6099  0.8097 
   00609    0.3900   -1318.4078  0.8205 
   00610    0.3900   -1300.8100  0.8139 
   00611    0.3875   -1285.5957  0.8178 
   00612    0.3725   -1300.8135  0.8201 
   00613    0.3975   -1289.4536  0.8093 
   00614    0.4250   -1283.8869  0.8082 
   00615    0.4075   -1269.7415  0.7948 
   00616    0.3500   -1289.6601  0.7986 
   00617    0.4000   -1305.1125  0.7965 
   00618    0.3725   -1295.8517  0.7982 
   00619    0.3850   -1285.1642  0.7875 
   00620    0.3900   -1284.2601  0.7917 
   00621    0.3875   -1286.1224  0.7961 
   00622    0.3950   -1295.9039  0.8025 
   00623    0.3600   -1276.7894  0.7867 
   00624    0.4025   -1265.3066  0.7733 
   00625    0.4475   -1236.2173  0.7506 
   00626    0.4275   -1226.1811  0.7395 
   00627    0.4125   -1238.6955  0.7380 
   00628    0.4125   -1232.7502  0.7413 
   00629    0.4200   -1240.7979  0.7404 
   00630    0.3875   -1252.6138  0.7475 
   00631    0.4225   -1260.8826  0.7655 
   00632    0.3950   -1257.2715  0.7494 
   00633    0.4125   -1255.5200  0.7450 
   00634    0.4600   -1255.5152  0.7208 
   00635    0.3850   -1231.3935  0.6926 
   00636    0.4075   -1210.9522  0.6924 
   00637    0.3675   -1201.5927  0.6908 
   00638    0.4325   -1249.8481  0.7225 
   00639    0.4425   -1240.8833  0.7171 
   00640    0.3775   -1245.0416  0.7249 
   00641    0.4025   -1226.3646  0.7237 
   00642    0.3775   -1211.9129  0.7258 
   00643    0.4550   -1236.4838  0.7344 
   00644    0.4175   -1250.3027  0.7230 
   00645    0.4200   -1218.6574  0.7222 
   00646    0.4175   -1227.8725  0.7395 
   00647    0.4550   -1229.7779  0.7511 
   00648    0.4550   -1235.4033  0.7416 
   00649    0.3925   -1239.3097  0.7316 
   00650    0.3875   -1234.3036  0.7405 
   00651    0.4225   -1250.0337  0.7406 
   00652    0.4150   -1238.7324  0.7497 
   00653    0.3925   -1242.4132  0.7491 
   00654    0.3825   -1278.1170  0.7678 
   00655    0.3825   -1270.8536  0.7731 
   00656    0.3975   -1280.6902  0.7764 
   00657    0.4325   -1257.7274  0.7763 
   00658    0.3675   -1265.5769  0.7896 
   00659    0.3725   -1255.9758  0.7768 
   00660    0.3925   -1249.0511  0.7765 
   00661    0.4000   -1249.9275  0.7906 
   00662    0.3925   -1268.5125  0.8077 
   00663    0.3900   -1287.7374  0.8009 
   00664    0.3750   -1247.1360  0.7746 
   00665    0.4050   -1241.1698  0.7777 
   00666    0.4450   -1228.9803  0.7720 
   00667    0.3725   -1251.4792  0.7808 
   00668    0.4050   -1286.7091  0.7907 
   00669    0.3975   -1288.7261  0.7952 
   00670    0.4300   -1295.2422  0.7914 
   00671    0.3750   -1286.9638  0.7988 
   00672    0.4150   -1286.0526  0.7910 
   00673    0.3850   -1273.2287  0.7782 
   00674    0.4025   -1279.8927  0.7828 
   00675    0.3950   -1280.1208  0.7919 
   00676    0.3975   -1277.1717  0.7832 
   00677    0.4300   -1247.7406  0.7704 
   00678    0.4300   -1259.1637  0.7766 
   00679    0.4200   -1282.4870  0.7907 
   00680    0.4250   -1270.8412  0.7878 
   00681    0.3750   -1268.8285  0.7828 
   00682    0.3725   -1273.9034  0.7936 
   00683    0.4125   -1270.3147  0.7897 
   00684    0.4275   -1273.0120  0.7830 
   00685    0.4225   -1280.9974  0.7757 
   00686    0.4000   -1294.8559  0.7838 
   00687    0.4175   -1302.1066  0.7871 
   00688    0.3775   -1282.6093  0.7878 
   00689    0.3975   -1279.7842  0.7809 
   00690    0.4025   -1275.5460  0.7841 
   00691    0.4200   -1275.2544  0.7833 
   00692    0.3525   -1256.4596  0.7670 
   00693    0.4200   -1270.4281  0.7663 
   00694    0.3850   -1261.4082  0.7687 
   00695    0.4100   -1244.6209  0.7710 
   00696    0.4200   -1276.7229  0.7879 
   00697    0.3650   -1277.9302  0.7938 
   00698    0.4050   -1262.8076  0.7773 
   00699    0.4075   -1264.4644  0.7670 
   00700    0.3975   -1267.1624  0.7646 
   00701    0.3500   -1270.6907  0.7673 
   00702    0.3850   -1304.4887  0.7825 
   00703    0.3775   -1320.3165  0.7884 
   00704    0.4000   -1330.0853  0.7881 
   00705    0.3800   -1314.6110  0.7848 
   00706    0.4050   -1320.4023  0.7927 
   00707    0.4350   -1288.0363  0.7647 
   00708    0.3700   -1279.8865  0.7633 
   00709    0.4150   -1290.7094  0.7682 
   00710    0.4150   -1306.7756  0.7713 
   00711    0.4000   -1301.5451  0.7780 
   00712    0.4250   -1262.2482  0.7716 
   00713    0.3775   -1261.6435  0.7700 
   00714    0.4125   -1264.6959  0.7638 
   00715    0.3575   -1253.4009  0.7640 
   00716    0.4450   -1273.1489  0.7603 
   00717    0.4200   -1285.6871  0.7552 
   00718    0.3775   -1268.5289  0.7403 
   00719    0.3875   -1278.0662  0.7504 
   00720    0.3625   -1258.3298  0.7429 
   00721    0.3925   -1262.1044  0.7559 
   00722    0.4025   -1278.7256  0.7567 
   00723    0.3750   -1261.1170  0.7546 
   00724    0.4125   -1238.4138  0.7629 
   00725    0.3925   -1223.2374  0.7575 
   00726    0.4250   -1256.5911  0.7693 
   00727    0.4075   -1243.8984  0.7612 
   00728    0.4000   -1236.2059  0.7615 
   00729    0.4275   -1247.0277  0.7614 
   00730    0.4150   -1262.6629  0.7609 
   00731    0.3725   -1271.2565  0.7731 
   00732    0.4050   -1281.9368  0.7675 
   00733    0.4325   -1273.7940  0.7606 
   00734    0.4225   -1258.1612  0.7676 
   00735    0.4450   -1263.4944  0.7647 
   00736    0.4025   -1260.7115  0.7685 
   00737    0.3850   -1247.0177  0.7756 
   00738    0.3800   -1237.6804  0.7721 
   00739    0.3650   -1234.9039  0.7635 
   00740    0.3825   -1236.2159  0.7778 
   00741    0.4375   -1279.9692  0.7924 
   00742    0.3950   -1288.0616  0.7954 
   00743    0.3800   -1290.3729  0.8068 
   00744    0.3675   -1305.0644  0.8169 
   00745    0.4200   -1312.4502  0.8025 
   00746    0.4025   -1285.7978  0.8088 
   00747    0.3325   -1302.2446  0.8208 
   00748    0.3950   -1323.1425  0.8189 
   00749    0.4100   -1303.1893  0.8134 
   00750    0.4000   -1306.0094  0.8228 
   00751    0.3600   -1313.2323  0.8272 
   00752    0.4000   -1295.1979  0.8260 
   00753    0.4075   -1314.4074  0.8349 
   00754    0.3825   -1332.9689  0.8481 
   00755    0.4050   -1326.9074  0.8457 
   00756    0.3700   -1327.3183  0.8473 
   00757    0.3600   -1299.3730  0.8442 
   00758    0.4025   -1300.2757  0.8414 
   00759    0.4450   -1311.8384  0.8364 
   00760    0.4150   -1338.1610  0.8577 
   00761    0.3750   -1307.5654  0.8406 
   00762    0.3975   -1324.2426  0.8474 
   00763    0.4475   -1315.7712  0.8367 
   00764    0.4150   -1298.6224  0.8230 
   00765    0.3725   -1299.3674  0.8247 
   00766    0.4075   -1310.9126  0.8291 
   00767    0.3850   -1328.2395  0.8315 
   00768    0.3700   -1319.0317  0.8316 
   00769    0.3675   -1325.7282  0.8343 
   00770    0.3425   -1345.0633  0.8410 
   00771    0.4250   -1335.7200  0.8379 
   00772    0.4000   -1316.7161  0.8267 
   00773    0.3675   -1301.8448  0.8284 
   00774    0.3900   -1294.3306  0.8225 
   00775    0.4075   -1288.1905  0.8244 
   00776    0.3750   -1292.9559  0.8239 
   00777    0.3975   -1281.2113  0.8251 
   00778    0.3625   -1260.0786  0.8232 
   00779    0.3900   -1244.9964  0.8010 
   00780    0.4300   -1253.2733  0.7912 
   00781    0.4000   -1251.7186  0.7907 
   00782    0.4425   -1262.5545  0.7945 
   00783    0.4200   -1256.0946  0.7895 
   00784    0.4100   -1256.3988  0.7937 
   00785    0.4300   -1286.1337  0.8051 
   00786    0.3650   -1270.5686  0.8021 
   00787    0.3825   -1276.1769  0.8166 
   00788    0.4150   -1275.7460  0.8173 
   00789    0.4150   -1293.3236  0.8211 
   00790    0.4075   -1284.8074  0.8112 
   00791    0.3600   -1275.0101  0.8126 
   00792    0.4200   -1298.5928  0.8235 
   00793    0.3775   -1289.3070  0.8266 
   00794    0.4600   -1254.9064  0.8087 
   00795    0.4175   -1279.7911  0.8144 
   00796    0.3900   -1287.9853  0.8269 
   00797    0.3750   -1283.0714  0.8308 
   00798    0.3700   -1280.9637  0.8310 
   00799    0.4125   -1288.5909  0.8276 
   00800    0.4225   -1309.4671  0.8364 
   00801    0.3800   -1283.4495  0.8245 
   00802    0.4425   -1279.5782  0.8209 
   00803    0.4025   -1288.8874  0.8212 
   00804    0.3675   -1305.2591  0.8322 
   00805    0.4175   -1298.3742  0.8260 
   00806    0.4100   -1320.8819  0.8440 
   00807    0.3825   -1328.1364  0.8324 
   00808    0.4025   -1343.6374  0.8498 
   00809    0.4050   -1353.6873  0.8487 
   00810    0.4175   -1343.9324  0.8421 
   00811    0.3875   -1352.1741  0.8409 
   00812    0.4050   -1344.0383  0.8358 
   00813    0.3675   -1346.2394  0.8369 
   00814    0.3925   -1335.6200  0.8261 
   00815    0.3875   -1321.9745  0.8243 
   00816    0.4075   -1311.5380  0.8133 
   00817    0.4125   -1293.8421  0.8008 
   00818    0.4100   -1277.7917  0.7945 
   00819    0.4175   -1296.7054  0.8004 
   00820    0.3975   -1254.4035  0.7803 
   00821    0.4250   -1240.1383  0.7791 
   00822    0.3875   -1248.3428  0.7800 
   00823    0.3975   -1258.9879  0.7825 
   00824    0.4300   -1258.9723  0.7885 
   00825    0.4550   -1258.2945  0.7961 
   00826    0.3775   -1279.7893  0.8011 
   00827    0.4100   -1285.5351  0.8091 
   00828    0.4350   -1304.6478  0.8090 
   00829    0.4325   -1305.1474  0.8113 
   00830    0.3900   -1303.8739  0.8081 
   00831    0.4550   -1318.5314  0.7936 
   00832    0.3825   -1294.7228  0.7991 
   00833    0.4150   -1306.5447  0.7979 
   00834    0.4300   -1295.6974  0.7950 
   00835    0.4175   -1305.1384  0.7970 
   00836    0.3875   -1292.8209  0.7917 
   00837    0.4200   -1288.1019  0.7864 
   00838    0.3750   -1255.3376  0.7890 
   00839    0.4225   -1264.9635  0.7915 
   00840    0.4350   -1267.7450  0.7980 
   00841    0.4350   -1283.5054  0.8149 
   00842    0.4250   -1277.6856  0.8181 
   00843    0.4275   -1304.0955  0.8331 
   00844    0.4025   -1300.6878  0.8326 
   00845    0.4025   -1286.0824  0.8270 
   00846    0.3925   -1288.5901  0.8282 
   00847    0.3800   -1307.1206  0.8402 
   00848    0.3650   -1321.4609  0.8407 
   00849    0.3650   -1318.0122  0.8391 
   00850    0.3700   -1304.5619  0.8249 
   00851    0.4000   -1316.9527  0.8267 
   00852    0.4075   -1317.1237  0.8198 
   00853    0.4125   -1312.5140  0.8059 
   00854    0.3725   -1299.2042  0.7967 
   00855    0.4200   -1295.3094  0.7833 
   00856    0.4175   -1295.9831  0.7761 
   00857    0.4225   -1292.4862  0.7749 
   00858    0.3925   -1267.8098  0.7657 
   00859    0.4400   -1282.3665  0.7860 
   00860    0.3700   -1281.3829  0.7746 
   00861    0.4000   -1253.7484  0.7675 
   00862    0.4225   -1246.6811  0.7580 
   00863    0.4025   -1274.5413  0.7691 
   00864    0.3925   -1260.7338  0.7695 
   00865    0.4000   -1255.8829  0.7737 
   00866    0.4225   -1268.3920  0.7800 
   00867    0.3975   -1280.1592  0.7973 
   00868    0.3850   -1275.0212  0.8088 
   00869    0.4100   -1250.6334  0.8024 
   00870    0.4050   -1257.6580  0.8040 
   00871    0.4025   -1238.3632  0.7917 
   00872    0.3900   -1268.2870  0.8003 
   00873    0.4200   -1277.5174  0.8080 
   00874    0.4625   -1274.3706  0.8047 
   00875    0.3925   -1299.0451  0.8213 
   00876    0.3975   -1316.5780  0.8328 
   00877    0.3825   -1302.5447  0.8145 
   00878    0.3850   -1270.9441  0.8063 
   00879    0.3925   -1292.0607  0.8171 
   00880    0.4175   -1266.1138  0.8076 
   00881    0.4025   -1269.0125  0.7966 
   00882    0.4625   -1268.8792  0.7868 
   00883    0.4175   -1257.2016  0.7840 
   00884    0.3925   -1257.7064  0.7695 
   00885    0.4225   -1262.8177  0.7696 
   00886    0.4350   -1284.4384  0.7857 
   00887    0.3950   -1267.9055  0.7901 
   00888    0.4175   -1278.5314  0.7974 
   00889    0.4100   -1267.0013  0.7853 
   00890    0.4250   -1266.0443  0.7882 
   00891    0.3975   -1298.1166  0.8000 
   00892    0.4500   -1325.5776  0.8209 
   00893    0.4150   -1324.4941  0.8332 
   00894    0.3950   -1344.0814  0.8268 
   00895    0.4000   -1312.4598  0.8163 
   00896    0.4025   -1301.9440  0.7978 
   00897    0.3750   -1274.5401  0.7872 
   00898    0.4200   -1243.0861  0.7671 
   00899    0.3825   -1253.4610  0.7691 
   00900    0.3625   -1274.6519  0.7762 
   00901    0.4025   -1261.2885  0.7824 
   00902    0.4225   -1272.9530  0.7881 
   00903    0.4125   -1277.2368  0.7915 
   00904    0.3900   -1273.4613  0.7913 
   00905    0.3975   -1285.5448  0.8028 
   00906    0.4350   -1290.6752  0.8180 
   00907    0.4050   -1284.8160  0.8098 
   00908    0.3400   -1286.4717  0.8041 
   00909    0.4000   -1296.1090  0.8198 
   00910    0.3875   -1312.4184  0.8283 
   00911    0.3975   -1269.5394  0.8186 
   00912    0.4275   -1293.8789  0.8292 
   00913    0.3525   -1288.7337  0.8297 
   00914    0.4150   -1277.9817  0.8294 
   00915    0.3600   -1275.3377  0.8245 
   00916    0.4025   -1291.4587  0.8296 
   00917    0.4275   -1297.1553  0.8272 
   00918    0.4000   -1301.6435  0.8330 
   00919    0.3825   -1312.3826  0.8394 
   00920    0.4325   -1309.1660  0.8464 
   00921    0.4300   -1301.0364  0.8441 
   00922    0.3825   -1328.2079  0.8558 
   00923    0.3975   -1314.5000  0.8490 
   00924    0.4400   -1335.8158  0.8668 
   00925    0.3850   -1334.3620  0.8637 
   00926    0.3375   -1332.2481  0.8640 
   00927    0.3850   -1347.5329  0.8641 
   00928    0.3850   -1346.0583  0.8661 
   00929    0.3975   -1352.1752  0.8617 
   00930    0.3500   -1349.7542  0.8663 
   00931    0.3950   -1360.8151  0.8606 
   00932    0.3525   -1348.1402  0.8545 
   00933    0.4050   -1345.7601  0.8599 
   00934    0.3750   -1347.0541  0.8576 
   00935    0.4350   -1329.7967  0.8505 
   00936    0.3950   -1321.7785  0.8436 
   00937    0.3900   -1284.0388  0.8295 
   00938    0.4100   -1292.2494  0.8235 
   00939    0.3600   -1315.8622  0.8406 
   00940    0.4350   -1314.2282  0.8294 
   00941    0.3725   -1290.8752  0.8218 
   00942    0.4350   -1306.6633  0.8169 
   00943    0.3850   -1301.1542  0.8112 
   00944    0.4225   -1294.4086  0.8034 
   00945    0.4300   -1281.1414  0.7971 
   00946    0.3725   -1301.3330  0.8025 
   00947    0.3975   -1289.1095  0.8023 
   00948    0.3750   -1288.0946  0.8035 
   00949    0.4125   -1278.5658  0.7915 
   00950    0.3925   -1276.7925  0.7856 
   00951    0.3800   -1288.9447  0.7820 
   00952    0.4050   -1286.1379  0.7811 
   00953    0.3850   -1263.3371  0.7710 
   00954    0.3875   -1285.1704  0.7834 
   00955    0.3950   -1277.8878  0.7843 
   00956    0.3800   -1274.5229  0.7823 
   00957    0.4100   -1273.5164  0.7765 
   00958    0.3700   -1290.0957  0.7790 
   00959    0.4125   -1296.8563  0.7713 
   00960    0.4175   -1283.9077  0.7728 
   00961    0.3900   -1287.6171  0.7750 
   00962    0.3900   -1289.2695  0.7798 
   00963    0.3650   -1279.7691  0.7723 
   00964    0.4025   -1262.7046  0.7721 
   00965    0.4200   -1237.1798  0.7620 
   00966    0.4100   -1260.4490  0.7581 
   00967    0.3900   -1255.1420  0.7439 
   00968    0.3900   -1257.9450  0.7494 
   00969    0.4100   -1259.1419  0.7560 
   00970    0.3700   -1279.5645  0.7538 
   00971    0.3600   -1286.2031  0.7621 
   00972    0.4200   -1279.8343  0.7344 
   00973    0.4050   -1263.7357  0.7369 
   00974    0.3925   -1266.1830  0.7278 
   00975    0.3850   -1264.8422  0.7311 
   00976    0.3950   -1242.4125  0.7256 
   00977    0.3900   -1250.1276  0.7179 
   00978    0.3825   -1241.7405  0.7194 
   00979    0.3725   -1238.0059  0.7006 
   00980    0.3950   -1234.3467  0.7113 
   00981    0.4150   -1270.0334  0.7237 
   00982    0.4000   -1276.9202  0.7231 
   00983    0.3775   -1273.1615  0.7134 
   00984    0.3600   -1252.4034  0.7112 
   00985    0.3950   -1276.0974  0.7143 
   00986    0.3700   -1273.0157  0.7261 
   00987    0.4125   -1281.6840  0.7331 
   00988    0.4400   -1273.4707  0.7425 
   00989    0.3950   -1279.0109  0.7590 
   00990    0.4175   -1304.0545  0.7702 
   00991    0.3725   -1304.2202  0.7717 
   00992    0.3925   -1308.9105  0.7806 
   00993    0.4000   -1306.3965  0.7751 
   00994    0.3675   -1324.5184  0.7856 
   00995    0.3525   -1329.2006  0.7865 
   00996    0.3650   -1320.5571  0.7805 
   00997    0.3875   -1321.8167  0.7813 
   00998    0.3875   -1308.6243  0.7661 
   00999    0.4175   -1268.2874  0.7511 
   01000    0.3925   -1284.2819  0.7541 
