#=====================================================
# File created:        Mon-16-Feb-2026-at-01-53-09PM
# Size of lattice:     80x80
# Number of MC steps:  1000
# Reduced temperature: 0.650
# Run time (s):        44.594367
#=====================================================
# MC step:  Ratio:     Energy:   Order:
#=====================================================
   00000    0.5000   -6142.9114  0.2621 
   00001    0.6863   -9532.2159  0.2589 
   00002    0.6208  -11514.9889  0.2671 
   00003    0.5755  -12916.4024  0.2637 
   00004    0.5461  -13954.0805  0.2665 
   00005    0.5223  -14720.5682  0.2693 
   00006    0.5056  -15306.7551  0.2717 
   00007    0.4948  -15609.6389  0.2675 
   00008    0.4891  -16085.3082  0.2712 
   00009    0.4878  -16468.5926  0.2749 
   00010    0.4797  -16685.7130  0.2777 
   00011    0.4675  -16812.5803  0.2776 
   00012    0.4798  -17088.0371  0.2690 
   00013    0.4545  -17283.3374  0.2683 
   00014    0.4575  -17588.4145  0.2709 
   00015    0.4450  -17714.1065  0.2754 
   00016    0.4462  -17860.8190  0.2696 
   00017    0.4427  -17870.2062  0.2663 
   00018    0.4422  -18018.3875  0.2616 
   00019    0.4375  -18144.0387  0.2608 
   00020    0.4419  -18206.0608  0.2585 
   00021    0.4545  -18317.7383  0.2579 
   00022    0.4448  -18517.5600  0.2619 
   00023    0.4272  -18581.4946  0.2664 
   00024    0.4492  -18566.5361  0.2684 
   00025    0.4209  -18569.5387  0.2651 
   00026    0.4394  -18567.8604  0.2670 
   00027    0.4278  -18644.2546  0.2685 
   00028    0.4319  -18656.4211  0.2719 
   00029    0.4333  -18752.2125  0.2697 
   00030    0.4370  -18839.5702  0.2677 
   00031    0.4283  -18887.3132  0.2699 
   00032    0.4261  -18868.9701  0.2679 
   00033    0.4242  -18875.2915  0.2682 
   00034    0.4295  -18913.2834  0.2663 
   00035    0.4445  -18944.1513  0.2645 
   00036    0.4220  -19015.0337  0.2644 
   00037    0.4280  -19040.3634  0.2613 
   00038    0.4266  -19028.4917  0.2599 
   00039    0.4297  -19090.5725  0.2638 
   00040    0.4214  -19031.9886  0.2595 
   00041    0.4375  -19053.8882  0.2592 
   00042    0.4241  -19117.7074  0.2661 
   00043    0.4300  -19177.7461  0.2670 
   00044    0.4266  -19124.9364  0.2714 
   00045    0.4344  -19148.9885  0.2751 
   00046    0.4252  -19245.9353  0.2762 
   00047    0.4230  -19298.2077  0.2797 
   00048    0.4275  -19199.0529  0.2778 
   00049    0.4241  -19117.1416  0.2793 
   00050    0.4197  -19196.9343  0.2764 
   00051    0.4119  -19355.0276  0.2814 
   00052    0.4177  -19260.8524  0.2802 
   00053    0.4228  -19399.2898  0.2806 
   00054    0.4181  -19414.2260  0.2799 
   00055    0.4061  -19369.7353  0.2794 
   00056    0.4113  -19445.6020  0.2777 
   00057    0.4102  -19540.9496  0.2795 
   00058    0.4163  -19543.2650  0.2774 
   00059    0.4219  -19552.2057  0.2772 
   00060    0.4195  -19526.2679  0.2765 
   00061    0.4317  -19564.5969  0.2749 
   00062    0.4138  -19559.8672  0.2765 
   00063    0.4159  -19547.0462  0.2721 
   00064    0.4136  -19494.2782  0.2728 
   00065    0.4220  -19600.6507  0.2708 
   00066    0.4172  -19466.9110  0.2715 
   00067    0.4128  -19541.8940  0.2757 
   00068    0.4192  -19460.2297  0.2737 
   00069    0.4161  -19446.1633  0.2745 
   00070    0.4298  -19494.0802  0.2719 
   00071    0.4166  -19424.3449  0.2736 
   00072    0.4238  -19382.3336  0.2695 
   00073    0.4117  -19383.2250  0.2722 
   00074    0.4150  -19512.5455  0.2717 
   00075    0.4119  -19550.6931  0.2750 
   00076    0.4111  -19471.7354  0.2772 
   00077    0.4136  -19499.8815  0.2806 
   00078    0.4153  -19597.1678  0.2797 
   00079    0.4244  -19648.4426  0.2837 
   00080    0.4095  -19696.5549  0.2867 
   00081    0.4097  -19648.7588  0.2884 
   00082    0.4120  -19687.2689  0.2933 
   00083    0.4172  -19717.1055  0.2939 
   00084    0.4045  -19702.4269  0.2884 
   00085    0.4119  -19642.8398  0.2886 
   00086    0.4163  -19618.7484  0.2854 
   00087    0.4094  -19568.1599  0.2816 
   00088    0.4181  -19669.4043  0.2816 
   00089    0.4180  -19637.2868  0.2813 
   00090    0.4114  -19625.4079  0.2805 
   00091    0.4098  -19759.2623  0.2780 
   00092    0.4075  -19683.9967  0.2817 
   00093    0.4089  -19635.0770  0.2789 
   00094    0.4144  -19656.2495  0.2789 
   00095    0.4127  -19642.8470  0.2828 
   00096    0.4033  -19658.8692  0.2841 
   00097    0.4205  -19758.3124  0.2843 
   00098    0.4086  -19842.8573  0.2842 
   00099    0.4167  -19764.4143  0.2858 
   00100    0.4252  -19771.1277  0.2912 
   00101    0.4133  -19766.5189  0.2882 
   00102    0.3980  -19824.9091  0.2876 
   00103    0.4138  -19776.4143  0.2876 
   00104    0.4045  -19723.9949  0.2841 
   00105    0.4194  -19721.0728  0.2863 
   00106    0.4052  -19826.6774  0.2841 
   00107    0.4108  -19797.1179  0.2831 
   00108    0.4136  -19802.1361  0.2801 
   00109    0.4186  -19887.7915  0.2803 
   00110    0.4078  -19923.3816  0.2776 
   00111    0.3889  -19881.0064  0.2835 
   00112    0.4031  -19925.8447  0.2818 
   00113    0.4083  -19963.0873  0.2819 
   00114    0.3995  -19893.6439  0.2825 
   00115    0.4191  -19855.9641  0.2799 
   00116    0.4127  -19908.1925  0.2795 
   00117    0.4133  -19912.1064  0.2796 
   00118    0.4102  -19979.7523  0.2796 
   00119    0.4109  -19887.8985  0.2801 
   00120    0.3983  -19904.4990  0.2794 
   00121    0.4111  -19887.2238  0.2809 
   00122    0.4097  -19870.9382  0.2775 
   00123    0.4141  -19800.6070  0.2764 
   00124    0.4070  -19877.2662  0.2762 
   00125    0.4039  -19849.6409  0.2738 
   00126    0.4186  -19790.3224  0.2712 
   00127    0.4153  -19825.8340  0.2748 
   00128    0.4073  -19757.1191  0.2737 
   00129    0.4241  -19738.7425  0.2675 
   00130    0.4208  -19815.0021  0.2636 
   00131    0.4034  -19899.4612  0.2647 
   00132    0.4091  -19964.8191  0.2632 
   00133    0.4098  -19987.6451  0.2644 
   00134    0.4131  -19971.9611  0.2710 
   00135    0.4114  -19938.5556  0.2715 
   00136    0.3998  -19999.1388  0.2738 
   00137    0.4028  -19993.3194  0.2668 
   00138    0.4066  -19937.0636  0.2682 
   00139    0.4113  -19861.8145  0.2661 
   00140    0.4153  -19857.9824  0.2677 
   00141    0.4077  -19883.7975  0.2681 
   00142    0.4117  -19970.2132  0.2631 
   00143    0.3992  -19910.7133  0.2625 
   00144    0.4048  -19863.5270  0.2644 
   00145    0.3992  -19911.6557  0.2633 
   00146    0.4056  -19986.4659  0.2660 
   00147    0.4062  -19912.4896  0.2640 
   00148    0.4058  -20026.2360  0.2629 
   00149    0.4138  -19938.6478  0.2581 
   00150    0.4075  -19955.9491  0.2606 
   00151    0.4169  -19992.1975  0.2607 
   00152    0.4084  -20004.8172  0.2655 
   00153    0.4191  -20020.4156  0.2643 
   00154    0.4036  -19957.7976  0.2686 
   00155    0.3948  -19983.6488  0.2668 
   00156    0.4002  -19982.2050  0.2694 
   00157    0.3969  -19937.8847  0.2741 
   00158    0.4189  -19909.7285  0.2776 
   00159    0.4041  -19959.9692  0.2770 
   00160    0.4022  -19966.4422  0.2753 
   00161    0.4088  -19827.3772  0.2752 
   00162    0.4045  -19889.5195  0.2764 
   00163    0.4047  -19790.6124  0.2744 
   00164    0.4133  -19833.7024  0.2748 
   00165    0.4131  -19852.3202  0.2717 
   00166    0.4064  -19759.5105  0.2756 
   00167    0.4081  -19704.7985  0.2716 
   00168    0.4117  -19752.2290  0.2700 
   00169    0.4297  -19739.3426  0.2665 
   00170    0.4056  -19793.3453  0.2682 
   00171    0.4094  -19795.2950  0.2689 
   00172    0.4131  -19749.6607  0.2714 
   00173    0.4219  -19860.3343  0.2690 
   00174    0.4150  -19885.6772  0.2674 
   00175    0.4152  -19845.1281  0.2703 
   00176    0.4073  -19812.8849  0.2727 
   00177    0.4197  -19824.7204  0.2745 
   00178    0.4062  -19795.7798  0.2717 
   00179    0.4189  -19791.4161  0.2696 
   00180    0.3997  -19908.9595  0.2667 
   00181    0.4123  -19939.2760  0.2721 
   00182    0.4163  -20019.1143  0.2736 
   00183    0.4039  -20032.2546  0.2751 
   00184    0.3970  -20028.7667  0.2734 
   00185    0.4059  -20002.2944  0.2773 
   00186    0.4211  -19903.4513  0.2817 
   00187    0.4106  -19954.6027  0.2797 
   00188    0.4114  -20003.5423  0.2759 
   00189    0.4052  -19957.8818  0.2780 
   00190    0.4070  -19927.1947  0.2743 
   00191    0.4173  -19953.1097  0.2732 
   00192    0.4133  -19870.7165  0.2775 
   00193    0.4102  -19857.9755  0.2749 
   00194    0.4003  -19912.4089  0.2786 
   00195    0.4078  -19989.1766  0.2794 
   00196    0.4081  -20021.2389  0.2718 
   00197    0.4095  -19940.0139  0.2738 
   00198    0.4114  -19875.3620  0.2711 
   00199    0.4050  -19831.5447  0.2720 
   00200    0.4127  -19760.9549  0.2768 
   00201    0.4113  -19832.1944  0.2757 
   00202    0.4080  -19862.5684  0.2774 
   00203    0.4120  -19856.8007  0.2813 
   00204    0.4089  -19849.2118  0.2852 
   00205    0.4097  -19912.5590  0.2843 
   00206    0.4216  -19977.0914  0.2827 
   00207    0.4147  -19954.0578  0.2812 
   00208    0.4097  -19841.1312  0.2771 
   00209    0.4144  -19813.1587  0.2722 
   00210    0.4156  -19766.2761  0.2764 
   00211    0.4109  -19704.3778  0.2746 
   00212    0.4091  -19795.7052  0.2714 
   00213    0.4109  -19814.1075  0.2680 
   00214    0.4103  -19828.1013  0.2704 
   00215    0.4119  -19858.7078  0.2694 
   00216    0.4214  -19898.5197  0.2726 
   00217    0.4161  -19866.7417  0.2687 
   00218    0.4116  -19873.8124  0.2671 
   00219    0.4189  -19885.5745  0.2653 
   00220    0.4077  -19968.2778  0.2658 
   00221    0.4145  -19959.0315  0.2695 
   00222    0.4097  -20008.1939  0.2708 
   00223    0.4055  -19997.2472  0.2634 
   00224    0.4086  -19933.5144  0.2636 
   00225    0.4102  -19947.8037  0.2662 
   00226    0.4156  -19858.0276  0.2676 
   00227    0.4012  -19890.5211  0.2658 
   00228    0.4066  -19953.8199  0.2697 
   00229    0.4030  -19962.2470  0.2720 
   00230    0.4047  -19922.5842  0.2720 
   00231    0.4042  -19989.4608  0.2726 
   00232    0.4033  -19912.6416  0.2708 
   00233    0.4123  -19972.2933  0.2683 
   00234    0.4150  -19953.3611  0.2630 
   00235    0.4142  -19970.6124  0.2635 
   00236    0.4058  -20075.3249  0.2619 
   00237    0.4091  -20003.5334  0.2601 
   00238    0.4125  -19844.5445  0.2611 
   00239    0.4066  -19916.1264  0.2615 
   00240    0.4161  -19906.1220  0.2623 
   00241    0.4116  -19924.8433  0.2597 
   00242    0.4048  -19947.2087  0.2603 
   00243    0.4131  -19997.1804  0.2578 
   00244    0.4169  -19824.5134  0.2613 
   00245    0.4070  -19879.2131  0.2584 
   00246    0.4022  -19951.4692  0.2560 
   00247    0.4122  -19944.3108  0.2551 
   00248    0.4222  -20017.8341  0.2591 
   00249    0.4102  -20027.3709  0.2547 
   00250    0.4173  -20105.6271  0.2598 
   00251    0.4002  -20093.5951  0.2640 
   00252    0.4027  -20044.8484  0.2633 
   00253    0.3998  -20062.2695  0.2656 
   00254    0.4009  -20111.8161  0.2649 
   00255    0.4048  -20075.2187  0.2631 
   00256    0.4125  -20060.6613  0.2711 
   00257    0.4042  -20115.4386  0.2705 
   00258    0.4052  -20068.3663  0.2741 
   00259    0.3956  -20099.0594  0.2764 
   00260    0.4062  -20024.4178  0.2727 
   00261    0.4044  -20059.7869  0.2709 
   00262    0.4008  -20076.4645  0.2670 
   00263    0.4033  -20082.3631  0.2664 
   00264    0.3966  -20164.9539  0.2664 
   00265    0.4103  -20152.1816  0.2705 
   00266    0.4017  -20082.7845  0.2686 
   00267    0.4023  -20105.7925  0.2761 
   00268    0.4113  -19948.1071  0.2758 
   00269    0.4044  -19939.7647  0.2768 
   00270    0.4105  -19946.6621  0.2774 
   00271    0.4089  -19962.0325  0.2790 
   00272    0.4053  -19921.0714  0.2768 
   00273    0.4081  -19968.2805  0.2723 
   00274    0.4037  -20008.8282  0.2712 
   00275    0.4180  -19964.0995  0.2680 
   00276    0.4103  -20028.7386  0.2676 
   00277    0.4117  -20067.7312  0.2712 
   00278    0.4142  -19963.4365  0.2702 
   00279    0.4041  -20053.3876  0.2701 
   00280    0.4019  -20011.4037  0.2635 
   00281    0.4205  -20008.7957  0.2652 
   00282    0.4053  -20065.1394  0.2648 
   00283    0.4083  -19999.4136  0.2647 
   00284    0.4016  -19943.6419  0.2679 
   00285    0.4017  -20023.6070  0.2680 
   00286    0.4091  -20028.4166  0.2671 
   00287    0.4153  -20158.7626  0.2672 
   00288    0.3997  -20205.8603  0.2669 
   00289    0.4005  -20191.8868  0.2616 
   00290    0.4127  -20072.3436  0.2542 
   00291    0.4016  -20069.8680  0.2545 
   00292    0.3980  -20048.1945  0.2574 
   00293    0.4050  -20031.4266  0.2524 
   00294    0.4066  -19995.2193  0.2544 
   00295    0.4136  -19960.7607  0.2548 
   00296    0.4133  -19977.3577  0.2521 
   00297    0.4128  -20022.7368  0.2559 
   00298    0.4073  -19940.9298  0.2601 
   00299    0.3994  -19955.6344  0.2574 
   00300    0.4064  -19958.2402  0.2585 
   00301    0.4006  -19962.8895  0.2562 
   00302    0.4083  -20040.2450  0.2582 
   00303    0.4122  -19959.9677  0.2640 
   00304    0.4105  -20031.5927  0.2591 
   00305    0.4000  -20050.9198  0.2598 
   00306    0.4133  -20152.1434  0.2644 
   00307    0.4011  -20159.6775  0.2658 
   00308    0.4114  -20173.1133  0.2603 
   00309    0.3989  -20184.5199  0.2628 
   00310    0.4014  -20166.3053  0.2646 
   00311    0.4037  -20007.4695  0.2666 
   00312    0.4041  -20013.7800  0.2706 
   00313    0.3956  -20015.8607  0.2737 
   00314    0.3967  -20056.3315  0.2758 
   00315    0.4059  -19973.8910  0.2718 
   00316    0.4086  -19988.7354  0.2681 
   00317    0.4094  -20057.8643  0.2674 
   00318    0.4044  -19984.6603  0.2609 
   00319    0.4041  -20064.3040  0.2591 
   00320    0.4044  -20047.4108  0.2611 
   00321    0.3981  -20087.5883  0.2629 
   00322    0.4036  -20287.5988  0.2651 
   00323    0.4156  -20311.6277  0.2707 
   00324    0.4048  -20237.9625  0.2677 
   00325    0.4100  -20249.9006  0.2680 
   00326    0.4092  -20189.2245  0.2668 
   00327    0.3970  -20143.3855  0.2728 
   00328    0.3972  -20098.5852  0.2788 
   00329    0.4041  -20089.5085  0.2829 
   00330    0.4000  -20048.4111  0.2842 
   00331    0.4055  -20022.4622  0.2790 
   00332    0.4077  -19974.8864  0.2788 
   00333    0.4022  -19986.9765  0.2804 
   00334    0.4037  -19934.3960  0.2780 
   00335    0.4089  -19905.8418  0.2804 
   00336    0.4083  -19958.9142  0.2803 
   00337    0.4022  -20000.0873  0.2750 
   00338    0.4158  -19938.5964  0.2741 
   00339    0.4086  -19931.6078  0.2769 
   00340    0.4141  -19937.2952  0.2765 
   00341    0.4091  -19934.4788  0.2729 
   00342    0.4067  -19966.3806  0.2733 
   00343    0.4058  -20057.6912  0.2778 
   00344    0.4234  -19927.8503  0.2787 
   00345    0.4014  -20032.4147  0.2747 
   00346    0.4000  -20034.3420  0.2739 
   00347    0.4117  -20137.9595  0.2758 
   00348    0.4089  -20107.4603  0.2744 
   00349    0.4097  -20113.0188  0.2733 
   00350    0.4041  -20018.0656  0.2735 
   00351    0.4041  -20057.7886  0.2716 
   00352    0.4017  -20072.8635  0.2724 
   00353    0.4052  -20048.6543  0.2667 
   00354    0.3969  -20121.4451  0.2707 
   00355    0.3987  -20106.1679  0.2662 
   00356    0.4191  -20072.3791  0.2644 
   00357    0.4069  -20172.6484  0.2684 
   00358    0.4052  -20140.3114  0.2707 
   00359    0.4084  -20041.1957  0.2722 
   00360    0.4064  -19976.9032  0.2740 
   00361    0.4005  -20097.5382  0.2763 
   00362    0.4072  -20060.6041  0.2775 
   00363    0.4166  -20104.6951  0.2786 
   00364    0.4044  -20168.6971  0.2814 
   00365    0.4002  -20223.8565  0.2812 
   00366    0.4078  -20193.2393  0.2782 
   00367    0.4023  -20190.6847  0.2823 
   00368    0.3991  -20273.2206  0.2797 
   00369    0.3980  -20294.4615  0.2804 
   00370    0.4050  -20293.4894  0.2779 
   00371    0.4056  -20319.1853  0.2819 
   00372    0.4061  -20351.7917  0.2811 
   00373    0.3981  -20266.9943  0.2858 
   00374    0.3978  -20113.3750  0.2844 
   00375    0.4181  -20038.3198  0.2841 
   00376    0.4156  -20021.0489  0.2820 
   00377    0.4084  -19973.4468  0.2817 
   00378    0.3980  -19998.6990  0.2858 
   00379    0.4127  -20042.1975  0.2877 
   00380    0.4042  -20067.0458  0.2913 
   00381    0.4052  -20090.7607  0.2948 
   00382    0.4152  -20084.9885  0.2972 
   00383    0.4144  -20196.9979  0.3010 
   00384    0.4075  -20251.8013  0.3014 
   00385    0.3992  -20189.8121  0.2994 
   00386    0.3972  -20105.0079  0.2977 
   00387    0.4058  -19999.5855  0.2967 
   00388    0.3995  -20039.7307  0.2971 
   00389    0.4055  -20120.2047  0.2953 
   00390    0.4045  -20213.7440  0.2986 
   00391    0.4061  -20171.4736  0.2970 
   00392    0.4050  -20073.2677  0.2958 
   00393    0.4077  -20045.8988  0.2958 
   00394    0.3997  -20154.4447  0.2938 
   00395    0.3955  -20100.5696  0.2975 
   00396    0.4061  -20123.2513  0.2974 
   00397    0.4009  -20115.2476  0.2970 
   00398    0.4102  -20070.8088  0.2986 
   00399    0.4142  -20097.1239  0.3029 
   00400    0.4103  -20095.3038  0.3022 
   00401    0.4069  -20051.0846  0.3057 
   00402    0.4044  -20038.9563  0.2999 
   00403    0.4161  -20060.6676  0.3033 
   00404    0.4130  -20143.6969  0.3023 
   00405    0.4017  -20152.3110  0.3042 
   00406    0.4111  -20131.0467  0.3032 
   00407    0.3934  -20108.1025  0.3042 
   00408    0.4116  -20177.6297  0.3020 
   00409    0.4138  -20096.7667  0.3019 
   00410    0.4023  -20120.6694  0.2983 
   00411    0.4138  -20072.7426  0.3012 
   00412    0.4067  -20017.8829  0.2972 
   00413    0.3980  -20029.6029  0.2953 
   00414    0.4161  -20005.6440  0.2957 
   00415    0.4083  -19996.6163  0.2937 
   00416    0.3947  -20060.0921  0.2966 
   00417    0.4012  -20089.0356  0.3002 
   00418    0.4037  -20044.2969  0.3048 
   00419    0.4014  -20001.2924  0.3070 
   00420    0.4083  -19998.4429  0.3134 
   00421    0.4075  -19946.0467  0.3063 
   00422    0.3953  -19951.5844  0.3071 
   00423    0.4198  -19905.0870  0.3067 
   00424    0.4173  -19969.3329  0.3068 
   00425    0.4078  -19999.1286  0.3086 
   00426    0.4133  -20043.9677  0.3084 
   00427    0.4180  -19955.2010  0.3054 
   00428    0.4005  -20109.4999  0.3023 
   00429    0.3994  -20135.1230  0.3004 
   00430    0.4056  -20185.4426  0.3036 
   00431    0.3989  -20179.2905  0.3044 
   00432    0.4017  -20221.1366  0.3018 
   00433    0.3966  -20283.2549  0.3023 
   00434    0.4089  -20342.3323  0.3024 
   00435    0.3941  -20305.8555  0.3015 
   00436    0.4133  -20301.4105  0.3050 
   00437    0.3945  -20251.1204  0.3028 
   00438    0.4089  -20369.1650  0.3032 
   00439    0.3986  -20303.6070  0.3022 
   00440    0.3992  -20247.1193  0.3023 
   00441    0.4061  -20320.9422  0.2955 
   00442    0.4103  -20261.1897  0.2950 
   00443    0.3934  -20283.2957  0.2967 
   00444    0.4059  -20436.9710  0.3005 
   00445    0.3972  -20364.0429  0.2988 
   00446    0.3966  -20319.3753  0.3014 
   00447    0.3989  -20220.1635  0.3002 
   00448    0.4088  -20212.4362  0.3005 
   00449    0.3994  -20282.7137  0.3007 
   00450    0.4088  -20195.1443  0.2999 
   00451    0.4084  -20337.3856  0.3068 
   00452    0.4022  -20197.2450  0.3102 
   00453    0.3895  -20118.8320  0.3151 
   00454    0.4108  -20093.3532  0.3226 
   00455    0.4166  -20071.5548  0.3254 
   00456    0.4145  -19982.8129  0.3282 
   00457    0.4044  -20028.8739  0.3309 
   00458    0.4036  -20157.7055  0.3276 
   00459    0.3912  -20165.8688  0.3250 
   00460    0.4109  -20185.5827  0.3223 
   00461    0.4067  -20219.9525  0.3196 
   00462    0.4031  -20247.8491  0.3230 
   00463    0.4052  -20349.0493  0.3266 
   00464    0.3953  -20362.1647  0.3293 
   00465    0.3992  -20310.1672  0.3336 
   00466    0.4111  -20251.2322  0.3324 
   00467    0.4061  -20320.7075  0.3349 
   00468    0.3856  -20343.3743  0.3367 
   00469    0.4069  -20309.4620  0.3304 
   00470    0.4028  -20319.7467  0.3282 
   00471    0.4052  -20287.1616  0.3283 
   00472    0.4066  -20321.4216  0.3287 
   00473    0.4100  -20343.4229  0.3322 
   00474    0.4009  -20346.2584  0.3284 
   00475    0.4008  -20263.3516  0.3315 
   00476    0.4059  -20204.1521  0.3293 
   00477    0.4092  -20245.1178  0.3250 
   00478    0.4042  -20331.7794  0.3250 
   00479    0.4078  -20319.2575  0.3280 
   00480    0.4037  -20381.5129  0.3279 
   00481    0.4108  -20333.0469  0.3352 
   00482    0.4055  -20334.2933  0.3344 
   00483    0.3964  -20400.5586  0.3391 
   00484    0.4031  -20368.0008  0.3418 
   00485    0.4019  -20259.3556  0.3427 
   00486    0.4041  -20206.3497  0.3420 
   00487    0.4045  -20320.9784  0.3447 
   00488    0.4047  -20302.6235  0.3448 
   00489    0.4019  -20272.1122  0.3439 
   00490    0.3983  -20244.5207  0.3502 
   00491    0.4037  -20220.5221  0.3564 
   00492    0.4086  -20176.6429  0.3546 
   00493    0.4034  -20193.9241  0.3515 
   00494    0.4072  -20116.4690  0.3510 
   00495    0.4080  -20203.5038  0.3475 
   00496    0.4111  -20218.5641  0.3495 
   00497    0.4077  -20322.5621  0.3465 
   00498    0.3978  -20356.9233  0.3496 
   00499    0.4073  -20170.2856  0.3482 
   00500    0.4050  -20216.2649  0.3439 
   00501    0.4066  -20258.7927  0.3402 
   00502    0.4052  -20235.1911  0.3360 
   00503    0.4002  -20146.3773  0.3335 
   00504    0.4075  -20135.8229  0.3324 
   00505    0.4092  -20098.1975  0.3306 
   00506    0.4014  -20185.8358  0.3370 
   00507    0.4069  -20239.6747  0.3322 
   00508    0.3975  -20354.6282  0.3332 
   00509    0.4039  -20263.2970  0.3365 
   00510    0.4028  -20267.4766  0.3350 
   00511    0.4039  -20192.0825  0.3414 
   00512    0.3902  -20305.2291  0.3412 
   00513    0.4027  -20311.8787  0.3414 
   00514    0.4058  -20329.9124  0.3397 
   00515    0.4059  -20323.7239  0.3431 
   00516    0.3997  -20374.3029  0.3439 
   00517    0.4061  -20404.7795  0.3503 
   00518    0.4002  -20394.6443  0.3411 
   00519    0.4223  -20358.1178  0.3385 
   00520    0.4036  -20348.2642  0.3399 
   00521    0.4014  -20450.4462  0.3411 
   00522    0.3961  -20395.7689  0.3391 
   00523    0.3942  -20404.6472  0.3352 
   00524    0.3962  -20398.0570  0.3342 
   00525    0.4044  -20361.2030  0.3376 
   00526    0.4100  -20376.6265  0.3399 
   00527    0.4047  -20347.1589  0.3422 
   00528    0.3948  -20477.9391  0.3422 
   00529    0.3908  -20441.5415  0.3448 
   00530    0.4047  -20362.1800  0.3426 
   00531    0.3967  -20336.5252  0.3435 
   00532    0.4012  -20402.1007  0.3432 
   00533    0.3916  -20375.0642  0.3406 
   00534    0.4014  -20337.9183  0.3388 
   00535    0.4031  -20290.8906  0.3382 
   00536    0.4073  -20227.0140  0.3342 
   00537    0.4142  -20204.9723  0.3312 
   00538    0.4067  -20252.6627  0.3334 
   00539    0.4134  -20300.0344  0.3338 
   00540    0.3961  -20213.1111  0.3323 
   00541    0.3942  -20300.7487  0.3354 
   00542    0.4077  -20344.5965  0.3435 
   00543    0.4116  -20332.4613  0.3393 
   00544    0.4052  -20265.6197  0.3411 
   00545    0.4098  -20250.5132  0.3402 
   00546    0.4138  -20223.5174  0.3390 
   00547    0.3922  -20312.1709  0.3398 
   00548    0.3997  -20336.9942  0.3355 
   00549    0.4114  -20254.1342  0.3340 
   00550    0.4088  -20302.2621  0.3330 
   00551    0.4070  -20277.6916  0.3332 
   00552    0.3962  -20281.7599  0.3332 
   00553    0.3942  -20309.8073  0.3314 
   00554    0.3828  -20375.2696  0.3330 
   00555    0.3961  -20498.4704  0.3341 
   00556    0.4003  -20470.0632  0.3338 
   00557    0.4048  -20322.4273  0.3364 
   00558    0.4095  -20365.3871  0.3391 
   00559    0.3978  -20350.4435  0.3411 
   00560    0.4053  -20336.1032  0.3416 
   00561    0.4017  -20317.2784  0.3389 
   00562    0.4048  -20354.0055  0.3394 
   00563    0.4070  -20342.3114  0.3361 
   00564    0.3962  -20398.5316  0.3410 
   00565    0.4037  -20383.7740  0.3376 
   00566    0.4105  -20426.2318  0.3382 
   00567    0.4023  -20459.0570  0.3376 
   00568    0.3980  -20358.2789  0.3373 
   00569    0.4030  -20367.3316  0.3435 
   00570    0.4037  -20452.1158  0.3462 
   00571    0.4027  -20515.8552  0.3479 
   00572    0.3962  -20462.8730  0.3532 
   00573    0.4020  -20394.6086  0.3535 
   00574    0.4103  -20389.0535  0.3539 
   00575    0.4084  -20308.6594  0.3485 
   00576    0.3961  -20290.1730  0.3459 
   00577    0.4064  -20387.0445  0.3406 
   00578    0.4017  -20343.9215  0.3423 
   00579    0.4098  -20333.3226  0.3413 
   00580    0.4034  -20372.2404  0.3407 
   00581    0.4041  -20404.5558  0.3424 
   00582    0.4022  -20308.7569  0.3386 
   00583    0.4083  -20332.4908  0.3373 
   00584    0.4097  -20258.8053  0.3382 
   00585    0.4100  -20282.7356  0.3374 
   00586    0.4031  -20272.7942  0.3371 
   00587    0.4130  -20262.9395  0.3384 
   00588    0.4022  -20239.8789  0.3342 
   00589    0.4069  -20239.0266  0.3322 
   00590    0.4088  -20238.3367  0.3310 
   00591    0.4039  -20293.3681  0.3364 
   00592    0.4028  -20246.1392  0.3335 
   00593    0.3980  -20287.8763  0.3339 
   00594    0.3967  -20383.3776  0.3327 
   00595    0.3967  -20388.6882  0.3315 
   00596    0.4070  -20226.8529  0.3317 
   00597    0.4042  -20318.5945  0.3302 
   00598    0.4131  -20279.9506  0.3294 
   00599    0.4027  -20310.4699  0.3290 
   00600    0.4002  -20346.8043  0.3281 
   00601    0.4002  -20339.9303  0.3271 
   00602    0.3877  -20321.5051  0.3289 
   00603    0.3987  -20399.3874  0.3302 
   00604    0.4078  -20438.5024  0.3323 
   00605    0.4033  -20466.4374  0.3327 
   00606    0.3972  -20357.2536  0.3355 
   00607    0.3995  -20471.1628  0.3336 
   00608    0.4130  -20495.8104  0.3298 
   00609    0.3978  -20549.9513  0.3271 
   00610    0.3889  -20464.4748  0.3270 
   00611    0.4042  -20479.6091  0.3293 
   00612    0.4070  -20481.6102  0.3299 
   00613    0.3969  -20468.9424  0.3290 
   00614    0.4089  -20416.3312  0.3220 
   00615    0.4086  -20421.0177  0.3208 
   00616    0.4050  -20368.9860  0.3214 
   00617    0.4039  -20348.6904  0.3182 
   00618    0.4091  -20340.5680  0.3168 
   00619    0.4152  -20436.0595  0.3243 
   00620    0.4022  -20445.6054  0.3271 
   00621    0.4066  -20377.0809  0.3261 
   00622    0.4097  -20333.0980  0.3242 
   00623    0.4142  -20325.2510  0.3223 
   00624    0.3950  -20307.1537  0.3253 
   00625    0.4070  -20368.1598  0.3214 
   00626    0.3950  -20347.7041  0.3192 
   00627    0.4109  -20274.9856  0.3245 
   00628    0.4194  -20299.8058  0.3238 
   00629    0.3992  -20353.2650  0.3256 
   00630    0.4016  -20317.9330  0.3250 
   00631    0.4061  -20237.9629  0.3262 
   00632    0.3964  -20260.4198  0.3233 
   00633    0.4020  -20162.6881  0.3257 
   00634    0.4119  -20189.4201  0.3272 
   00635    0.4064  -20213.1956  0.3284 
   00636    0.3967  -20266.3014  0.3218 
   00637    0.4042  -20377.3192  0.3222 
   00638    0.3994  -20406.9529  0.3204 
   00639    0.4041  -20346.8340  0.3202 
   00640    0.3914  -20327.5929  0.3231 
   00641    0.4048  -20423.1398  0.3242 
   00642    0.3975  -20498.3063  0.3224 
   00643    0.4119  -20497.8862  0.3234 
   00644    0.3991  -20455.6940  0.3231 
   00645    0.4117  -20383.2614  0.3229 
   00646    0.4016  -20395.6670  0.3196 
   00647    0.4036  -20399.6839  0.3236 
   00648    0.3931  -20502.2929  0.3224 
   00649    0.4122  -20317.6950  0.3224 
   00650    0.4173  -20293.6546  0.3214 
   00651    0.4017  -20377.5645  0.3173 
   00652    0.3917  -20346.5437  0.3192 
   00653    0.3872  -20399.3712  0.3211 
   00654    0.4016  -20391.8551  0.3240 
   00655    0.3961  -20386.8119  0.3220 
   00656    0.4019  -20430.8415  0.3195 
   00657    0.4097  -20382.0429  0.3200 
   00658    0.3948  -20341.5622  0.3172 
   00659    0.4067  -20423.8091  0.3190 
   00660    0.4069  -20405.3239  0.3172 
   00661    0.4117  -20484.6680  0.3197 
   00662    0.3939  -20528.1019  0.3273 
   00663    0.3973  -20636.1017  0.3260 
   00664    0.4052  -20504.5600  0.3289 
   00665    0.3959  -20392.0067  0.3270 
   00666    0.4009  -20351.9099  0.3246 
   00667    0.3917  -20391.9272  0.3218 
   00668    0.4094  -20389.9709  0.3254 
   00669    0.4055  -20331.6015  0.3276 
   00670    0.4147  -20328.7158  0.3260 
   00671    0.4031  -20275.5383  0.3290 
   00672    0.3927  -20381.7028  0.3279 
   00673    0.3987  -20456.2721  0.3293 
   00674    0.4042  -20404.0967  0.3316 
   00675    0.3916  -20409.8540  0.3339 
   00676    0.3973  -20385.1286  0.3313 
   00677    0.3894  -20454.8448  0.3319 
   00678    0.3937  -20373.0124  0.3358 
   00679    0.4055  -20363.9649  0.3379 
   00680    0.4014  -20353.5730  0.3345 
   00681    0.3942  -20381.0436  0.3353 
   00682    0.4081  -20343.6418  0.3356 
   00683    0.4073  -20420.5897  0.3380 
   00684    0.3866  -20443.7230  0.3382 
   00685    0.3987  -20429.1170  0.3435 
   00686    0.4020  -20409.7683  0.3408 
   00687    0.4069  -20326.4982  0.3378 
   00688    0.4078  -20397.1140  0.3387 
   00689    0.4102  -20479.1282  0.3423 
   00690    0.3961  -20456.1526  0.3422 
   00691    0.3895  -20449.4536  0.3415 
   00692    0.4005  -20411.5769  0.3353 
   00693    0.4130  -20447.5859  0.3304 
   00694    0.3814  -20421.6647  0.3356 
   00695    0.4050  -20476.6772  0.3348 
   00696    0.3861  -20602.6878  0.3324 
   00697    0.3986  -20583.4190  0.3342 
   00698    0.4028  -20581.3532  0.3319 
   00699    0.4030  -20615.7197  0.3347 
   00700    0.4064  -20532.9758  0.3390 
   00701    0.4022  -20537.9126  0.3372 
   00702    0.4064  -20443.6121  0.3355 
   00703    0.4003  -20422.1234  0.3354 
   00704    0.3931  -20417.3041  0.3359 
   00705    0.4172  -20389.1903  0.3306 
   00706    0.3948  -20451.8524  0.3271 
   00707    0.3894  -20403.8431  0.3251 
   00708    0.4025  -20374.6865  0.3261 
   00709    0.3991  -20422.2748  0.3248 
   00710    0.4023  -20479.3417  0.3277 
   00711    0.4103  -20356.8155  0.3293 
   00712    0.3892  -20370.4992  0.3302 
   00713    0.4037  -20244.3843  0.3299 
   00714    0.4020  -20259.3058  0.3312 
   00715    0.3892  -20275.0681  0.3357 
   00716    0.4000  -20422.2804  0.3372 
   00717    0.3981  -20461.8847  0.3349 
   00718    0.4061  -20390.7878  0.3320 
   00719    0.4020  -20417.7248  0.3320 
   00720    0.3808  -20399.8244  0.3274 
   00721    0.3983  -20311.1646  0.3287 
   00722    0.3947  -20366.6080  0.3287 
   00723    0.3925  -20380.4067  0.3342 
   00724    0.4019  -20373.1377  0.3366 
   00725    0.4041  -20399.4728  0.3328 
   00726    0.4098  -20443.6641  0.3327 
   00727    0.3981  -20410.7089  0.3317 
   00728    0.4037  -20415.7210  0.3285 
   00729    0.4003  -20401.9590  0.3306 
   00730    0.4103  -20429.1953  0.3276 
   00731    0.3970  -20385.9712  0.3263 
   00732    0.4030  -20343.8124  0.3241 
   00733    0.4044  -20410.4632  0.3298 
   00734    0.4020  -20373.9168  0.3263 
   00735    0.4044  -20479.8705  0.3262 
   00736    0.3906  -20478.4333  0.3220 
   00737    0.4039  -20482.3139  0.3243 
   00738    0.4047  -20452.5363  0.3284 
   00739    0.4020  -20375.1630  0.3335 
   00740    0.4006  -20358.9938  0.3308 
   00741    0.3958  -20369.7196  0.3320 
   00742    0.4050  -20566.7040  0.3316 
   00743    0.4025  -20527.9099  0.3303 
   00744    0.3850  -20543.9428  0.3322 
   00745    0.4045  -20481.9194  0.3321 
   00746    0.4030  -20520.1386  0.3353 
   00747    0.3927  -20451.3968  0.3365 
   00748    0.4069  -20392.8166  0.3367 
   00749    0.4056  -20382.3107  0.3409 
   00750    0.3956  -20372.0255  0.3415 
   00751    0.4113  -20453.8107  0.3420 
   00752    0.4041  -20481.5375  0.3383 
   00753    0.4064  -20370.8713  0.3396 
   00754    0.4019  -20327.4808  0.3354 
   00755    0.3953  -20266.6772  0.3363 
   00756    0.3952  -20437.2836  0.3364 
   00757    0.4003  -20341.2140  0.3341 
   00758    0.4064  -20280.2563  0.3334 
   00759    0.3997  -20294.1729  0.3335 
   00760    0.4025  -20345.4108  0.3335 
   00761    0.4078  -20285.5969  0.3294 
   00762    0.3964  -20280.2021  0.3263 
   00763    0.4109  -20285.2191  0.3308 
   00764    0.3983  -20251.2859  0.3292 
   00765    0.4059  -20251.4572  0.3294 
   00766    0.3964  -20256.4895  0.3330 
   00767    0.4012  -20269.7227  0.3322 
   00768    0.4081  -20292.0761  0.3346 
   00769    0.3914  -20358.8258  0.3347 
   00770    0.4073  -20356.1541  0.3361 
   00771    0.4019  -20358.1446  0.3375 
   00772    0.4006  -20235.5279  0.3421 
   00773    0.4128  -20219.5994  0.3428 
   00774    0.4006  -20256.7593  0.3425 
   00775    0.4009  -20335.2171  0.3454 
   00776    0.4077  -20352.0667  0.3423 
   00777    0.4067  -20440.0606  0.3437 
   00778    0.4052  -20493.5588  0.3473 
   00779    0.4062  -20541.2999  0.3525 
   00780    0.3958  -20388.4153  0.3483 
   00781    0.4005  -20367.8456  0.3441 
   00782    0.4056  -20303.5031  0.3445 
   00783    0.4103  -20335.4072  0.3511 
   00784    0.4050  -20397.0496  0.3571 
   00785    0.4103  -20454.9205  0.3586 
   00786    0.3970  -20441.6676  0.3627 
   00787    0.4009  -20383.6194  0.3585 
   00788    0.3975  -20389.1930  0.3613 
   00789    0.4075  -20426.1273  0.3619 
   00790    0.4025  -20382.8689  0.3559 
   00791    0.3964  -20281.1360  0.3551 
   00792    0.4002  -20343.6590  0.3535 
   00793    0.4097  -20428.4917  0.3548 
   00794    0.4027  -20435.8949  0.3576 
   00795    0.3998  -20453.7333  0.3575 
   00796    0.3906  -20561.3884  0.3595 
   00797    0.3970  -20528.7500  0.3639 
   00798    0.4053  -20484.1060  0.3569 
   00799    0.3966  -20527.0509  0.3502 
   00800    0.3961  -20520.7224  0.3551 
   00801    0.3972  -20469.8294  0.3492 
   00802    0.4075  -20479.5110  0.3514 
   00803    0.3977  -20513.4151  0.3571 
   00804    0.3998  -20520.8680  0.3550 
   00805    0.3948  -20404.6127  0.3528 
   00806    0.4084  -20470.5522  0.3522 
   00807    0.4022  -20401.5844  0.3488 
   00808    0.3852  -20303.3288  0.3521 
   00809    0.3969  -20291.7475  0.3512 
   00810    0.4172  -20318.9909  0.3515 
   00811    0.4023  -20390.2859  0.3543 
   00812    0.4073  -20308.7375  0.3542 
   00813    0.4041  -20397.6714  0.3484 
   00814    0.4072  -20414.2310  0.3492 
   00815    0.3970  -20397.6951  0.3458 
   00816    0.4030  -20415.3031  0.3471 
   00817    0.3984  -20252.1802  0.3497 
   00818    0.3922  -20367.7000  0.3471 
   00819    0.3969  -20305.1706  0.3511 
   00820    0.4141  -20316.2911  0.3490 
   00821    0.4106  -20309.3548  0.3490 
   00822    0.4080  -20312.9687  0.3480 
   00823    0.3933  -20339.1977  0.3537 
   00824    0.3948  -20439.8764  0.3539 
   00825    0.4047  -20398.7524  0.3524 
   00826    0.4027  -20352.8699  0.3538 
   00827    0.3997  -20375.2475  0.3522 
   00828    0.3950  -20400.2537  0.3568 
   00829    0.3912  -20361.5948  0.3596 
   00830    0.4119  -20302.2289  0.3630 
   00831    0.4031  -20307.2105  0.3658 
   00832    0.4059  -20431.9903  0.3641 
   00833    0.4022  -20375.3765  0.3666 
   00834    0.4011  -20335.9586  0.3700 
   00835    0.3959  -20442.9599  0.3721 
   00836    0.3952  -20372.5539  0.3754 
   00837    0.4044  -20398.8791  0.3790 
   00838    0.3972  -20247.7576  0.3813 
   00839    0.4072  -20209.3790  0.3834 
   00840    0.4072  -20362.0687  0.3824 
   00841    0.4105  -20319.8711  0.3851 
   00842    0.4059  -20361.3947  0.3841 
   00843    0.3966  -20324.2273  0.3810 
   00844    0.3909  -20308.5032  0.3854 
   00845    0.4130  -20360.9733  0.3836 
   00846    0.4027  -20443.1496  0.3862 
   00847    0.3962  -20569.0281  0.3875 
   00848    0.3852  -20581.3558  0.3848 
   00849    0.3939  -20563.3203  0.3798 
   00850    0.4056  -20514.4435  0.3794 
   00851    0.4084  -20478.1641  0.3778 
   00852    0.4119  -20546.1358  0.3828 
   00853    0.3987  -20572.8203  0.3811 
   00854    0.3923  -20634.2677  0.3802 
   00855    0.3984  -20554.3793  0.3784 
   00856    0.3903  -20422.4460  0.3735 
   00857    0.3983  -20434.6022  0.3736 
   00858    0.3962  -20387.4496  0.3757 
   00859    0.4062  -20378.7587  0.3705 
   00860    0.4059  -20346.0897  0.3754 
   00861    0.3962  -20324.8389  0.3743 
   00862    0.4191  -20379.9157  0.3761 
   00863    0.4005  -20444.8482  0.3697 
   00864    0.3958  -20377.7507  0.3736 
   00865    0.3956  -20288.2930  0.3730 
   00866    0.4109  -20318.0745  0.3705 
   00867    0.4095  -20316.0107  0.3746 
   00868    0.3989  -20254.4345  0.3732 
   00869    0.4080  -20296.6979  0.3723 
   00870    0.4061  -20269.7241  0.3693 
   00871    0.4031  -20375.5842  0.3716 
   00872    0.4055  -20205.8234  0.3719 
   00873    0.4152  -20143.8846  0.3733 
   00874    0.4067  -20097.0609  0.3785 
   00875    0.4100  -20206.9786  0.3790 
   00876    0.4025  -20260.1965  0.3828 
   00877    0.3984  -20345.7880  0.3785 
   00878    0.4083  -20213.1866  0.3757 
   00879    0.4031  -20253.7735  0.3795 
   00880    0.4108  -20300.4563  0.3710 
   00881    0.4094  -20355.7438  0.3769 
   00882    0.4042  -20339.5404  0.3850 
   00883    0.4023  -20238.4833  0.3828 
   00884    0.3989  -20263.0186  0.3857 
   00885    0.4034  -20136.0333  0.3812 
   00886    0.3973  -20205.4249  0.3806 
   00887    0.3998  -20283.9813  0.3786 
   00888    0.4105  -20288.5800  0.3762 
   00889    0.4037  -20247.8901  0.3796 
   00890    0.4072  -20243.0994  0.3800 
   00891    0.4033  -20245.4051  0.3796 
   00892    0.3991  -20279.0010  0.3811 
   00893    0.4122  -20312.3562  0.3829 
   00894    0.4022  -20313.2553  0.3879 
   00895    0.4030  -20300.4479  0.3851 
   00896    0.4113  -20350.9618  0.3846 
   00897    0.3981  -20186.3595  0.3888 
   00898    0.3980  -20296.2819  0.3880 
   00899    0.3987  -20368.4845  0.3893 
   00900    0.4069  -20360.5357  0.3920 
   00901    0.4084  -20410.9395  0.3892 
   00902    0.4020  -20384.2640  0.3849 
   00903    0.4056  -20427.2733  0.3814 
   00904    0.3964  -20464.5237  0.3785 
   00905    0.3980  -20443.7525  0.3784 
   00906    0.4020  -20380.4564  0.3790 
   00907    0.4098  -20280.0781  0.3800 
   00908    0.3961  -20350.4279  0.3826 
   00909    0.4103  -20286.2080  0.3792 
   00910    0.4047  -20247.4267  0.3734 
   00911    0.4072  -20223.2920  0.3738 
   00912    0.4039  -20244.9691  0.3688 
   00913    0.3997  -20181.7974  0.3681 
   00914    0.3983  -20319.7388  0.3653 
   00915    0.4047  -20338.8844  0.3679 
   00916    0.3964  -20351.1029  0.3675 
   00917    0.4053  -20419.8748  0.3680 
   00918    0.3991  -20423.8240  0.3672 
   00919    0.4000  -20380.8657  0.3657 
   00920    0.4002  -20439.7799  0.3704 
   00921    0.4002  -20358.2935  0.3720 
   00922    0.3967  -20297.3480  0.3680 
   00923    0.4048  -20318.9777  0.3659 
   00924    0.3909  -20346.2201  0.3606 
   00925    0.4066  -20385.8460  0.3544 
   00926    0.4031  -20361.1066  0.3559 
   00927    0.3998  -20307.1950  0.3590 
   00928    0.4025  -20349.8684  0.3634 
   00929    0.4117  -20319.3594  0.3577 
   00930    0.3998  -20319.4366  0.3605 
   00931    0.3984  -20344.9597  0.3558 
   00932    0.3973  -20406.8476  0.3529 
   00933    0.4094  -20401.9990  0.3549 
   00934    0.3902  -20449.2742  0.3589 
   00935    0.3970  -20594.5989  0.3621 
   00936    0.3966  -20646.5369  0.3647 
   00937    0.4009  -20612.0490  0.3636 
   00938    0.4008  -20435.1014  0.3630 
   00939    0.3966  -20532.9589  0.3638 
   00940    0.3928  -20590.4991  0.3623 
   00941    0.3955  -20556.3682  0.3643 
   00942    0.4031  -20531.7645  0.3601 
   00943    0.4078  -20440.6934  0.3563 
   00944    0.3997  -20475.2485  0.3589 
   00945    0.3923  -20458.9020  0.3599 
   00946    0.3973  -20349.3268  0.3572 
   00947    0.4025  -20402.4621  0.3593 
   00948    0.4109  -20430.8301  0.3581 
   00949    0.3917  -20404.2680  0.3607 
   00950    0.4031  -20414.9296  0.3587 
   00951    0.3983  -20403.3568  0.3643 
   00952    0.4022  -20371.3049  0.3618 
   00953    0.4009  -20380.3636  0.3691 
   00954    0.3997  -20462.7288  0.3724 
   00955    0.3920  -20483.3134  0.3763 
   00956    0.4028  -20365.6140  0.3728 
   00957    0.4003  -20401.1616  0.3779 
   00958    0.3870  -20469.6583  0.3779 
   00959    0.3922  -20398.3936  0.3719 
   00960    0.4036  -20297.7990  0.3706 
   00961    0.4108  -20335.1976  0.3686 
   00962    0.3906  -20333.9909  0.3705 
   00963    0.3916  -20358.0688  0.3690 
   00964    0.4023  -20398.7287  0.3683 
   00965    0.3952  -20400.1095  0.3698 
   00966    0.3969  -20494.2461  0.3750 
   00967    0.3956  -20460.5104  0.3798 
   00968    0.4036  -20389.5727  0.3747 
   00969    0.4044  -20361.3198  0.3749 
   00970    0.4086  -20428.6112  0.3739 
   00971    0.3995  -20351.6250  0.3772 
   00972    0.3956  -20336.7022  0.3753 
   00973    0.4039  -20272.1134  0.3716 
   00974    0.3916  -20356.3226  0.3666 
   00975    0.3986  -20370.9701  0.3667 
   00976    0.4188  -20457.5747  0.3660 
   00977    0.4005  -20514.3316  0.3706 
   00978    0.3981  -20490.0670  0.3641 
   00979    0.3931  -20462.0303  0.3612 
   00980    0.4022  -20480.0228  0.3674 
   00981    0.4080  -20415.1604  0.3650 
   00982    0.3930  -20519.9706  0.3689 
   00983    0.4073  -20499.1277  0.3666 
   00984    0.3975  -20450.2094  0.3610 
   00985    0.4003  -20351.4913  0.3624 
   00986    0.4045  -20340.9246  0.3603 
   00987    0.3923  -20446.3880  0.3606 
   00988    0.4002  -20371.1759  0.3618 
   00989    0.3966  -20311.9763  0.3608 
   00990    0.3994  -20322.8003  0.3663 
   00991    0.3959  -20345.3458  0.3722 
   00992    0.4055  -20358.0672  0.3741 
   00993    0.3994  -20434.6728  0.3697 
   00994    0.3980  -20493.1318  0.3675 
   00995    0.3895  -20413.7160  0.3680 
   00996    0.4027  -20415.3662  0.3641 
   00997    0.4047  -20468.3318  0.3628 
   00998    0.4059  -20429.8411  0.3610 
   00999    0.4047  -20506.0307  0.3602 
   01000    0.3981  -20443.3652  0.3559 
