#=====================================================
# File created:        Mon-16-Feb-2026-at-01-50-05PM
# Size of lattice:     30x30
# Number of MC steps:  1000
# Reduced temperature: 0.650
# Run time (s):        10.391103
#=====================================================
# MC step:  Ratio:     Energy:   Order:
#=====================================================
   00000    0.5000    -856.7727  0.2689 
   00001    0.6733   -1365.9087  0.2659 
   00002    0.5933   -1627.3535  0.2845 
   00003    0.5811   -1761.9730  0.2766 
   00004    0.5644   -1908.4665  0.2902 
   00005    0.5189   -2040.3173  0.3051 
   00006    0.4967   -2111.2192  0.3138 
   00007    0.4744   -2202.8086  0.3177 
   00008    0.4856   -2226.7927  0.3214 
   00009    0.4733   -2265.2602  0.3290 
   00010    0.4567   -2306.3286  0.3464 
   00011    0.4322   -2322.8148  0.3553 
   00012    0.4611   -2323.6923  0.3455 
   00013    0.4989   -2341.4268  0.3422 
   00014    0.4744   -2428.2547  0.3422 
   00015    0.4456   -2497.1318  0.3301 
   00016    0.4889   -2489.3558  0.3282 
   00017    0.4378   -2500.8697  0.3418 
   00018    0.4344   -2531.3292  0.3549 
   00019    0.4200   -2560.7619  0.3693 
   00020    0.4489   -2548.2057  0.3767 
   00021    0.4200   -2561.0655  0.3880 
   00022    0.4344   -2581.1080  0.3950 
   00023    0.4400   -2574.7578  0.3940 
   00024    0.4256   -2601.7405  0.3909 
   00025    0.4122   -2614.2901  0.3908 
   00026    0.4211   -2608.7943  0.3921 
   00027    0.4422   -2605.6235  0.3846 
   00028    0.4311   -2587.1112  0.3875 
   00029    0.4367   -2631.0789  0.3894 
   00030    0.4044   -2664.9600  0.3864 
   00031    0.4289   -2674.5115  0.3884 
   00032    0.4444   -2674.3124  0.3740 
   00033    0.4133   -2644.4906  0.3873 
   00034    0.3956   -2640.4446  0.3754 
   00035    0.4100   -2696.2807  0.3705 
   00036    0.4011   -2683.7596  0.3894 
   00037    0.4222   -2690.7924  0.3985 
   00038    0.4389   -2711.0492  0.3983 
   00039    0.4078   -2712.6720  0.4036 
   00040    0.4267   -2728.3834  0.4056 
   00041    0.4244   -2703.3596  0.4007 
   00042    0.4267   -2711.8548  0.4143 
   00043    0.4089   -2729.1135  0.4132 
   00044    0.4333   -2705.6592  0.4187 
   00045    0.4444   -2714.1136  0.4173 
   00046    0.4311   -2712.3277  0.4199 
   00047    0.4311   -2724.2759  0.4205 
   00048    0.4256   -2695.5360  0.4231 
   00049    0.3900   -2676.9449  0.4231 
   00050    0.4033   -2654.3300  0.4240 
   00051    0.4056   -2640.2196  0.4268 
   00052    0.4133   -2647.1522  0.4020 
   00053    0.4233   -2648.3851  0.3921 
   00054    0.4189   -2680.9400  0.3939 
   00055    0.3889   -2672.1490  0.3896 
   00056    0.4267   -2639.3827  0.4005 
   00057    0.4444   -2659.5255  0.3861 
   00058    0.3978   -2654.8251  0.3843 
   00059    0.4278   -2665.1118  0.3878 
   00060    0.4267   -2708.5520  0.3980 
   00061    0.4067   -2717.8286  0.3956 
   00062    0.4222   -2724.7873  0.4025 
   00063    0.4256   -2733.0084  0.4077 
   00064    0.4144   -2695.4852  0.3994 
   00065    0.4311   -2723.8894  0.4014 
   00066    0.4478   -2725.0709  0.3849 
   00067    0.4144   -2719.7399  0.3792 
   00068    0.4022   -2718.5601  0.3808 
   00069    0.4267   -2740.2916  0.4067 
   00070    0.4222   -2700.1243  0.4008 
   00071    0.4244   -2703.5557  0.3980 
   00072    0.4189   -2719.9005  0.4161 
   00073    0.4178   -2728.7406  0.4002 
   00074    0.4144   -2744.6720  0.4206 
   00075    0.4444   -2739.0449  0.4295 
   00076    0.4267   -2707.3961  0.4348 
   00077    0.4333   -2702.6474  0.4317 
   00078    0.3700   -2715.3779  0.4441 
   00079    0.4233   -2695.8744  0.4400 
   00080    0.4022   -2745.3099  0.4537 
   00081    0.4311   -2767.6929  0.4498 
   00082    0.4122   -2829.7374  0.4493 
   00083    0.4133   -2797.1128  0.4487 
   00084    0.4078   -2799.3642  0.4530 
   00085    0.4211   -2796.3414  0.4603 
   00086    0.4400   -2797.2056  0.4766 
   00087    0.3789   -2799.4625  0.4800 
   00088    0.4056   -2834.7328  0.4904 
   00089    0.4156   -2826.7848  0.4724 
   00090    0.4111   -2796.5866  0.4789 
   00091    0.3911   -2791.6903  0.4657 
   00092    0.3733   -2790.4900  0.4757 
   00093    0.3967   -2830.0567  0.4861 
   00094    0.4067   -2881.0955  0.4793 
   00095    0.4011   -2865.1459  0.4910 
   00096    0.3900   -2844.3975  0.4845 
   00097    0.4056   -2818.6914  0.4800 
   00098    0.4178   -2819.4148  0.4807 
   00099    0.4244   -2805.1286  0.4745 
   00100    0.3967   -2811.9817  0.4677 
   00101    0.4067   -2800.8779  0.4761 
   00102    0.3911   -2814.4158  0.4773 
   00103    0.4111   -2792.6794  0.4684 
   00104    0.3978   -2769.9468  0.4610 
   00105    0.4056   -2755.5705  0.4659 
   00106    0.4156   -2752.4891  0.4756 
   00107    0.4256   -2746.2079  0.4570 
   00108    0.3978   -2758.2694  0.4532 
   00109    0.4211   -2790.9126  0.4653 
   00110    0.4433   -2796.3262  0.4425 
   00111    0.4111   -2805.4289  0.4412 
   00112    0.4011   -2833.8482  0.4389 
   00113    0.3978   -2821.8272  0.4477 
   00114    0.4089   -2841.7642  0.4582 
   00115    0.4067   -2855.9711  0.4626 
   00116    0.4089   -2868.2702  0.4530 
   00117    0.4289   -2838.0420  0.4483 
   00118    0.3944   -2862.7159  0.4563 
   00119    0.3800   -2876.5362  0.4744 
   00120    0.3744   -2879.3568  0.4744 
   00121    0.3878   -2898.5616  0.4773 
   00122    0.3878   -2862.0585  0.4847 
   00123    0.3978   -2896.6543  0.4853 
   00124    0.4067   -2894.9297  0.4950 
   00125    0.3856   -2853.3728  0.4980 
   00126    0.3922   -2836.0739  0.4922 
   00127    0.4067   -2822.9126  0.4827 
   00128    0.3889   -2809.6071  0.4798 
   00129    0.4089   -2805.9689  0.4805 
   00130    0.4167   -2774.0844  0.4791 
   00131    0.4033   -2776.9805  0.4955 
   00132    0.3833   -2760.3691  0.4902 
   00133    0.4089   -2790.4837  0.4996 
   00134    0.4133   -2800.9355  0.5061 
   00135    0.4289   -2775.9222  0.5074 
   00136    0.4278   -2806.6971  0.5157 
   00137    0.4133   -2815.3653  0.5140 
   00138    0.4100   -2815.4732  0.5062 
   00139    0.4022   -2813.0683  0.5096 
   00140    0.4011   -2834.7746  0.5120 
   00141    0.4078   -2794.8099  0.5061 
   00142    0.3889   -2759.4562  0.5019 
   00143    0.4156   -2745.4334  0.5061 
   00144    0.4244   -2720.6952  0.5024 
   00145    0.4389   -2718.4853  0.5027 
   00146    0.4089   -2728.4975  0.5045 
   00147    0.4267   -2752.7721  0.4894 
   00148    0.3989   -2750.3324  0.4763 
   00149    0.4089   -2801.3444  0.4685 
   00150    0.4222   -2772.7584  0.4630 
   00151    0.4344   -2811.1768  0.4649 
   00152    0.3967   -2833.8468  0.4720 
   00153    0.3967   -2848.6340  0.4646 
   00154    0.4189   -2827.7261  0.4588 
   00155    0.4011   -2829.2804  0.4601 
   00156    0.3889   -2866.5356  0.4614 
   00157    0.3800   -2876.4080  0.4596 
   00158    0.4222   -2838.9526  0.4536 
   00159    0.4211   -2848.5324  0.4593 
   00160    0.3944   -2818.5567  0.4644 
   00161    0.3833   -2810.6596  0.4763 
   00162    0.3878   -2848.7290  0.4773 
   00163    0.4144   -2833.0261  0.4783 
   00164    0.3878   -2831.4949  0.4788 
   00165    0.4000   -2836.1640  0.4848 
   00166    0.4100   -2816.8576  0.4904 
   00167    0.3700   -2805.5891  0.4937 
   00168    0.4178   -2835.4235  0.5000 
   00169    0.4011   -2849.5777  0.4943 
   00170    0.3944   -2818.6024  0.5017 
   00171    0.4156   -2815.7698  0.5002 
   00172    0.4022   -2849.5815  0.4966 
   00173    0.4067   -2837.5437  0.5014 
   00174    0.4322   -2852.9360  0.4961 
   00175    0.4111   -2875.8254  0.4950 
   00176    0.4144   -2819.7955  0.4910 
   00177    0.4344   -2840.8730  0.4950 
   00178    0.3967   -2806.4471  0.4936 
   00179    0.4144   -2785.7566  0.4885 
   00180    0.4067   -2809.1192  0.4921 
   00181    0.3789   -2783.9309  0.4897 
   00182    0.3944   -2811.2685  0.4887 
   00183    0.4167   -2799.1619  0.4951 
   00184    0.4289   -2804.3091  0.4971 
   00185    0.3989   -2842.0549  0.4879 
   00186    0.4133   -2843.0990  0.4908 
   00187    0.4044   -2834.4576  0.4982 
   00188    0.3944   -2856.0333  0.5104 
   00189    0.4189   -2891.6496  0.5185 
   00190    0.4044   -2869.6450  0.5120 
   00191    0.4078   -2873.2094  0.5113 
   00192    0.4011   -2858.0984  0.5115 
   00193    0.3967   -2846.8614  0.5300 
   00194    0.3767   -2828.4833  0.5319 
   00195    0.4222   -2836.6915  0.5238 
   00196    0.3900   -2835.0727  0.5312 
   00197    0.3889   -2831.1897  0.5349 
   00198    0.4056   -2829.1175  0.5491 
   00199    0.4156   -2824.3144  0.5464 
   00200    0.3922   -2871.4792  0.5454 
   00201    0.4011   -2870.7055  0.5498 
   00202    0.3689   -2862.0552  0.5489 
   00203    0.3878   -2882.3835  0.5497 
   00204    0.4100   -2869.6110  0.5466 
   00205    0.4256   -2878.1070  0.5583 
   00206    0.4089   -2873.0931  0.5533 
   00207    0.3756   -2867.5511  0.5562 
   00208    0.4044   -2864.3425  0.5592 
   00209    0.3789   -2849.5593  0.5461 
   00210    0.3933   -2841.4505  0.5467 
   00211    0.4022   -2873.7747  0.5531 
   00212    0.3822   -2834.1881  0.5583 
   00213    0.4067   -2849.7274  0.5647 
   00214    0.4000   -2860.2530  0.5510 
   00215    0.4089   -2880.9424  0.5440 
   00216    0.4244   -2898.3024  0.5577 
   00217    0.4000   -2907.8981  0.5571 
   00218    0.4089   -2873.6465  0.5500 
   00219    0.4178   -2813.7352  0.5314 
   00220    0.4000   -2834.4625  0.5449 
   00221    0.4344   -2843.8959  0.5507 
   00222    0.4067   -2858.4907  0.5527 
   00223    0.4122   -2827.8096  0.5506 
   00224    0.4211   -2804.9472  0.5511 
   00225    0.4111   -2811.2745  0.5483 
   00226    0.3889   -2797.7199  0.5498 
   00227    0.4044   -2803.6319  0.5421 
   00228    0.3689   -2825.9021  0.5421 
   00229    0.3878   -2848.8115  0.5513 
   00230    0.3889   -2871.4873  0.5409 
   00231    0.3889   -2889.6405  0.5444 
   00232    0.3811   -2857.7756  0.5362 
   00233    0.4100   -2844.9251  0.5353 
   00234    0.4111   -2838.4682  0.5431 
   00235    0.4156   -2836.0365  0.5276 
   00236    0.3956   -2845.7015  0.5233 
   00237    0.3689   -2865.9032  0.5239 
   00238    0.3811   -2853.2118  0.5396 
   00239    0.4244   -2836.6776  0.5407 
   00240    0.4067   -2835.9971  0.5396 
   00241    0.4056   -2826.1664  0.5374 
   00242    0.4078   -2828.0574  0.5284 
   00243    0.3933   -2834.1177  0.5237 
   00244    0.3856   -2802.1992  0.5072 
   00245    0.3978   -2822.0419  0.5022 
   00246    0.4100   -2819.4068  0.5129 
   00247    0.3722   -2798.9204  0.5133 
   00248    0.4111   -2774.3900  0.5162 
   00249    0.3944   -2772.5321  0.5065 
   00250    0.4256   -2782.5204  0.5111 
   00251    0.4033   -2786.4194  0.5144 
   00252    0.4144   -2784.5050  0.5216 
   00253    0.3967   -2796.7712  0.5117 
   00254    0.3856   -2790.0880  0.4978 
   00255    0.3978   -2805.7770  0.4968 
   00256    0.3889   -2767.2269  0.5071 
   00257    0.4089   -2787.7651  0.5137 
   00258    0.3944   -2784.3593  0.5184 
   00259    0.4156   -2811.7322  0.5296 
   00260    0.4422   -2804.5688  0.5392 
   00261    0.4122   -2766.5272  0.5209 
   00262    0.4122   -2772.3788  0.5225 
   00263    0.4044   -2791.7733  0.5279 
   00264    0.3856   -2796.9459  0.5296 
   00265    0.3900   -2827.3299  0.5444 
   00266    0.3856   -2816.1970  0.5435 
   00267    0.4011   -2853.3904  0.5483 
   00268    0.4067   -2861.9442  0.5427 
   00269    0.4178   -2865.3592  0.5410 
   00270    0.3789   -2851.3993  0.5472 
   00271    0.3778   -2844.3197  0.5589 
   00272    0.4167   -2872.7573  0.5602 
   00273    0.4056   -2862.8360  0.5579 
   00274    0.3911   -2865.1161  0.5602 
   00275    0.3811   -2845.9060  0.5661 
   00276    0.4033   -2847.0542  0.5469 
   00277    0.3978   -2868.2422  0.5427 
   00278    0.3867   -2843.9164  0.5482 
   00279    0.4122   -2797.8620  0.5400 
   00280    0.4289   -2819.8812  0.5437 
   00281    0.4000   -2833.6077  0.5478 
   00282    0.4078   -2831.5980  0.5452 
   00283    0.4367   -2845.9013  0.5437 
   00284    0.4256   -2791.6552  0.5272 
   00285    0.4200   -2810.4316  0.5172 
   00286    0.3633   -2831.0020  0.5169 
   00287    0.4222   -2815.6728  0.5140 
   00288    0.3789   -2788.1472  0.5235 
   00289    0.4344   -2810.1201  0.5325 
   00290    0.3978   -2806.7163  0.5323 
   00291    0.4089   -2817.8794  0.5319 
   00292    0.3867   -2823.5712  0.5272 
   00293    0.3978   -2823.3045  0.5247 
   00294    0.4111   -2816.0035  0.5231 
   00295    0.4067   -2851.9472  0.5470 
   00296    0.3922   -2845.2630  0.5606 
   00297    0.4044   -2866.0379  0.5554 
   00298    0.4011   -2854.4470  0.5520 
   00299    0.4044   -2840.0149  0.5425 
   00300    0.4278   -2821.2007  0.5305 
   00301    0.3967   -2808.0288  0.5252 
   00302    0.4033   -2778.7347  0.5312 
   00303    0.4378   -2745.4496  0.5173 
   00304    0.4067   -2763.9190  0.5235 
   00305    0.3778   -2780.5806  0.5167 
   00306    0.4133   -2786.7223  0.5158 
   00307    0.4089   -2765.8883  0.5198 
   00308    0.4211   -2777.8496  0.5226 
   00309    0.4078   -2805.7203  0.5090 
   00310    0.4078   -2812.2383  0.5081 
   00311    0.3978   -2792.3665  0.5138 
   00312    0.4300   -2810.7293  0.5218 
   00313    0.4000   -2796.1802  0.5252 
   00314    0.4133   -2791.0647  0.5138 
   00315    0.4122   -2774.2453  0.5040 
   00316    0.3889   -2780.8150  0.5103 
   00317    0.4144   -2738.5726  0.5073 
   00318    0.4078   -2779.5973  0.5197 
   00319    0.3956   -2811.0152  0.5459 
   00320    0.3922   -2812.0863  0.5450 
   00321    0.3967   -2825.6980  0.5365 
   00322    0.3956   -2831.0734  0.5443 
   00323    0.4200   -2827.6032  0.5420 
   00324    0.4067   -2845.6142  0.5420 
   00325    0.4133   -2855.5709  0.5556 
   00326    0.3922   -2820.3749  0.5501 
   00327    0.4467   -2787.3627  0.5516 
   00328    0.4100   -2815.9947  0.5562 
   00329    0.4078   -2827.0752  0.5626 
   00330    0.3856   -2842.5269  0.5654 
   00331    0.3922   -2869.0501  0.5687 
   00332    0.4711   -2878.9744  0.5712 
   00333    0.4244   -2875.7554  0.5799 
   00334    0.4000   -2868.5369  0.5779 
   00335    0.3967   -2843.1825  0.5758 
   00336    0.3856   -2866.9107  0.5785 
   00337    0.4144   -2839.5425  0.5747 
   00338    0.3967   -2814.7934  0.5692 
   00339    0.3911   -2796.7384  0.5708 
   00340    0.3844   -2768.3683  0.5655 
   00341    0.4000   -2788.7876  0.5643 
   00342    0.3978   -2783.3598  0.5591 
   00343    0.4289   -2768.0593  0.5610 
   00344    0.3800   -2777.8156  0.5531 
   00345    0.4122   -2761.5995  0.5563 
   00346    0.4089   -2794.5734  0.5571 
   00347    0.4111   -2809.6377  0.5526 
   00348    0.4067   -2781.3706  0.5450 
   00349    0.4067   -2794.3279  0.5518 
   00350    0.3922   -2793.4080  0.5604 
   00351    0.4267   -2809.8721  0.5784 
   00352    0.4011   -2808.4485  0.5828 
   00353    0.4100   -2800.4012  0.5794 
   00354    0.4344   -2789.5364  0.5759 
   00355    0.4256   -2798.6062  0.5796 
   00356    0.4189   -2775.0624  0.5714 
   00357    0.4111   -2787.3655  0.5662 
   00358    0.4367   -2779.9348  0.5726 
   00359    0.4033   -2767.9029  0.5667 
   00360    0.4167   -2771.1903  0.5628 
   00361    0.4200   -2785.8663  0.5589 
   00362    0.4244   -2791.7439  0.5623 
   00363    0.3878   -2807.7021  0.5674 
   00364    0.3856   -2807.7583  0.5610 
   00365    0.3856   -2825.1631  0.5626 
   00366    0.4222   -2830.9865  0.5582 
   00367    0.4100   -2837.3122  0.5660 
   00368    0.3978   -2828.8134  0.5570 
   00369    0.3933   -2755.5609  0.5576 
   00370    0.4056   -2779.4469  0.5494 
   00371    0.4156   -2847.8413  0.5484 
   00372    0.3933   -2844.8638  0.5559 
   00373    0.3722   -2867.8244  0.5550 
   00374    0.3967   -2845.9088  0.5525 
   00375    0.3822   -2854.8809  0.5654 
   00376    0.3933   -2889.2577  0.5621 
   00377    0.4100   -2850.0179  0.5493 
   00378    0.4167   -2809.0491  0.5337 
   00379    0.4189   -2826.0413  0.5465 
   00380    0.4000   -2840.0454  0.5489 
   00381    0.3922   -2834.7477  0.5504 
   00382    0.4178   -2839.1078  0.5468 
   00383    0.4033   -2833.2769  0.5417 
   00384    0.4233   -2821.7711  0.5484 
   00385    0.3844   -2853.2557  0.5541 
   00386    0.4333   -2900.5545  0.5636 
   00387    0.4333   -2889.5247  0.5660 
   00388    0.4022   -2870.9336  0.5625 
   00389    0.4300   -2889.8087  0.5757 
   00390    0.4189   -2869.6850  0.5722 
   00391    0.4022   -2845.3453  0.5727 
   00392    0.4000   -2856.1162  0.5686 
   00393    0.4144   -2895.9343  0.5682 
   00394    0.3778   -2890.9223  0.5645 
   00395    0.4233   -2869.7661  0.5633 
   00396    0.3956   -2866.2107  0.5684 
   00397    0.3756   -2919.2262  0.5660 
   00398    0.3767   -2908.4467  0.5696 
   00399    0.4100   -2921.9529  0.5707 
   00400    0.4144   -2949.5672  0.5696 
   00401    0.3944   -2927.6903  0.5536 
   00402    0.3778   -2948.1414  0.5471 
   00403    0.4067   -2923.4148  0.5428 
   00404    0.3856   -2947.9929  0.5435 
   00405    0.3922   -2932.7972  0.5453 
   00406    0.3589   -2895.9103  0.5480 
   00407    0.4000   -2855.0444  0.5370 
   00408    0.4256   -2828.2999  0.5330 
   00409    0.4022   -2829.8536  0.5381 
   00410    0.4089   -2802.1182  0.5443 
   00411    0.4178   -2802.4900  0.5602 
   00412    0.4367   -2838.8869  0.5616 
   00413    0.3900   -2836.3199  0.5589 
   00414    0.3844   -2842.3434  0.5517 
   00415    0.3833   -2842.0675  0.5456 
   00416    0.4044   -2825.4894  0.5346 
   00417    0.4189   -2838.4534  0.5444 
   00418    0.4244   -2788.9649  0.5518 
   00419    0.4211   -2815.9598  0.5466 
   00420    0.4078   -2860.9775  0.5453 
   00421    0.4200   -2862.8685  0.5467 
   00422    0.4233   -2883.1250  0.5494 
   00423    0.3933   -2922.7456  0.5455 
   00424    0.3811   -2938.4574  0.5501 
   00425    0.3711   -2940.9939  0.5593 
   00426    0.3822   -2939.8029  0.5842 
   00427    0.3856   -2898.0754  0.5802 
   00428    0.3833   -2864.8219  0.5840 
   00429    0.4189   -2875.4902  0.5707 
   00430    0.4078   -2829.4159  0.5684 
   00431    0.4133   -2877.6454  0.5793 
   00432    0.4067   -2851.7344  0.5746 
   00433    0.3944   -2888.4019  0.5662 
   00434    0.4089   -2888.8733  0.5743 
   00435    0.3711   -2868.8274  0.5745 
   00436    0.3800   -2862.0533  0.5770 
   00437    0.4122   -2853.5530  0.5815 
   00438    0.4089   -2855.6880  0.5769 
   00439    0.3900   -2839.1614  0.5874 
   00440    0.4167   -2796.2260  0.5832 
   00441    0.4122   -2832.1307  0.5999 
   00442    0.3967   -2888.1015  0.6021 
   00443    0.4222   -2874.7693  0.6033 
   00444    0.4033   -2883.1948  0.5976 
   00445    0.3956   -2848.1704  0.6030 
   00446    0.4089   -2824.6362  0.6062 
   00447    0.3722   -2824.3627  0.6024 
   00448    0.3967   -2846.1625  0.6108 
   00449    0.4144   -2806.6719  0.6145 
   00450    0.3978   -2772.7169  0.6064 
   00451    0.4167   -2731.5572  0.6040 
   00452    0.4044   -2749.8756  0.5939 
   00453    0.4144   -2801.0560  0.5842 
   00454    0.4089   -2805.2038  0.5938 
   00455    0.4000   -2828.4310  0.5954 
   00456    0.4067   -2813.4173  0.5867 
   00457    0.3700   -2807.3562  0.5953 
   00458    0.3967   -2775.8862  0.6063 
   00459    0.3922   -2806.6016  0.6037 
   00460    0.4067   -2786.0666  0.5960 
   00461    0.4156   -2770.5029  0.5910 
   00462    0.4111   -2785.2006  0.5908 
   00463    0.4411   -2799.3372  0.5972 
   00464    0.4100   -2809.2044  0.6115 
   00465    0.4311   -2824.8294  0.6104 
   00466    0.4200   -2807.6532  0.6203 
   00467    0.4044   -2815.0080  0.6170 
   00468    0.3922   -2823.3929  0.6129 
   00469    0.4044   -2854.0442  0.6158 
   00470    0.3911   -2881.5334  0.6239 
   00471    0.4222   -2862.4471  0.6243 
   00472    0.4211   -2832.4907  0.6174 
   00473    0.3989   -2833.2324  0.6187 
   00474    0.3978   -2840.0610  0.6225 
   00475    0.3989   -2879.0800  0.6424 
   00476    0.4011   -2853.3153  0.6376 
   00477    0.4156   -2836.2063  0.6338 
   00478    0.4267   -2820.4057  0.6422 
   00479    0.3856   -2815.0869  0.6499 
   00480    0.3889   -2796.4760  0.6651 
   00481    0.4089   -2840.0229  0.6640 
   00482    0.4189   -2857.0801  0.6527 
   00483    0.3822   -2841.6658  0.6424 
   00484    0.4133   -2870.4508  0.6424 
   00485    0.4289   -2886.5087  0.6376 
   00486    0.3689   -2876.9187  0.6329 
   00487    0.4067   -2868.6896  0.6341 
   00488    0.3978   -2882.8184  0.6248 
   00489    0.3800   -2879.0243  0.6276 
   00490    0.4211   -2848.5711  0.6288 
   00491    0.4000   -2842.4970  0.6306 
   00492    0.3956   -2815.6833  0.6370 
   00493    0.4033   -2791.8342  0.6319 
   00494    0.4022   -2820.4486  0.6375 
   00495    0.3978   -2849.1912  0.6442 
   00496    0.4156   -2872.7740  0.6452 
   00497    0.3944   -2895.9320  0.6563 
   00498    0.3911   -2880.4597  0.6549 
   00499    0.4244   -2877.4783  0.6590 
   00500    0.3944   -2854.8038  0.6637 
   00501    0.4067   -2841.1639  0.6517 
   00502    0.4078   -2812.3118  0.6549 
   00503    0.3978   -2835.5089  0.6464 
   00504    0.4000   -2863.2376  0.6417 
   00505    0.4044   -2854.6620  0.6422 
   00506    0.3789   -2830.0706  0.6495 
   00507    0.3700   -2829.7895  0.6502 
   00508    0.4178   -2836.7794  0.6507 
   00509    0.4078   -2833.5079  0.6626 
   00510    0.3956   -2832.9314  0.6693 
   00511    0.4244   -2828.8733  0.6690 
   00512    0.4100   -2817.3985  0.6828 
   00513    0.4122   -2810.5791  0.6837 
   00514    0.3889   -2817.7758  0.6770 
   00515    0.4222   -2827.5965  0.6713 
   00516    0.3856   -2805.2578  0.6781 
   00517    0.4144   -2816.6943  0.6721 
   00518    0.4122   -2823.1219  0.6675 
   00519    0.4189   -2833.0725  0.6594 
   00520    0.4022   -2832.7941  0.6549 
   00521    0.3922   -2858.9718  0.6558 
   00522    0.4067   -2815.9866  0.6467 
   00523    0.3989   -2829.3988  0.6552 
   00524    0.4067   -2846.4121  0.6485 
   00525    0.4178   -2846.6126  0.6476 
   00526    0.4189   -2829.3728  0.6494 
   00527    0.4233   -2856.7250  0.6623 
   00528    0.4156   -2862.8848  0.6520 
   00529    0.4022   -2851.0781  0.6560 
   00530    0.4078   -2846.7713  0.6607 
   00531    0.3944   -2855.5017  0.6591 
   00532    0.4256   -2793.0462  0.6398 
   00533    0.4311   -2813.3206  0.6522 
   00534    0.3878   -2818.8633  0.6456 
   00535    0.4000   -2815.7852  0.6448 
   00536    0.4022   -2840.4186  0.6597 
   00537    0.4133   -2855.9703  0.6641 
   00538    0.4056   -2858.6825  0.6603 
   00539    0.4211   -2869.6439  0.6704 
   00540    0.3867   -2885.2284  0.6750 
   00541    0.3644   -2855.5729  0.6747 
   00542    0.3989   -2814.6992  0.6712 
   00543    0.3833   -2862.1116  0.6884 
   00544    0.3989   -2879.2767  0.6953 
   00545    0.3889   -2885.1176  0.6992 
   00546    0.3978   -2844.2230  0.6964 
   00547    0.4189   -2830.1303  0.7011 
   00548    0.3944   -2860.3328  0.7071 
   00549    0.4000   -2846.2847  0.6951 
   00550    0.3867   -2834.6748  0.6820 
   00551    0.3600   -2838.1147  0.6775 
   00552    0.4100   -2842.0988  0.6775 
   00553    0.4211   -2847.2963  0.6802 
   00554    0.3956   -2851.5106  0.6879 
   00555    0.4256   -2825.5059  0.6914 
   00556    0.3911   -2822.4313  0.6837 
   00557    0.4300   -2838.8108  0.6856 
   00558    0.4178   -2878.5219  0.6953 
   00559    0.4111   -2877.7145  0.7014 
   00560    0.4244   -2863.3770  0.7047 
   00561    0.4000   -2830.6489  0.6950 
   00562    0.4244   -2828.1027  0.7026 
   00563    0.4033   -2831.1250  0.7018 
   00564    0.3944   -2818.3622  0.6986 
   00565    0.4078   -2812.5151  0.7018 
   00566    0.4033   -2790.3931  0.7004 
   00567    0.4111   -2799.4665  0.7076 
   00568    0.4156   -2841.7359  0.7141 
   00569    0.3989   -2881.0814  0.7211 
   00570    0.3811   -2903.7875  0.7183 
   00571    0.3900   -2875.8351  0.7198 
   00572    0.4144   -2842.7208  0.7170 
   00573    0.4244   -2833.9939  0.7132 
   00574    0.3989   -2878.7063  0.7244 
   00575    0.3822   -2883.2444  0.7256 
   00576    0.4289   -2883.8556  0.7208 
   00577    0.4056   -2899.3123  0.7285 
   00578    0.4044   -2926.0111  0.7225 
   00579    0.3911   -2898.6642  0.7285 
   00580    0.3956   -2879.5090  0.7285 
   00581    0.3811   -2926.7155  0.7486 
   00582    0.3711   -2915.1718  0.7496 
   00583    0.3778   -2908.1868  0.7532 
   00584    0.4189   -2891.9802  0.7494 
   00585    0.4044   -2851.9520  0.7392 
   00586    0.4467   -2823.4366  0.7333 
   00587    0.3722   -2831.2099  0.7200 
   00588    0.4267   -2847.6032  0.7186 
   00589    0.4178   -2884.1847  0.7198 
   00590    0.3911   -2864.5232  0.7180 
   00591    0.3944   -2888.2189  0.7173 
   00592    0.4133   -2857.8734  0.7135 
   00593    0.4144   -2878.9833  0.7176 
   00594    0.3956   -2875.1097  0.7174 
   00595    0.3933   -2872.2719  0.7130 
   00596    0.4167   -2828.2617  0.7183 
   00597    0.4222   -2833.2814  0.7192 
   00598    0.4044   -2859.4170  0.7315 
   00599    0.3911   -2855.9477  0.7273 
   00600    0.3833   -2889.7427  0.7274 
   00601    0.3778   -2862.9041  0.7201 
   00602    0.3989   -2869.0635  0.7215 
   00603    0.4056   -2877.8826  0.7245 
   00604    0.4122   -2892.0377  0.7296 
   00605    0.3889   -2887.4774  0.7142 
   00606    0.4289   -2933.4239  0.7232 
   00607    0.3733   -2931.9199  0.7157 
   00608    0.3811   -2917.2351  0.7238 
   00609    0.3867   -2913.4548  0.7268 
   00610    0.3933   -2908.2895  0.7290 
   00611    0.4033   -2897.0264  0.7350 
   00612    0.4067   -2903.9502  0.7437 
   00613    0.4078   -2929.5107  0.7516 
   00614    0.3911   -2916.2989  0.7565 
   00615    0.4056   -2885.8290  0.7421 
   00616    0.3844   -2885.9026  0.7491 
   00617    0.3922   -2904.1613  0.7437 
   00618    0.3989   -2862.1426  0.7357 
   00619    0.3767   -2875.2491  0.7354 
   00620    0.4122   -2833.3947  0.7299 
   00621    0.3944   -2858.2299  0.7344 
   00622    0.4011   -2843.7416  0.7377 
   00623    0.3967   -2855.8585  0.7268 
   00624    0.4011   -2861.7365  0.7293 
   00625    0.4033   -2859.0533  0.7291 
   00626    0.4122   -2841.8215  0.7275 
   00627    0.4178   -2833.5372  0.7158 
   00628    0.4033   -2842.6456  0.7195 
   00629    0.4356   -2823.7684  0.7104 
   00630    0.4033   -2804.3402  0.7132 
   00631    0.4111   -2812.4982  0.7171 
   00632    0.4356   -2785.7395  0.7304 
   00633    0.4222   -2798.6212  0.7384 
   00634    0.3956   -2788.7586  0.7402 
   00635    0.3833   -2816.8438  0.7362 
   00636    0.3900   -2839.7638  0.7443 
   00637    0.4033   -2865.9284  0.7499 
   00638    0.3889   -2906.8200  0.7567 
   00639    0.3867   -2931.0783  0.7587 
   00640    0.4089   -2894.8003  0.7535 
   00641    0.3856   -2913.1342  0.7574 
   00642    0.3756   -2898.3400  0.7585 
   00643    0.4111   -2920.4278  0.7679 
   00644    0.4089   -2930.7578  0.7649 
   00645    0.3822   -2911.7957  0.7597 
   00646    0.3656   -2892.3251  0.7587 
   00647    0.3689   -2860.5897  0.7619 
   00648    0.4056   -2892.2200  0.7678 
   00649    0.4067   -2901.8328  0.7614 
   00650    0.3922   -2878.8783  0.7700 
   00651    0.3778   -2846.4735  0.7600 
   00652    0.4022   -2844.0479  0.7540 
   00653    0.4100   -2848.5940  0.7515 
   00654    0.4256   -2838.2878  0.7406 
   00655    0.4067   -2856.9809  0.7350 
   00656    0.4011   -2855.4212  0.7361 
   00657    0.3944   -2872.2055  0.7398 
   00658    0.3967   -2854.0863  0.7435 
   00659    0.4022   -2870.2359  0.7484 
   00660    0.3867   -2886.3084  0.7572 
   00661    0.4056   -2858.1266  0.7554 
   00662    0.4233   -2857.1808  0.7570 
   00663    0.3956   -2859.5670  0.7443 
   00664    0.4178   -2866.3502  0.7425 
   00665    0.4056   -2874.8514  0.7480 
   00666    0.3978   -2910.7730  0.7553 
   00667    0.3844   -2906.6895  0.7529 
   00668    0.4011   -2888.9793  0.7551 
   00669    0.4111   -2931.1546  0.7650 
   00670    0.4067   -2939.9841  0.7667 
   00671    0.3922   -2949.1750  0.7610 
   00672    0.3900   -2928.2604  0.7580 
   00673    0.4456   -2895.2621  0.7563 
   00674    0.4033   -2895.1302  0.7610 
   00675    0.4167   -2875.2786  0.7595 
   00676    0.3867   -2853.0750  0.7527 
   00677    0.4222   -2825.4794  0.7503 
   00678    0.4189   -2809.0157  0.7488 
   00679    0.4122   -2863.4315  0.7645 
   00680    0.3911   -2868.6479  0.7645 
   00681    0.3944   -2838.0702  0.7570 
   00682    0.3833   -2845.8372  0.7615 
   00683    0.3856   -2843.4535  0.7592 
   00684    0.4100   -2810.6834  0.7480 
   00685    0.3889   -2790.6208  0.7511 
   00686    0.4178   -2802.0976  0.7543 
   00687    0.4356   -2800.6747  0.7511 
   00688    0.3878   -2842.2026  0.7544 
   00689    0.4000   -2857.5129  0.7546 
   00690    0.4022   -2853.4951  0.7628 
   00691    0.3856   -2864.4026  0.7670 
   00692    0.4100   -2875.5439  0.7779 
   00693    0.4033   -2870.9945  0.7841 
   00694    0.4067   -2880.3464  0.7903 
   00695    0.3889   -2872.1825  0.7838 
   00696    0.4211   -2888.6258  0.7839 
   00697    0.3722   -2908.2933  0.7910 
   00698    0.4167   -2907.4314  0.7941 
   00699    0.3867   -2921.4539  0.7933 
   00700    0.3778   -2902.2577  0.7873 
   00701    0.3767   -2923.0895  0.7888 
   00702    0.3911   -2889.9194  0.7903 
   00703    0.3800   -2910.0728  0.7925 
   00704    0.4000   -2898.8039  0.7929 
   00705    0.4133   -2905.6425  0.7935 
   00706    0.3911   -2931.7115  0.8022 
   00707    0.3867   -2911.0952  0.7960 
   00708    0.3711   -2932.8811  0.8037 
   00709    0.3889   -2924.2890  0.8000 
   00710    0.3856   -2916.2122  0.7975 
   00711    0.3811   -2913.0153  0.7967 
   00712    0.3778   -2920.5036  0.7965 
   00713    0.3744   -2879.5388  0.7833 
   00714    0.4256   -2887.0612  0.7811 
   00715    0.4467   -2858.5695  0.7705 
   00716    0.3889   -2888.9025  0.7573 
   00717    0.3878   -2876.1901  0.7492 
   00718    0.4067   -2889.6199  0.7610 
   00719    0.4078   -2869.5725  0.7487 
   00720    0.3967   -2897.4026  0.7488 
   00721    0.3600   -2900.1807  0.7556 
   00722    0.4300   -2845.7503  0.7514 
   00723    0.4067   -2878.1507  0.7600 
   00724    0.3978   -2847.4978  0.7507 
   00725    0.4289   -2857.5491  0.7484 
   00726    0.4189   -2865.0836  0.7464 
   00727    0.3678   -2844.5501  0.7417 
   00728    0.4067   -2868.4007  0.7393 
   00729    0.4056   -2876.9654  0.7389 
   00730    0.4211   -2882.6111  0.7450 
   00731    0.3967   -2867.6803  0.7479 
   00732    0.4178   -2895.2568  0.7392 
   00733    0.3778   -2898.2445  0.7529 
   00734    0.3733   -2885.6131  0.7513 
   00735    0.3822   -2879.7962  0.7542 
   00736    0.4200   -2897.4354  0.7649 
   00737    0.4178   -2904.2529  0.7590 
   00738    0.3856   -2896.0935  0.7497 
   00739    0.4022   -2862.3695  0.7399 
   00740    0.4089   -2833.4594  0.7537 
   00741    0.4144   -2791.5771  0.7413 
   00742    0.4367   -2783.6903  0.7435 
   00743    0.4133   -2792.2804  0.7390 
   00744    0.4033   -2794.8126  0.7416 
   00745    0.4300   -2854.8776  0.7581 
   00746    0.4033   -2903.6616  0.7586 
   00747    0.3611   -2936.2244  0.7677 
   00748    0.4044   -2906.6371  0.7601 
   00749    0.3944   -2901.5069  0.7619 
   00750    0.4111   -2891.2681  0.7639 
   00751    0.4133   -2907.9663  0.7628 
   00752    0.3678   -2914.2879  0.7653 
   00753    0.3867   -2912.1116  0.7686 
   00754    0.4222   -2912.4776  0.7579 
   00755    0.4089   -2922.3313  0.7513 
   00756    0.3967   -2915.8506  0.7513 
   00757    0.3800   -2901.0829  0.7445 
   00758    0.4056   -2866.0471  0.7396 
   00759    0.4233   -2852.2301  0.7444 
   00760    0.3844   -2869.9615  0.7475 
   00761    0.3911   -2906.7213  0.7626 
   00762    0.3978   -2902.8796  0.7598 
   00763    0.3978   -2880.0746  0.7537 
   00764    0.4089   -2876.6193  0.7552 
   00765    0.4222   -2870.5360  0.7645 
   00766    0.4256   -2847.7161  0.7538 
   00767    0.4011   -2896.1488  0.7636 
   00768    0.3689   -2888.8030  0.7596 
   00769    0.3856   -2877.3627  0.7644 
   00770    0.4211   -2843.8766  0.7562 
   00771    0.4089   -2849.7181  0.7592 
   00772    0.4144   -2866.9351  0.7547 
   00773    0.3967   -2902.0693  0.7709 
   00774    0.3900   -2918.2994  0.7684 
   00775    0.3989   -2906.3776  0.7639 
   00776    0.4056   -2913.5350  0.7657 
   00777    0.4078   -2916.6329  0.7716 
   00778    0.3978   -2927.9864  0.7809 
   00779    0.3911   -2940.8296  0.7926 
   00780    0.3611   -2969.8358  0.7959 
   00781    0.3889   -2913.1544  0.7882 
   00782    0.3778   -2903.3076  0.7913 
   00783    0.4167   -2913.2449  0.7881 
   00784    0.4144   -2912.7436  0.7840 
   00785    0.4100   -2923.7120  0.7877 
   00786    0.3811   -2945.3967  0.7955 
   00787    0.3633   -2945.1710  0.7896 
   00788    0.3878   -2939.6554  0.7921 
   00789    0.4100   -2920.7348  0.7864 
   00790    0.4011   -2889.7475  0.7863 
   00791    0.3956   -2873.9473  0.7806 
   00792    0.4044   -2881.5347  0.7850 
   00793    0.3733   -2910.6490  0.7894 
   00794    0.4033   -2906.8133  0.7938 
   00795    0.4200   -2880.2869  0.7836 
   00796    0.4300   -2909.7260  0.7846 
   00797    0.4033   -2908.4214  0.7866 
   00798    0.3956   -2889.2916  0.7843 
   00799    0.3833   -2883.2905  0.7776 
   00800    0.4178   -2919.4504  0.7862 
   00801    0.3933   -2901.0908  0.7783 
   00802    0.3633   -2932.0806  0.7779 
   00803    0.4033   -2928.1200  0.7794 
   00804    0.4011   -2908.4757  0.7833 
   00805    0.3989   -2885.7972  0.7807 
   00806    0.3856   -2885.0399  0.7818 
   00807    0.3756   -2903.1459  0.7731 
   00808    0.4156   -2889.6945  0.7656 
   00809    0.4167   -2927.8239  0.7743 
   00810    0.3656   -2889.1771  0.7648 
   00811    0.4344   -2885.8414  0.7615 
   00812    0.3978   -2906.5243  0.7754 
   00813    0.3856   -2891.5768  0.7703 
   00814    0.3978   -2887.8529  0.7640 
   00815    0.3933   -2897.4036  0.7529 
   00816    0.3822   -2894.9818  0.7556 
   00817    0.4011   -2870.0216  0.7503 
   00818    0.3911   -2889.4000  0.7579 
   00819    0.3989   -2893.2621  0.7505 
   00820    0.3889   -2945.3184  0.7639 
   00821    0.3967   -2909.5373  0.7578 
   00822    0.4200   -2925.3119  0.7624 
   00823    0.3978   -2916.1164  0.7637 
   00824    0.3944   -2930.3849  0.7626 
   00825    0.3889   -2941.5992  0.7604 
   00826    0.3911   -2916.8660  0.7593 
   00827    0.3811   -2918.1240  0.7554 
   00828    0.4167   -2934.6411  0.7492 
   00829    0.4211   -2880.2736  0.7428 
   00830    0.4033   -2882.6155  0.7404 
   00831    0.4244   -2914.7620  0.7480 
   00832    0.3767   -2903.0102  0.7458 
   00833    0.3778   -2909.6235  0.7543 
   00834    0.3922   -2888.0198  0.7487 
   00835    0.3922   -2867.1953  0.7461 
   00836    0.4233   -2837.9162  0.7400 
   00837    0.3900   -2825.6250  0.7322 
   00838    0.4089   -2825.9904  0.7332 
   00839    0.4289   -2884.7754  0.7502 
   00840    0.4044   -2873.4397  0.7460 
   00841    0.4100   -2873.9060  0.7525 
   00842    0.3778   -2902.0503  0.7584 
   00843    0.3856   -2915.8174  0.7559 
   00844    0.4056   -2914.1628  0.7658 
   00845    0.3844   -2911.0426  0.7666 
   00846    0.3789   -2940.0596  0.7645 
   00847    0.3878   -2950.5800  0.7520 
   00848    0.3833   -2972.4983  0.7529 
   00849    0.3844   -2947.1243  0.7536 
   00850    0.3744   -2947.0522  0.7562 
   00851    0.3944   -2937.1978  0.7518 
   00852    0.4522   -2922.6648  0.7484 
   00853    0.3822   -2914.7177  0.7496 
   00854    0.3856   -2886.6308  0.7468 
   00855    0.4156   -2914.4142  0.7532 
   00856    0.3978   -2898.7777  0.7419 
   00857    0.4022   -2878.6432  0.7378 
   00858    0.4078   -2835.0336  0.7376 
   00859    0.4278   -2842.1537  0.7333 
   00860    0.4233   -2834.1866  0.7275 
   00861    0.4122   -2827.0557  0.7356 
   00862    0.3822   -2878.4032  0.7427 
   00863    0.4322   -2898.4210  0.7352 
   00864    0.3800   -2917.1115  0.7388 
   00865    0.4178   -2864.6747  0.7228 
   00866    0.4022   -2856.4264  0.7246 
   00867    0.3878   -2865.6687  0.7245 
   00868    0.3922   -2831.6933  0.7311 
   00869    0.4267   -2866.2129  0.7320 
   00870    0.3822   -2890.9307  0.7332 
   00871    0.3978   -2854.8346  0.7291 
   00872    0.4189   -2858.5781  0.7219 
   00873    0.4044   -2873.0094  0.7339 
   00874    0.3878   -2883.8869  0.7408 
   00875    0.3978   -2868.7848  0.7411 
   00876    0.4067   -2907.6470  0.7436 
   00877    0.4400   -2902.9978  0.7498 
   00878    0.4011   -2945.6768  0.7585 
   00879    0.3956   -2899.4630  0.7487 
   00880    0.3622   -2889.0623  0.7506 
   00881    0.4300   -2896.3590  0.7466 
   00882    0.4111   -2897.7456  0.7456 
   00883    0.4089   -2940.9833  0.7421 
   00884    0.4111   -2893.2883  0.7324 
   00885    0.3811   -2887.1423  0.7352 
   00886    0.3967   -2860.6187  0.7319 
   00887    0.3989   -2885.9435  0.7324 
   00888    0.4067   -2887.1135  0.7429 
   00889    0.4111   -2868.1944  0.7459 
   00890    0.3989   -2865.2089  0.7447 
   00891    0.3889   -2843.3709  0.7409 
   00892    0.4022   -2877.0146  0.7473 
   00893    0.4111   -2843.6662  0.7452 
   00894    0.4200   -2832.8143  0.7450 
   00895    0.4067   -2847.8793  0.7601 
   00896    0.4322   -2824.9341  0.7510 
   00897    0.4022   -2869.6143  0.7525 
   00898    0.4044   -2861.6726  0.7485 
   00899    0.4156   -2886.4432  0.7525 
   00900    0.4022   -2882.1200  0.7479 
   00901    0.4078   -2882.7251  0.7377 
   00902    0.3944   -2881.7733  0.7539 
   00903    0.4000   -2910.4140  0.7667 
   00904    0.3722   -2898.6620  0.7675 
   00905    0.3978   -2940.9611  0.7751 
   00906    0.4033   -2939.9989  0.7765 
   00907    0.3989   -2900.0779  0.7685 
   00908    0.3844   -2885.6193  0.7626 
   00909    0.4022   -2870.6025  0.7648 
   00910    0.4044   -2907.0365  0.7619 
   00911    0.3744   -2891.2067  0.7667 
   00912    0.4300   -2906.6070  0.7802 
   00913    0.3978   -2891.5819  0.7822 
   00914    0.4189   -2872.5866  0.7786 
   00915    0.3700   -2868.5669  0.7757 
   00916    0.4222   -2862.4337  0.7705 
   00917    0.3967   -2879.4097  0.7773 
   00918    0.4222   -2851.8204  0.7711 
   00919    0.3967   -2839.3050  0.7673 
   00920    0.4000   -2828.1065  0.7638 
   00921    0.4011   -2853.4646  0.7561 
   00922    0.4167   -2847.2373  0.7600 
   00923    0.3878   -2874.5915  0.7624 
   00924    0.3756   -2913.5328  0.7598 
   00925    0.4033   -2912.9516  0.7576 
   00926    0.4122   -2905.0920  0.7625 
   00927    0.3744   -2908.4264  0.7760 
   00928    0.4033   -2881.8996  0.7668 
   00929    0.3833   -2908.8234  0.7775 
   00930    0.3978   -2904.5140  0.7736 
   00931    0.3889   -2890.2729  0.7758 
   00932    0.3878   -2855.1667  0.7672 
   00933    0.3844   -2819.3718  0.7633 
   00934    0.3833   -2883.5105  0.7787 
   00935    0.3878   -2901.2273  0.7855 
   00936    0.4189   -2932.1409  0.7873 
   00937    0.4033   -2919.0702  0.7717 
   00938    0.3611   -2930.6287  0.7831 
   00939    0.3511   -2939.5063  0.7833 
   00940    0.4378   -2920.2750  0.7778 
   00941    0.3822   -2908.1185  0.7814 
   00942    0.4111   -2943.0299  0.7915 
   00943    0.3956   -2942.0308  0.7921 
   00944    0.3900   -2925.8031  0.7883 
   00945    0.3856   -2931.6050  0.7991 
   00946    0.4167   -2908.6909  0.7992 
   00947    0.3944   -2932.4382  0.8031 
   00948    0.3344   -2908.5307  0.8019 
   00949    0.3811   -2876.3968  0.7870 
   00950    0.4089   -2876.7547  0.7773 
   00951    0.3822   -2891.9295  0.7730 
   00952    0.3978   -2873.8372  0.7672 
   00953    0.4111   -2881.0301  0.7621 
   00954    0.3778   -2899.3534  0.7635 
   00955    0.3889   -2880.5472  0.7586 
   00956    0.3833   -2923.5027  0.7606 
   00957    0.4144   -2932.4011  0.7530 
   00958    0.3767   -2895.5429  0.7515 
   00959    0.3944   -2889.5933  0.7509 
   00960    0.3944   -2874.5560  0.7563 
   00961    0.4133   -2882.2301  0.7555 
   00962    0.4011   -2909.4666  0.7571 
   00963    0.4033   -2920.7109  0.7485 
   00964    0.4244   -2920.4802  0.7478 
   00965    0.4056   -2938.4274  0.7444 
   00966    0.3833   -2901.2278  0.7424 
   00967    0.4022   -2921.6438  0.7479 
   00968    0.4144   -2920.3941  0.7443 
   00969    0.4211   -2901.6933  0.7343 
   00970    0.3878   -2903.3595  0.7394 
   00971    0.4078   -2911.2643  0.7428 
   00972    0.4156   -2899.2690  0.7349 
   00973    0.4111   -2818.0423  0.7207 
   00974    0.4144   -2835.0582  0.7212 
   00975    0.4167   -2869.7333  0.7253 
   00976    0.4056   -2882.5342  0.7284 
   00977    0.4111   -2875.0059  0.7304 
   00978    0.3800   -2864.2261  0.7296 
   00979    0.3811   -2853.8137  0.7281 
   00980    0.4256   -2845.5190  0.7283 
   00981    0.4022   -2845.0448  0.7274 
   00982    0.4200   -2818.0208  0.7291 
   00983    0.4222   -2849.4956  0.7414 
   00984    0.4022   -2838.4401  0.7485 
   00985    0.4111   -2831.9369  0.7350 
   00986    0.3833   -2830.0518  0.7397 
   00987    0.4311   -2789.3177  0.7289 
   00988    0.4200   -2807.8469  0.7253 
   00989    0.4000   -2823.1234  0.7384 
   00990    0.3900   -2868.8936  0.7448 
   00991    0.4122   -2925.2369  0.7561 
   00992    0.4111   -2930.4606  0.7565 
   00993    0.3833   -2914.5567  0.7511 
   00994    0.4033   -2877.7453  0.7371 
   00995    0.3911   -2874.8614  0.7414 
   00996    0.4289   -2861.4643  0.7400 
   00997    0.3856   -2851.1021  0.7380 
   00998    0.4156   -2846.8362  0.7341 
   00999    0.4078   -2813.6157  0.7177 
   01000    0.3856   -2848.0299  0.7237 
