#=====================================================
# File created:        Mon-16-Feb-2026-at-01-54-47PM
# Size of lattice:     100x100
# Number of MC steps:  1000
# Reduced temperature: 0.650
# Run time (s):        69.684180
#=====================================================
# MC step:  Ratio:     Energy:   Order:
#=====================================================
   00000    0.5000  -10482.0966  0.2546 
   00001    0.6726  -15606.9859  0.2634 
   00002    0.6017  -18705.6435  0.2622 
   00003    0.5668  -20427.6143  0.2635 
   00004    0.5452  -21801.2608  0.2690 
   00005    0.5208  -22809.5134  0.2722 
   00006    0.5098  -23644.3385  0.2714 
   00007    0.5002  -24434.7015  0.2741 
   00008    0.4905  -25097.8882  0.2735 
   00009    0.4807  -25676.9878  0.2751 
   00010    0.4823  -26145.7603  0.2758 
   00011    0.4801  -26370.2361  0.2713 
   00012    0.4744  -26760.2773  0.2744 
   00013    0.4658  -26892.6415  0.2799 
   00014    0.4521  -27266.4865  0.2825 
   00015    0.4467  -27360.3194  0.2809 
   00016    0.4475  -27495.6789  0.2885 
   00017    0.4545  -27637.9459  0.2914 
   00018    0.4413  -27847.5242  0.2880 
   00019    0.4421  -28003.2854  0.2877 
   00020    0.4488  -28217.0140  0.2883 
   00021    0.4389  -28407.8858  0.2899 
   00022    0.4400  -28561.0767  0.2894 
   00023    0.4398  -28721.9687  0.2917 
   00024    0.4391  -28875.5483  0.2983 
   00025    0.4419  -28954.2619  0.2990 
   00026    0.4362  -29007.5184  0.3027 
   00027    0.4339  -29044.2698  0.2981 
   00028    0.4401  -29075.2260  0.2959 
   00029    0.4331  -29179.1837  0.2952 
   00030    0.4341  -29110.2961  0.2946 
   00031    0.4286  -29195.4998  0.2959 
   00032    0.4367  -29224.9364  0.2972 
   00033    0.4319  -29269.0952  0.3020 
   00034    0.4392  -29322.6130  0.3001 
   00035    0.4263  -29428.7028  0.3000 
   00036    0.4294  -29398.5177  0.3016 
   00037    0.4342  -29515.9326  0.2981 
   00038    0.4244  -29487.5427  0.3006 
   00039    0.4307  -29547.6269  0.3023 
   00040    0.4255  -29620.3267  0.3069 
   00041    0.4191  -29665.2285  0.3059 
   00042    0.4249  -29733.3776  0.3055 
   00043    0.4254  -29859.2718  0.3081 
   00044    0.4255  -29957.2913  0.3054 
   00045    0.4295  -29953.2806  0.3085 
   00046    0.4296  -29934.3318  0.3057 
   00047    0.4168  -29976.8971  0.3078 
   00048    0.4243  -29941.7832  0.3091 
   00049    0.4246  -29965.9794  0.3092 
   00050    0.4281  -30112.0994  0.3080 
   00051    0.4183  -30205.5628  0.3076 
   00052    0.4139  -30255.2629  0.3132 
   00053    0.4240  -30335.5596  0.3183 
   00054    0.4205  -30308.8720  0.3196 
   00055    0.4152  -30285.7110  0.3219 
   00056    0.4207  -30272.7142  0.3191 
   00057    0.4184  -30379.4075  0.3182 
   00058    0.4176  -30380.5403  0.3165 
   00059    0.4192  -30531.6896  0.3159 
   00060    0.4176  -30519.4938  0.3133 
   00061    0.4128  -30596.0983  0.3146 
   00062    0.4143  -30522.5982  0.3131 
   00063    0.4219  -30544.4027  0.3146 
   00064    0.4164  -30577.2679  0.3147 
   00065    0.4074  -30581.4735  0.3126 
   00066    0.4213  -30674.3605  0.3138 
   00067    0.4297  -30710.5900  0.3099 
   00068    0.4048  -30779.5738  0.3111 
   00069    0.4112  -30894.5398  0.3105 
   00070    0.4129  -30864.4367  0.3145 
   00071    0.4195  -30887.1225  0.3194 
   00072    0.4073  -30767.6392  0.3163 
   00073    0.4211  -30804.0563  0.3110 
   00074    0.4119  -30798.8214  0.3088 
   00075    0.4164  -30689.6467  0.3119 
   00076    0.4091  -30671.9168  0.3075 
   00077    0.4163  -30641.6309  0.3081 
   00078    0.4133  -30734.6251  0.3095 
   00079    0.4153  -30779.4320  0.3091 
   00080    0.4249  -30755.2168  0.3092 
   00081    0.4093  -30733.6567  0.3044 
   00082    0.4142  -30790.5341  0.3043 
   00083    0.4095  -30980.8827  0.3030 
   00084    0.4203  -31041.4674  0.3030 
   00085    0.4104  -31101.9011  0.3003 
   00086    0.4131  -31139.3063  0.2957 
   00087    0.4133  -31136.5857  0.2968 
   00088    0.4038  -31146.4999  0.2986 
   00089    0.4105  -31138.2001  0.2960 
   00090    0.4052  -31004.4393  0.2959 
   00091    0.4083  -30894.7031  0.2911 
   00092    0.4211  -30949.7018  0.2944 
   00093    0.4134  -31106.5253  0.2972 
   00094    0.4101  -31095.3232  0.2967 
   00095    0.4060  -30986.5290  0.2957 
   00096    0.4090  -30795.5486  0.2943 
   00097    0.4094  -30803.0624  0.2931 
   00098    0.4116  -30778.9902  0.2963 
   00099    0.4162  -30578.5513  0.2946 
   00100    0.4199  -30651.5967  0.2937 
   00101    0.4117  -30797.4229  0.2897 
   00102    0.4074  -30773.2898  0.2899 
   00103    0.4142  -30819.4537  0.2911 
   00104    0.4078  -30984.9051  0.2894 
   00105    0.4127  -31060.0244  0.2874 
   00106    0.4113  -31022.2692  0.2929 
   00107    0.4158  -30949.0529  0.2937 
   00108    0.4124  -30979.0273  0.2933 
   00109    0.4081  -31016.0185  0.2920 
   00110    0.4095  -31077.2094  0.2905 
   00111    0.4157  -31142.9702  0.2914 
   00112    0.4049  -31182.1010  0.2908 
   00113    0.4190  -31171.6297  0.2874 
   00114    0.4100  -31128.3425  0.2869 
   00115    0.4080  -31063.7997  0.2859 
   00116    0.4055  -31008.0425  0.2856 
   00117    0.4053  -31053.5003  0.2832 
   00118    0.4152  -30991.1935  0.2835 
   00119    0.4115  -30942.6122  0.2811 
   00120    0.4039  -31021.3786  0.2866 
   00121    0.4165  -31000.7278  0.2841 
   00122    0.4070  -30992.1887  0.2810 
   00123    0.4051  -31197.3641  0.2837 
   00124    0.4156  -31283.2580  0.2821 
   00125    0.4151  -31180.1994  0.2845 
   00126    0.4083  -31068.9697  0.2851 
   00127    0.4013  -31039.3270  0.2860 
   00128    0.4083  -30900.4963  0.2862 
   00129    0.4061  -30890.4797  0.2863 
   00130    0.4029  -31018.9118  0.2888 
   00131    0.4047  -31108.0154  0.2849 
   00132    0.3990  -31171.2415  0.2891 
   00133    0.4116  -31222.8598  0.2897 
   00134    0.4077  -31210.7369  0.2933 
   00135    0.4083  -31160.5605  0.2913 
   00136    0.4009  -31231.5705  0.2926 
   00137    0.4119  -31183.0765  0.2930 
   00138    0.4112  -31167.0740  0.2947 
   00139    0.4037  -31206.2024  0.2947 
   00140    0.4050  -31317.5483  0.2948 
   00141    0.4008  -31240.8884  0.2967 
   00142    0.4094  -31192.5991  0.2942 
   00143    0.4066  -31024.4097  0.2927 
   00144    0.4144  -31015.7655  0.2882 
   00145    0.4113  -31098.1444  0.2902 
   00146    0.4082  -31081.4033  0.2881 
   00147    0.4082  -31202.9767  0.2857 
   00148    0.4080  -31254.6532  0.2869 
   00149    0.3998  -31273.4718  0.2875 
   00150    0.4064  -31313.3193  0.2836 
   00151    0.4025  -31322.9769  0.2900 
   00152    0.4071  -31263.7514  0.2920 
   00153    0.4041  -31226.3010  0.2898 
   00154    0.4091  -31219.5523  0.2916 
   00155    0.4010  -31271.0494  0.2950 
   00156    0.4101  -31289.3465  0.2984 
   00157    0.4102  -31223.1042  0.2978 
   00158    0.4098  -31100.4547  0.3015 
   00159    0.4069  -31104.6218  0.3023 
   00160    0.4022  -31115.8391  0.3020 
   00161    0.4074  -31222.9618  0.3052 
   00162    0.4028  -31217.5857  0.3009 
   00163    0.4139  -31140.6022  0.2992 
   00164    0.4085  -31288.6328  0.2982 
   00165    0.4048  -31378.7676  0.2982 
   00166    0.4139  -31314.9268  0.3026 
   00167    0.4033  -31370.5046  0.3025 
   00168    0.4093  -31349.5210  0.2958 
   00169    0.4105  -31382.8390  0.2938 
   00170    0.3922  -31466.5601  0.2962 
   00171    0.4142  -31375.5132  0.2939 
   00172    0.4023  -31370.7139  0.2925 
   00173    0.4039  -31331.4027  0.2922 
   00174    0.4124  -31260.7810  0.2919 
   00175    0.4025  -31311.9546  0.2953 
   00176    0.4102  -31291.8341  0.2951 
   00177    0.4095  -31298.5413  0.2947 
   00178    0.4210  -31400.0333  0.2977 
   00179    0.4107  -31576.9522  0.2991 
   00180    0.3949  -31429.6690  0.3002 
   00181    0.4026  -31519.0533  0.2967 
   00182    0.3997  -31472.7264  0.2972 
   00183    0.4091  -31451.1119  0.2963 
   00184    0.4126  -31482.9098  0.2982 
   00185    0.4110  -31482.0027  0.2949 
   00186    0.4056  -31294.3774  0.2955 
   00187    0.4082  -31342.2169  0.2934 
   00188    0.4039  -31448.9983  0.2930 
   00189    0.4017  -31450.4087  0.2946 
   00190    0.4137  -31356.9577  0.2924 
   00191    0.4092  -31341.5208  0.2965 
   00192    0.4062  -31367.9208  0.2938 
   00193    0.4159  -31288.8761  0.2942 
   00194    0.4087  -31198.6857  0.2952 
   00195    0.4105  -31323.3565  0.2956 
   00196    0.4031  -31344.0321  0.3007 
   00197    0.4132  -31304.2429  0.2995 
   00198    0.4070  -31263.7478  0.2998 
   00199    0.4075  -31198.9369  0.3016 
   00200    0.4101  -31158.3956  0.2998 
   00201    0.4032  -31200.6232  0.2996 
   00202    0.4082  -31342.4126  0.3022 
   00203    0.4035  -31325.5687  0.3027 
   00204    0.4107  -31318.1889  0.3051 
   00205    0.4055  -31336.8467  0.3030 
   00206    0.4075  -31277.3819  0.2995 
   00207    0.3971  -31277.6177  0.2974 
   00208    0.4051  -31294.8451  0.2982 
   00209    0.4042  -31345.8091  0.2980 
   00210    0.4119  -31420.3736  0.3040 
   00211    0.4063  -31319.1318  0.3044 
   00212    0.4159  -31392.4933  0.3055 
   00213    0.4091  -31416.4864  0.3075 
   00214    0.4077  -31433.0275  0.3031 
   00215    0.3988  -31488.2788  0.3044 
   00216    0.4069  -31575.4012  0.3031 
   00217    0.4035  -31508.0908  0.3032 
   00218    0.4104  -31536.2886  0.3020 
   00219    0.4080  -31582.1259  0.3087 
   00220    0.4014  -31482.4737  0.3079 
   00221    0.4033  -31403.3776  0.3111 
   00222    0.4005  -31427.8391  0.3178 
   00223    0.4120  -31428.5519  0.3145 
   00224    0.4120  -31418.9618  0.3134 
   00225    0.4051  -31456.7201  0.3116 
   00226    0.4132  -31470.2264  0.3110 
   00227    0.4030  -31440.2423  0.3103 
   00228    0.4053  -31379.9267  0.3116 
   00229    0.4041  -31536.9573  0.3117 
   00230    0.4057  -31496.6943  0.3074 
   00231    0.4055  -31421.0867  0.3107 
   00232    0.4077  -31448.6942  0.3106 
   00233    0.4105  -31380.0090  0.3116 
   00234    0.4028  -31498.3784  0.3131 
   00235    0.4071  -31456.4102  0.3097 
   00236    0.4063  -31477.0228  0.3103 
   00237    0.4112  -31546.6527  0.3149 
   00238    0.4085  -31577.9513  0.3130 
   00239    0.4100  -31529.9139  0.3129 
   00240    0.4159  -31373.5877  0.3132 
   00241    0.4084  -31482.9992  0.3159 
   00242    0.4096  -31458.3477  0.3142 
   00243    0.4123  -31546.5240  0.3111 
   00244    0.4048  -31590.7424  0.3089 
   00245    0.4060  -31438.4620  0.3110 
   00246    0.4062  -31504.7420  0.3108 
   00247    0.4118  -31553.8028  0.3114 
   00248    0.4083  -31407.0658  0.3098 
   00249    0.4072  -31333.8282  0.3133 
   00250    0.4101  -31431.0912  0.3135 
   00251    0.3957  -31366.0414  0.3153 
   00252    0.4007  -31432.7636  0.3136 
   00253    0.3968  -31474.5822  0.3084 
   00254    0.4047  -31502.2575  0.3074 
   00255    0.3991  -31478.4373  0.3035 
   00256    0.4048  -31504.5311  0.3024 
   00257    0.4037  -31462.7162  0.3025 
   00258    0.4104  -31330.4916  0.3008 
   00259    0.4041  -31495.7447  0.2982 
   00260    0.4038  -31487.8944  0.3009 
   00261    0.4095  -31501.6168  0.2996 
   00262    0.4002  -31465.3028  0.3043 
   00263    0.4103  -31365.2050  0.3054 
   00264    0.4101  -31420.7028  0.3056 
   00265    0.4067  -31402.4409  0.3042 
   00266    0.4052  -31394.3975  0.3057 
   00267    0.3928  -31383.8696  0.3010 
   00268    0.4047  -31595.6710  0.3010 
   00269    0.4023  -31600.6350  0.3001 
   00270    0.4072  -31628.3653  0.2995 
   00271    0.3987  -31578.8641  0.2954 
   00272    0.4142  -31466.9952  0.3000 
   00273    0.4072  -31509.2079  0.2986 
   00274    0.4027  -31619.9926  0.3015 
   00275    0.4023  -31517.9958  0.3013 
   00276    0.4076  -31502.3129  0.2983 
   00277    0.4037  -31526.8918  0.2962 
   00278    0.4071  -31508.3067  0.2942 
   00279    0.4086  -31356.7887  0.2941 
   00280    0.4087  -31407.6618  0.2949 
   00281    0.4117  -31412.6664  0.2954 
   00282    0.4099  -31504.4395  0.3009 
   00283    0.4029  -31455.6715  0.3030 
   00284    0.4126  -31570.6895  0.3043 
   00285    0.4055  -31465.3380  0.3035 
   00286    0.4104  -31341.4682  0.3033 
   00287    0.4014  -31432.6551  0.3002 
   00288    0.4002  -31475.1242  0.2985 
   00289    0.4050  -31467.9049  0.2974 
   00290    0.4094  -31445.1764  0.2960 
   00291    0.4054  -31479.3566  0.2958 
   00292    0.4092  -31548.8575  0.3024 
   00293    0.4049  -31477.2734  0.3027 
   00294    0.4046  -31356.3538  0.3001 
   00295    0.4045  -31373.5692  0.3016 
   00296    0.3953  -31320.7245  0.3027 
   00297    0.4121  -31533.6443  0.3005 
   00298    0.4118  -31686.9417  0.3060 
   00299    0.4045  -31787.4532  0.3048 
   00300    0.4061  -31718.5812  0.3018 
   00301    0.4069  -31612.4321  0.2987 
   00302    0.3966  -31597.2177  0.2959 
   00303    0.4061  -31533.5497  0.2943 
   00304    0.4076  -31575.1232  0.2963 
   00305    0.4126  -31500.8213  0.3016 
   00306    0.4017  -31658.0140  0.3031 
   00307    0.4107  -31742.3262  0.3018 
   00308    0.4023  -31779.6259  0.2967 
   00309    0.4085  -31742.0738  0.2991 
   00310    0.3905  -31726.9786  0.2961 
   00311    0.4015  -31658.5491  0.3000 
   00312    0.4051  -31680.0165  0.2987 
   00313    0.4038  -31573.0139  0.3022 
   00314    0.4048  -31530.7452  0.3050 
   00315    0.4089  -31481.9031  0.3038 
   00316    0.4112  -31442.6856  0.3042 
   00317    0.4106  -31369.3614  0.3029 
   00318    0.4128  -31387.3251  0.3027 
   00319    0.4126  -31326.9161  0.3014 
   00320    0.3984  -31447.5333  0.3023 
   00321    0.4075  -31479.3473  0.3017 
   00322    0.4127  -31428.3537  0.3021 
   00323    0.4059  -31428.9428  0.3073 
   00324    0.3999  -31543.5667  0.3104 
   00325    0.4062  -31561.1321  0.3112 
   00326    0.4100  -31598.7271  0.3115 
   00327    0.4028  -31615.6870  0.3121 
   00328    0.4000  -31564.7694  0.3126 
   00329    0.4088  -31514.6043  0.3104 
   00330    0.4038  -31432.6933  0.3069 
   00331    0.3981  -31328.1168  0.3107 
   00332    0.4044  -31395.6960  0.3131 
   00333    0.4039  -31416.2882  0.3167 
   00334    0.3995  -31464.5551  0.3206 
   00335    0.4068  -31418.3050  0.3180 
   00336    0.4091  -31447.9622  0.3133 
   00337    0.4114  -31452.2990  0.3091 
   00338    0.4014  -31408.1431  0.3111 
   00339    0.4017  -31570.6999  0.3122 
   00340    0.4064  -31418.2776  0.3127 
   00341    0.4061  -31461.6714  0.3160 
   00342    0.4053  -31503.8071  0.3131 
   00343    0.4150  -31615.8824  0.3156 
   00344    0.4080  -31638.9705  0.3139 
   00345    0.3985  -31562.0427  0.3129 
   00346    0.4004  -31548.5147  0.3135 
   00347    0.3962  -31434.7785  0.3125 
   00348    0.4120  -31431.0562  0.3125 
   00349    0.3938  -31420.5515  0.3146 
   00350    0.4051  -31362.6058  0.3166 
   00351    0.4029  -31346.6676  0.3213 
   00352    0.4148  -31356.5198  0.3229 
   00353    0.4046  -31339.5749  0.3252 
   00354    0.4104  -31325.5093  0.3263 
   00355    0.4030  -31376.7988  0.3284 
   00356    0.4101  -31303.9678  0.3260 
   00357    0.4130  -31223.2539  0.3232 
   00358    0.4114  -31343.1983  0.3273 
   00359    0.4159  -31244.2092  0.3245 
   00360    0.4016  -31351.6563  0.3255 
   00361    0.4121  -31279.5241  0.3231 
   00362    0.4091  -31352.5363  0.3244 
   00363    0.4106  -31283.2549  0.3231 
   00364    0.4109  -31246.4333  0.3261 
   00365    0.4069  -31264.0640  0.3276 
   00366    0.4120  -31451.0379  0.3258 
   00367    0.4071  -31395.0194  0.3259 
   00368    0.4059  -31490.1578  0.3262 
   00369    0.4168  -31440.7904  0.3257 
   00370    0.4039  -31445.5379  0.3293 
   00371    0.4025  -31459.5803  0.3264 
   00372    0.4030  -31491.6091  0.3290 
   00373    0.4028  -31562.6422  0.3293 
   00374    0.4050  -31539.9284  0.3319 
   00375    0.4092  -31508.3041  0.3320 
   00376    0.4036  -31499.1236  0.3325 
   00377    0.4059  -31469.0554  0.3319 
   00378    0.4105  -31435.5351  0.3289 
   00379    0.4021  -31477.2344  0.3287 
   00380    0.3994  -31400.8038  0.3227 
   00381    0.4127  -31528.1993  0.3231 
   00382    0.4146  -31604.1408  0.3279 
   00383    0.4098  -31569.5604  0.3199 
   00384    0.4049  -31594.1054  0.3230 
   00385    0.4093  -31562.7033  0.3226 
   00386    0.3971  -31630.9332  0.3209 
   00387    0.4016  -31596.3758  0.3212 
   00388    0.4122  -31556.6022  0.3200 
   00389    0.4051  -31478.7250  0.3237 
   00390    0.4079  -31622.8785  0.3254 
   00391    0.4108  -31600.4689  0.3246 
   00392    0.4020  -31588.8238  0.3271 
   00393    0.4153  -31664.6519  0.3257 
   00394    0.4039  -31751.2447  0.3289 
   00395    0.4022  -31723.5774  0.3330 
   00396    0.4040  -31856.1361  0.3348 
   00397    0.4025  -31828.6965  0.3360 
   00398    0.4091  -31795.0260  0.3368 
   00399    0.4051  -31656.0930  0.3343 
   00400    0.4048  -31586.7004  0.3352 
   00401    0.4015  -31522.7320  0.3330 
   00402    0.4042  -31638.0862  0.3315 
   00403    0.4055  -31595.1676  0.3292 
   00404    0.4048  -31673.7871  0.3335 
   00405    0.4089  -31755.1919  0.3366 
   00406    0.4005  -31733.4438  0.3385 
   00407    0.4090  -31724.7465  0.3382 
   00408    0.4046  -31663.4461  0.3347 
   00409    0.3954  -31799.5446  0.3346 
   00410    0.4103  -31676.5460  0.3369 
   00411    0.4039  -31535.1469  0.3377 
   00412    0.4039  -31502.5136  0.3348 
   00413    0.4064  -31485.6848  0.3369 
   00414    0.4064  -31442.9554  0.3377 
   00415    0.3978  -31528.8889  0.3364 
   00416    0.4037  -31391.3694  0.3375 
   00417    0.4059  -31401.2974  0.3394 
   00418    0.4097  -31416.5597  0.3358 
   00419    0.3995  -31322.1895  0.3349 
   00420    0.3995  -31375.1902  0.3342 
   00421    0.4056  -31358.8630  0.3306 
   00422    0.4024  -31510.2941  0.3309 
   00423    0.4046  -31494.3554  0.3265 
   00424    0.4068  -31541.4135  0.3278 
   00425    0.4069  -31603.5762  0.3305 
   00426    0.4046  -31614.8622  0.3339 
   00427    0.4036  -31566.5549  0.3326 
   00428    0.4001  -31541.2062  0.3350 
   00429    0.3985  -31644.4624  0.3321 
   00430    0.4097  -31667.1395  0.3309 
   00431    0.4104  -31607.8132  0.3276 
   00432    0.4139  -31598.9712  0.3335 
   00433    0.4051  -31547.8398  0.3354 
   00434    0.4007  -31522.1417  0.3294 
   00435    0.3992  -31597.0865  0.3323 
   00436    0.4012  -31651.7524  0.3334 
   00437    0.4033  -31764.4258  0.3338 
   00438    0.3959  -31939.0889  0.3337 
   00439    0.4105  -31975.8433  0.3318 
   00440    0.4059  -31870.9991  0.3302 
   00441    0.4007  -31688.6473  0.3297 
   00442    0.4011  -31682.7089  0.3270 
   00443    0.3987  -31659.3502  0.3246 
   00444    0.4015  -31811.7915  0.3265 
   00445    0.4061  -31774.6132  0.3264 
   00446    0.4035  -31637.9146  0.3267 
   00447    0.4027  -31658.6146  0.3249 
   00448    0.4031  -31686.1337  0.3204 
   00449    0.4010  -31643.5840  0.3198 
   00450    0.4045  -31650.8547  0.3194 
   00451    0.4048  -31813.8479  0.3194 
   00452    0.4119  -31789.1736  0.3226 
   00453    0.4049  -31643.5235  0.3248 
   00454    0.4029  -31647.5825  0.3210 
   00455    0.4022  -31640.8529  0.3185 
   00456    0.4040  -31654.8237  0.3221 
   00457    0.4051  -31649.1905  0.3231 
   00458    0.4060  -31673.3370  0.3203 
   00459    0.4148  -31757.7122  0.3193 
   00460    0.4041  -31668.3622  0.3198 
   00461    0.4040  -31702.4558  0.3212 
   00462    0.4084  -31675.1703  0.3185 
   00463    0.4050  -31626.5951  0.3191 
   00464    0.4025  -31636.3468  0.3203 
   00465    0.3945  -31758.0877  0.3201 
   00466    0.3974  -31696.5519  0.3192 
   00467    0.4090  -31688.2726  0.3248 
   00468    0.4103  -31567.9281  0.3209 
   00469    0.4150  -31396.6047  0.3196 
   00470    0.4011  -31453.6770  0.3204 
   00471    0.4038  -31431.8906  0.3168 
   00472    0.4067  -31521.2057  0.3152 
   00473    0.3991  -31591.3049  0.3185 
   00474    0.4005  -31624.5994  0.3164 
   00475    0.4055  -31615.3514  0.3134 
   00476    0.4150  -31649.5308  0.3159 
   00477    0.3935  -31655.3640  0.3174 
   00478    0.4088  -31646.7779  0.3166 
   00479    0.4076  -31591.1925  0.3183 
   00480    0.4055  -31685.2986  0.3235 
   00481    0.4102  -31635.5916  0.3252 
   00482    0.3957  -31534.1860  0.3222 
   00483    0.3972  -31519.9263  0.3207 
   00484    0.4101  -31480.8292  0.3184 
   00485    0.3996  -31737.0184  0.3230 
   00486    0.4058  -31715.7062  0.3258 
   00487    0.3990  -31739.9274  0.3244 
   00488    0.3977  -31710.5987  0.3239 
   00489    0.4040  -31597.6030  0.3220 
   00490    0.4005  -31404.7906  0.3177 
   00491    0.3997  -31440.2262  0.3202 
   00492    0.4051  -31595.4636  0.3189 
   00493    0.4056  -31596.4815  0.3223 
   00494    0.4117  -31578.1797  0.3244 
   00495    0.4011  -31602.5824  0.3249 
   00496    0.4125  -31673.6005  0.3248 
   00497    0.4010  -31576.5181  0.3267 
   00498    0.4035  -31663.6163  0.3267 
   00499    0.4116  -31707.7651  0.3268 
   00500    0.4070  -31634.2278  0.3272 
   00501    0.4024  -31755.2932  0.3284 
   00502    0.4053  -31828.5323  0.3323 
   00503    0.3996  -31832.4103  0.3250 
   00504    0.3996  -31815.4454  0.3290 
   00505    0.4097  -31686.7237  0.3255 
   00506    0.4106  -31563.6078  0.3266 
   00507    0.4039  -31564.9939  0.3283 
   00508    0.4020  -31631.1561  0.3316 
   00509    0.3988  -31630.6414  0.3328 
   00510    0.4085  -31601.1559  0.3351 
   00511    0.4112  -31600.0909  0.3391 
   00512    0.4158  -31687.4670  0.3397 
   00513    0.3986  -31752.6786  0.3410 
   00514    0.4060  -31661.3871  0.3453 
   00515    0.4029  -31780.3085  0.3445 
   00516    0.3948  -31684.2466  0.3433 
   00517    0.4087  -31569.9106  0.3434 
   00518    0.4013  -31625.3973  0.3425 
   00519    0.4031  -31683.9109  0.3397 
   00520    0.4051  -31648.8955  0.3382 
   00521    0.3927  -31667.8767  0.3432 
   00522    0.3996  -31618.2565  0.3395 
   00523    0.4080  -31592.1730  0.3412 
   00524    0.4011  -31582.2662  0.3383 
   00525    0.4099  -31567.6509  0.3403 
   00526    0.3950  -31545.4046  0.3391 
   00527    0.4006  -31565.4346  0.3331 
   00528    0.4039  -31608.3104  0.3365 
   00529    0.4051  -31551.6764  0.3342 
   00530    0.4051  -31512.8519  0.3328 
   00531    0.4134  -31570.8745  0.3346 
   00532    0.3996  -31550.5831  0.3373 
   00533    0.4100  -31624.1195  0.3355 
   00534    0.3994  -31576.4980  0.3330 
   00535    0.4090  -31546.8327  0.3355 
   00536    0.4093  -31654.5275  0.3353 
   00537    0.3944  -31520.5519  0.3354 
   00538    0.4097  -31511.0733  0.3373 
   00539    0.4008  -31431.4567  0.3362 
   00540    0.4005  -31552.6333  0.3334 
   00541    0.4003  -31593.1741  0.3315 
   00542    0.4084  -31572.7970  0.3332 
   00543    0.4078  -31516.5273  0.3347 
   00544    0.4006  -31672.5169  0.3399 
   00545    0.4019  -31545.0478  0.3354 
   00546    0.4010  -31555.1266  0.3359 
   00547    0.4069  -31648.4307  0.3340 
   00548    0.4002  -31735.1875  0.3336 
   00549    0.4003  -31651.1696  0.3344 
   00550    0.4062  -31606.1414  0.3338 
   00551    0.4007  -31665.0950  0.3354 
   00552    0.4030  -31706.8497  0.3370 
   00553    0.4030  -31646.5191  0.3361 
   00554    0.4067  -31668.8125  0.3366 
   00555    0.3994  -31549.4223  0.3291 
   00556    0.3983  -31513.5795  0.3307 
   00557    0.4006  -31503.1210  0.3288 
   00558    0.4067  -31432.3014  0.3298 
   00559    0.4012  -31521.0883  0.3296 
   00560    0.4077  -31529.0237  0.3302 
   00561    0.4087  -31474.4800  0.3278 
   00562    0.4032  -31490.2304  0.3306 
   00563    0.4023  -31487.9923  0.3305 
   00564    0.4072  -31537.5189  0.3271 
   00565    0.4071  -31470.3977  0.3295 
   00566    0.4004  -31502.3587  0.3269 
   00567    0.4097  -31549.8114  0.3282 
   00568    0.4046  -31555.2454  0.3320 
   00569    0.4144  -31577.5620  0.3312 
   00570    0.4039  -31655.6672  0.3319 
   00571    0.4100  -31723.2303  0.3295 
   00572    0.4019  -31620.2858  0.3284 
   00573    0.3914  -31704.0376  0.3302 
   00574    0.3968  -31550.5513  0.3289 
   00575    0.4047  -31614.4524  0.3331 
   00576    0.4076  -31627.1443  0.3349 
   00577    0.4138  -31673.9064  0.3403 
   00578    0.3953  -31646.2941  0.3435 
   00579    0.4024  -31685.0512  0.3417 
   00580    0.4071  -31637.1019  0.3411 
   00581    0.4025  -31612.8114  0.3395 
   00582    0.4136  -31709.1827  0.3362 
   00583    0.4049  -31737.6502  0.3356 
   00584    0.4004  -31780.7865  0.3355 
   00585    0.3893  -31657.1724  0.3372 
   00586    0.4005  -31511.6859  0.3356 
   00587    0.4080  -31595.7946  0.3356 
   00588    0.4038  -31608.7746  0.3344 
   00589    0.3969  -31742.9638  0.3325 
   00590    0.4051  -31718.8786  0.3365 
   00591    0.4095  -31716.0961  0.3343 
   00592    0.3979  -31806.1683  0.3344 
   00593    0.4032  -31675.4153  0.3332 
   00594    0.4042  -31737.7411  0.3321 
   00595    0.4020  -31594.8393  0.3286 
   00596    0.4096  -31503.0263  0.3281 
   00597    0.4141  -31625.6072  0.3273 
   00598    0.3931  -31586.0789  0.3300 
   00599    0.3948  -31614.9010  0.3297 
   00600    0.4101  -31697.4308  0.3315 
   00601    0.4014  -31561.5951  0.3271 
   00602    0.4095  -31490.6829  0.3301 
   00603    0.4065  -31431.6698  0.3289 
   00604    0.4045  -31420.0293  0.3270 
   00605    0.4073  -31474.4236  0.3240 
   00606    0.3964  -31675.0548  0.3234 
   00607    0.3991  -31719.5620  0.3244 
   00608    0.4081  -31706.5249  0.3267 
   00609    0.4020  -31731.6721  0.3252 
   00610    0.4065  -31765.0907  0.3280 
   00611    0.4106  -31721.3640  0.3272 
   00612    0.4024  -31629.1828  0.3278 
   00613    0.3963  -31572.8329  0.3266 
   00614    0.4034  -31673.8605  0.3265 
   00615    0.4000  -31683.3396  0.3256 
   00616    0.4043  -31712.4630  0.3265 
   00617    0.4057  -31665.7615  0.3234 
   00618    0.4009  -31714.8635  0.3234 
   00619    0.4108  -31739.2211  0.3244 
   00620    0.4005  -31735.9313  0.3227 
   00621    0.4065  -31679.1526  0.3259 
   00622    0.3992  -31772.0283  0.3247 
   00623    0.4023  -31823.8786  0.3238 
   00624    0.4055  -31783.5514  0.3280 
   00625    0.4067  -31703.0387  0.3280 
   00626    0.4065  -31709.2253  0.3285 
   00627    0.4012  -31717.7434  0.3289 
   00628    0.3971  -31831.9215  0.3248 
   00629    0.4036  -31856.2029  0.3194 
   00630    0.4049  -31921.1329  0.3229 
   00631    0.4089  -31883.5012  0.3250 
   00632    0.4085  -31887.5526  0.3268 
   00633    0.4074  -31785.7852  0.3243 
   00634    0.4111  -31744.2951  0.3234 
   00635    0.4111  -31813.9478  0.3199 
   00636    0.4097  -31874.4348  0.3183 
   00637    0.3992  -31798.1194  0.3193 
   00638    0.4033  -31770.2560  0.3211 
   00639    0.4032  -31762.9910  0.3220 
   00640    0.4027  -31657.7757  0.3231 
   00641    0.4042  -31780.1819  0.3198 
   00642    0.4114  -31703.7592  0.3234 
   00643    0.4139  -31633.7100  0.3253 
   00644    0.4016  -31614.7565  0.3269 
   00645    0.3975  -31702.9307  0.3289 
   00646    0.3993  -31691.7553  0.3309 
   00647    0.4029  -31602.9686  0.3304 
   00648    0.3985  -31693.3987  0.3339 
   00649    0.4034  -31616.5371  0.3327 
   00650    0.3962  -31537.1280  0.3309 
   00651    0.4058  -31530.8908  0.3334 
   00652    0.4044  -31472.0090  0.3353 
   00653    0.4054  -31460.4124  0.3315 
   00654    0.3993  -31575.8490  0.3290 
   00655    0.3981  -31679.7259  0.3284 
   00656    0.4024  -31547.3531  0.3261 
   00657    0.3932  -31630.3616  0.3291 
   00658    0.4070  -31573.2153  0.3289 
   00659    0.4008  -31670.9007  0.3284 
   00660    0.4059  -31493.9778  0.3307 
   00661    0.3943  -31616.6389  0.3295 
   00662    0.4034  -31640.4486  0.3301 
   00663    0.4003  -31642.1339  0.3289 
   00664    0.4040  -31698.0113  0.3301 
   00665    0.3945  -31661.5964  0.3313 
   00666    0.4004  -31610.3382  0.3330 
   00667    0.4116  -31561.5554  0.3272 
   00668    0.4011  -31633.5113  0.3237 
   00669    0.4011  -31726.0987  0.3242 
   00670    0.3980  -31769.8048  0.3288 
   00671    0.3986  -31762.3541  0.3326 
   00672    0.4091  -31785.1033  0.3339 
   00673    0.4024  -31705.5977  0.3382 
   00674    0.4044  -31618.4247  0.3385 
   00675    0.4078  -31675.7345  0.3377 
   00676    0.4020  -31593.5107  0.3382 
   00677    0.3954  -31512.8653  0.3370 
   00678    0.4053  -31562.1047  0.3361 
   00679    0.3944  -31597.7321  0.3350 
   00680    0.3952  -31853.2724  0.3340 
   00681    0.4020  -31867.5184  0.3346 
   00682    0.4047  -31777.2321  0.3342 
   00683    0.3972  -31879.3650  0.3375 
   00684    0.3997  -31898.6601  0.3344 
   00685    0.4074  -31952.3874  0.3335 
   00686    0.4062  -32054.0627  0.3344 
   00687    0.3940  -32121.4582  0.3356 
   00688    0.3929  -31980.4894  0.3348 
   00689    0.3948  -31988.9696  0.3385 
   00690    0.4025  -32025.0462  0.3424 
   00691    0.4021  -31989.9285  0.3426 
   00692    0.4011  -31897.9164  0.3459 
   00693    0.3990  -31867.4265  0.3453 
   00694    0.3981  -31783.6090  0.3419 
   00695    0.4083  -31696.8040  0.3385 
   00696    0.3988  -31801.6777  0.3373 
   00697    0.4052  -31777.4962  0.3367 
   00698    0.3972  -31758.5998  0.3369 
   00699    0.3997  -31743.5298  0.3375 
   00700    0.3994  -31785.5291  0.3395 
   00701    0.4141  -31895.3720  0.3364 
   00702    0.3978  -31740.9875  0.3361 
   00703    0.4047  -31668.4455  0.3352 
   00704    0.4066  -31666.7170  0.3348 
   00705    0.4042  -31606.8966  0.3284 
   00706    0.3959  -31631.5858  0.3284 
   00707    0.4031  -31588.0534  0.3245 
   00708    0.3989  -31729.9896  0.3268 
   00709    0.3954  -31663.6096  0.3281 
   00710    0.4049  -31612.3802  0.3304 
   00711    0.4032  -31719.3335  0.3288 
   00712    0.3987  -31666.1209  0.3267 
   00713    0.4038  -31694.0808  0.3295 
   00714    0.4068  -31722.2239  0.3319 
   00715    0.4054  -31752.5943  0.3343 
   00716    0.4035  -31649.3669  0.3348 
   00717    0.3981  -31677.9450  0.3320 
   00718    0.4061  -31668.4997  0.3307 
   00719    0.4017  -31713.4233  0.3276 
   00720    0.4031  -31586.7616  0.3261 
   00721    0.4086  -31559.5353  0.3280 
   00722    0.4053  -31597.2582  0.3283 
   00723    0.4135  -31580.5324  0.3237 
   00724    0.4026  -31635.3556  0.3231 
   00725    0.4123  -31668.7587  0.3222 
   00726    0.3965  -31600.6027  0.3191 
   00727    0.4059  -31635.1952  0.3151 
   00728    0.3880  -31769.8521  0.3150 
   00729    0.4148  -31648.2288  0.3148 
   00730    0.4088  -31514.1979  0.3188 
   00731    0.4087  -31578.2700  0.3224 
   00732    0.4062  -31692.4259  0.3250 
   00733    0.4012  -31764.9271  0.3220 
   00734    0.4063  -31668.5891  0.3246 
   00735    0.4046  -31678.1473  0.3272 
   00736    0.3966  -31663.1211  0.3274 
   00737    0.4023  -31712.5037  0.3265 
   00738    0.4120  -31623.9709  0.3308 
   00739    0.4074  -31647.7093  0.3311 
   00740    0.4000  -31624.1764  0.3299 
   00741    0.4063  -31561.8260  0.3288 
   00742    0.3936  -31760.7106  0.3284 
   00743    0.3976  -31747.7746  0.3288 
   00744    0.4032  -31722.7258  0.3272 
   00745    0.4051  -31855.9884  0.3298 
   00746    0.4022  -31779.5427  0.3312 
   00747    0.4027  -31641.1629  0.3284 
   00748    0.4065  -31713.7032  0.3309 
   00749    0.4056  -31747.1658  0.3357 
   00750    0.4036  -31768.1872  0.3375 
   00751    0.4029  -31716.0494  0.3430 
   00752    0.4079  -31676.3765  0.3457 
   00753    0.4103  -31773.3929  0.3467 
   00754    0.3965  -31745.9011  0.3468 
   00755    0.4000  -31784.0755  0.3479 
   00756    0.3935  -31881.2607  0.3463 
   00757    0.4028  -31767.4379  0.3450 
   00758    0.3956  -31794.6647  0.3475 
   00759    0.4051  -31734.6152  0.3493 
   00760    0.4091  -31881.9485  0.3492 
   00761    0.3932  -31939.8239  0.3488 
   00762    0.3955  -31772.8639  0.3485 
   00763    0.3953  -31930.2040  0.3500 
   00764    0.4017  -31933.7383  0.3515 
   00765    0.4010  -31844.3570  0.3489 
   00766    0.4005  -31969.1504  0.3504 
   00767    0.4008  -31829.7257  0.3458 
   00768    0.4066  -31978.7810  0.3450 
   00769    0.4074  -32038.8915  0.3480 
   00770    0.4023  -32047.7545  0.3443 
   00771    0.3987  -32102.0025  0.3506 
   00772    0.4005  -31949.0791  0.3501 
   00773    0.3950  -31913.6651  0.3498 
   00774    0.4030  -31995.9420  0.3523 
   00775    0.3984  -31840.3621  0.3526 
   00776    0.4003  -31903.2062  0.3525 
   00777    0.4010  -31848.1727  0.3480 
   00778    0.4038  -31850.3534  0.3465 
   00779    0.3993  -31838.8921  0.3478 
   00780    0.4038  -31823.9564  0.3458 
   00781    0.4063  -31849.5993  0.3426 
   00782    0.3962  -31892.2439  0.3496 
   00783    0.3924  -31774.7701  0.3478 
   00784    0.4051  -31775.8913  0.3487 
   00785    0.3959  -31721.9822  0.3498 
   00786    0.4046  -31674.1199  0.3495 
   00787    0.3968  -31827.6625  0.3511 
   00788    0.3970  -31866.2548  0.3494 
   00789    0.4110  -31708.7706  0.3478 
   00790    0.4021  -31826.7116  0.3513 
   00791    0.4036  -31893.7087  0.3515 
   00792    0.4031  -31909.6136  0.3478 
   00793    0.4045  -32005.1536  0.3463 
   00794    0.4012  -31872.1304  0.3423 
   00795    0.3968  -31874.6081  0.3441 
   00796    0.4015  -31909.9127  0.3395 
   00797    0.4042  -31776.2922  0.3390 
   00798    0.4003  -31735.7008  0.3378 
   00799    0.3931  -31825.1799  0.3351 
   00800    0.4002  -31733.1535  0.3336 
   00801    0.3928  -31702.8766  0.3327 
   00802    0.4030  -31662.4813  0.3315 
   00803    0.3991  -31679.8197  0.3310 
   00804    0.4030  -31715.8546  0.3293 
   00805    0.4069  -31751.6742  0.3284 
   00806    0.3988  -31635.4508  0.3309 
   00807    0.4065  -31659.6508  0.3299 
   00808    0.4041  -31677.7853  0.3286 
   00809    0.3943  -31710.2761  0.3249 
   00810    0.4059  -31665.3937  0.3261 
   00811    0.4004  -31662.9364  0.3267 
   00812    0.4055  -31635.4942  0.3289 
   00813    0.3994  -31769.2303  0.3318 
   00814    0.4073  -31635.0917  0.3333 
   00815    0.4072  -31506.9519  0.3279 
   00816    0.4109  -31577.9503  0.3291 
   00817    0.4106  -31577.0215  0.3271 
   00818    0.4064  -31620.0342  0.3288 
   00819    0.4077  -31527.0780  0.3309 
   00820    0.4018  -31614.3984  0.3296 
   00821    0.4071  -31583.7615  0.3310 
   00822    0.4096  -31632.5611  0.3270 
   00823    0.4036  -31723.5748  0.3274 
   00824    0.4031  -31681.6113  0.3247 
   00825    0.4028  -31801.2278  0.3241 
   00826    0.3963  -31810.2416  0.3279 
   00827    0.4032  -31829.5677  0.3272 
   00828    0.4090  -31798.2189  0.3247 
   00829    0.4024  -31748.7406  0.3215 
   00830    0.4059  -31831.3066  0.3230 
   00831    0.3938  -31802.2900  0.3227 
   00832    0.4007  -31832.1673  0.3208 
   00833    0.3974  -31840.7880  0.3234 
   00834    0.4077  -31770.0106  0.3219 
   00835    0.4009  -31803.1618  0.3210 
   00836    0.3959  -31761.7136  0.3239 
   00837    0.3983  -31675.7472  0.3226 
   00838    0.4025  -31660.3051  0.3250 
   00839    0.4073  -31786.2990  0.3268 
   00840    0.4023  -31795.4973  0.3284 
   00841    0.4005  -31745.3584  0.3286 
   00842    0.4036  -31762.3497  0.3245 
   00843    0.4004  -31806.0136  0.3243 
   00844    0.3919  -31765.9738  0.3251 
   00845    0.3998  -31640.1517  0.3241 
   00846    0.4052  -31667.5497  0.3208 
   00847    0.4092  -31639.9542  0.3206 
   00848    0.3991  -31655.9758  0.3230 
   00849    0.4073  -31617.9229  0.3224 
   00850    0.3988  -31572.0471  0.3244 
   00851    0.4045  -31536.1596  0.3251 
   00852    0.4006  -31521.2677  0.3222 
   00853    0.4044  -31453.1866  0.3234 
   00854    0.4013  -31415.4200  0.3247 
   00855    0.4007  -31518.4377  0.3258 
   00856    0.3952  -31618.8293  0.3291 
   00857    0.4071  -31563.2638  0.3313 
   00858    0.4094  -31644.9672  0.3349 
   00859    0.4005  -31753.6412  0.3314 
   00860    0.4081  -31670.4775  0.3310 
   00861    0.3926  -31729.8119  0.3346 
   00862    0.4014  -31772.3078  0.3337 
   00863    0.4129  -31820.7518  0.3285 
   00864    0.3996  -31794.7342  0.3296 
   00865    0.4058  -31812.4554  0.3328 
   00866    0.4048  -31683.5386  0.3321 
   00867    0.4105  -31699.6115  0.3319 
   00868    0.3988  -31616.3755  0.3317 
   00869    0.3970  -31612.2703  0.3331 
   00870    0.3985  -31641.7038  0.3388 
   00871    0.4043  -31731.2441  0.3410 
   00872    0.3886  -31841.3200  0.3380 
   00873    0.3980  -31775.0586  0.3448 
   00874    0.4032  -31667.5506  0.3437 
   00875    0.4005  -31612.9122  0.3425 
   00876    0.4013  -31766.0861  0.3474 
   00877    0.4018  -31717.8989  0.3478 
   00878    0.4036  -31644.0701  0.3449 
   00879    0.4011  -31599.5474  0.3488 
   00880    0.4092  -31591.5507  0.3474 
   00881    0.4023  -31678.1454  0.3466 
   00882    0.3996  -31636.2480  0.3432 
   00883    0.4085  -31594.8784  0.3430 
   00884    0.4095  -31611.1115  0.3401 
   00885    0.3968  -31614.4734  0.3413 
   00886    0.4007  -31592.8865  0.3459 
   00887    0.4093  -31572.5055  0.3470 
   00888    0.4006  -31615.8478  0.3430 
   00889    0.4017  -31597.8361  0.3431 
   00890    0.4010  -31647.2701  0.3423 
   00891    0.4020  -31621.2440  0.3434 
   00892    0.4066  -31491.2943  0.3381 
   00893    0.4072  -31427.9527  0.3369 
   00894    0.4110  -31445.3738  0.3373 
   00895    0.4005  -31644.8134  0.3405 
   00896    0.4046  -31587.9471  0.3394 
   00897    0.4063  -31636.1590  0.3399 
   00898    0.4077  -31703.7676  0.3406 
   00899    0.3993  -31647.2319  0.3402 
   00900    0.4083  -31700.9932  0.3356 
   00901    0.4133  -31641.3769  0.3427 
   00902    0.4105  -31690.8008  0.3438 
   00903    0.4143  -31686.8611  0.3452 
   00904    0.4050  -31685.6906  0.3460 
   00905    0.4003  -31687.5576  0.3431 
   00906    0.4039  -31728.0796  0.3424 
   00907    0.4005  -31816.3147  0.3453 
   00908    0.4039  -31741.6504  0.3504 
   00909    0.4069  -31808.0920  0.3526 
   00910    0.4162  -31674.3486  0.3529 
   00911    0.3996  -31817.0984  0.3555 
   00912    0.4049  -31880.5612  0.3547 
   00913    0.3935  -31801.9476  0.3561 
   00914    0.3984  -31695.8494  0.3563 
   00915    0.3975  -31713.3787  0.3517 
   00916    0.4127  -31740.2555  0.3501 
   00917    0.4048  -31800.3359  0.3533 
   00918    0.4049  -31785.6970  0.3507 
   00919    0.4014  -31840.9013  0.3476 
   00920    0.3991  -31827.3024  0.3467 
   00921    0.4026  -31761.7058  0.3473 
   00922    0.4072  -31789.1937  0.3468 
   00923    0.4011  -31731.2040  0.3443 
   00924    0.4019  -31830.0789  0.3433 
   00925    0.4045  -31869.6657  0.3426 
   00926    0.3951  -31940.2503  0.3413 
   00927    0.4139  -31953.3539  0.3410 
   00928    0.3986  -31871.4094  0.3411 
   00929    0.4049  -31480.5203  0.3433 
   00930    0.4062  -31605.4090  0.3444 
   00931    0.4004  -31555.3860  0.3469 
   00932    0.4019  -31462.7356  0.3457 
   00933    0.4013  -31483.7342  0.3466 
   00934    0.3988  -31446.9285  0.3464 
   00935    0.4046  -31528.0733  0.3464 
   00936    0.4032  -31656.6822  0.3446 
   00937    0.4047  -31674.4039  0.3432 
   00938    0.3988  -31676.9392  0.3402 
   00939    0.3980  -31692.4241  0.3404 
   00940    0.3980  -31822.8711  0.3453 
   00941    0.4007  -31861.4603  0.3440 
   00942    0.4026  -31868.4710  0.3514 
   00943    0.4024  -31896.0860  0.3523 
   00944    0.3967  -31842.0743  0.3500 
   00945    0.4001  -31771.5051  0.3520 
   00946    0.4035  -31819.1363  0.3544 
   00947    0.3967  -31933.0636  0.3575 
   00948    0.3998  -31975.1372  0.3566 
   00949    0.3981  -31948.0513  0.3551 
   00950    0.4002  -32010.3039  0.3537 
   00951    0.4096  -32017.5381  0.3485 
   00952    0.4083  -31821.9605  0.3469 
   00953    0.4054  -31863.6985  0.3405 
   00954    0.3996  -31857.4236  0.3351 
   00955    0.3972  -31841.1577  0.3333 
   00956    0.3951  -31855.9081  0.3366 
   00957    0.3948  -31950.4209  0.3382 
   00958    0.4043  -31874.4611  0.3374 
   00959    0.4072  -31789.3898  0.3353 
   00960    0.4014  -31683.6174  0.3362 
   00961    0.4049  -31688.2426  0.3339 
   00962    0.3977  -31652.9048  0.3323 
   00963    0.4002  -31707.8365  0.3329 
   00964    0.3970  -31736.5418  0.3305 
   00965    0.4070  -31755.9240  0.3306 
   00966    0.3927  -31701.1479  0.3334 
   00967    0.4068  -31694.6899  0.3332 
   00968    0.4065  -31655.4325  0.3354 
   00969    0.3978  -31652.5970  0.3321 
   00970    0.4122  -31643.2778  0.3281 
   00971    0.3939  -31655.2121  0.3327 
   00972    0.4027  -31689.4815  0.3360 
   00973    0.3967  -31761.0964  0.3351 
   00974    0.3984  -31763.1819  0.3334 
   00975    0.4035  -31769.5542  0.3327 
   00976    0.4135  -31846.4421  0.3312 
   00977    0.4025  -31845.3971  0.3320 
   00978    0.4004  -31766.3735  0.3340 
   00979    0.4104  -31788.9124  0.3325 
   00980    0.3945  -31761.3650  0.3309 
   00981    0.4070  -31661.7919  0.3326 
   00982    0.4083  -31810.5508  0.3353 
   00983    0.3941  -31847.1227  0.3322 
   00984    0.3954  -31818.7748  0.3350 
   00985    0.4030  -31777.1332  0.3322 
   00986    0.4014  -31607.2467  0.3299 
   00987    0.4051  -31723.1636  0.3298 
   00988    0.4000  -31726.9395  0.3301 
   00989    0.4059  -31642.9356  0.3254 
   00990    0.4029  -31660.9011  0.3245 
   00991    0.4020  -31658.4452  0.3256 
   00992    0.4035  -31660.5419  0.3266 
   00993    0.4053  -31724.3555  0.3306 
   00994    0.3997  -31740.3222  0.3354 
   00995    0.4059  -31757.7016  0.3386 
   00996    0.4054  -31682.8671  0.3406 
   00997    0.3961  -31626.7711  0.3387 
   00998    0.3961  -31639.2715  0.3376 
   00999    0.3997  -31497.5651  0.3388 
   01000    0.4051  -31519.6706  0.3378 
