#=====================================================
# File created:        Mon-16-Feb-2026-at-02-35-16PM
# Size of lattice:     20x20
# Number of MC steps:  1000
# Reduced temperature: 0.650
# Run time (s):        2.964102
#=====================================================
# MC step:  Ratio:     Energy:   Order:
#=====================================================
   00000    0.5000    -409.0117  0.3110 
   00001    0.6600    -586.4386  0.3001 
   00002    0.6325    -714.0042  0.3242 
   00003    0.6000    -840.3711  0.3718 
   00004    0.5625    -896.8707  0.4097 
   00005    0.5600    -986.9923  0.4243 
   00006    0.4700   -1045.4493  0.4366 
   00007    0.4375   -1064.4488  0.4257 
   00008    0.4475   -1049.0994  0.4439 
   00009    0.5200   -1057.0411  0.4363 
   00010    0.4600   -1080.4062  0.4350 
   00011    0.4875   -1091.4484  0.4202 
   00012    0.4075   -1087.8963  0.4344 
   00013    0.4425   -1122.8794  0.4188 
   00014    0.4475   -1128.5866  0.3908 
   00015    0.4525   -1127.2358  0.4049 
   00016    0.4325   -1120.3464  0.3982 
   00017    0.4325   -1123.6813  0.3864 
   00018    0.4400   -1121.4037  0.3704 
   00019    0.4425   -1161.5891  0.3840 
   00020    0.3950   -1150.7358  0.4016 
   00021    0.4350   -1139.6431  0.3872 
   00022    0.4050   -1150.0535  0.4002 
   00023    0.4100   -1146.8934  0.4032 
   00024    0.4425   -1154.7347  0.4174 
   00025    0.4450   -1160.6721  0.4213 
   00026    0.4250   -1166.0526  0.4316 
   00027    0.4100   -1170.1813  0.4420 
   00028    0.4475   -1146.9597  0.4285 
   00029    0.4400   -1128.8056  0.4204 
   00030    0.4375   -1133.0870  0.4319 
   00031    0.4200   -1150.9988  0.4256 
   00032    0.4650   -1188.3838  0.4178 
   00033    0.3925   -1187.4150  0.4067 
   00034    0.3900   -1165.2684  0.3977 
   00035    0.4325   -1147.3298  0.4001 
   00036    0.4200   -1174.1275  0.4060 
   00037    0.4325   -1187.2503  0.4352 
   00038    0.4075   -1186.2746  0.4205 
   00039    0.3900   -1169.2962  0.4177 
   00040    0.4150   -1163.5411  0.4278 
   00041    0.3800   -1167.9373  0.4194 
   00042    0.4450   -1155.8280  0.4020 
   00043    0.4325   -1140.4761  0.3932 
   00044    0.4500   -1147.5371  0.3829 
   00045    0.4275   -1174.4907  0.3646 
   00046    0.4325   -1158.3969  0.3653 
   00047    0.3650   -1174.3675  0.3780 
   00048    0.4075   -1200.0407  0.3972 
   00049    0.3725   -1205.5340  0.4114 
   00050    0.4525   -1220.1631  0.4164 
   00051    0.3900   -1240.6652  0.4223 
   00052    0.4150   -1235.2084  0.4369 
   00053    0.3925   -1234.6028  0.4559 
   00054    0.4125   -1216.1133  0.4611 
   00055    0.4175   -1210.2945  0.4565 
   00056    0.4125   -1188.0923  0.4555 
   00057    0.4275   -1215.9411  0.4632 
   00058    0.4000   -1215.7165  0.4444 
   00059    0.4525   -1202.0193  0.4423 
   00060    0.4325   -1183.9054  0.4454 
   00061    0.4300   -1179.9449  0.4438 
   00062    0.3775   -1206.1304  0.4567 
   00063    0.3650   -1204.6838  0.4562 
   00064    0.3975   -1222.7276  0.4875 
   00065    0.4225   -1219.2115  0.5049 
   00066    0.4200   -1225.4827  0.5093 
   00067    0.3625   -1214.6212  0.5253 
   00068    0.4025   -1231.5850  0.5239 
   00069    0.4200   -1231.7403  0.5180 
   00070    0.4100   -1246.9727  0.5177 
   00071    0.4250   -1232.7604  0.5006 
   00072    0.4150   -1220.5699  0.5023 
   00073    0.4150   -1227.4485  0.5266 
   00074    0.4200   -1228.0258  0.5509 
   00075    0.4025   -1231.3236  0.5401 
   00076    0.4300   -1253.2730  0.5585 
   00077    0.4100   -1264.1543  0.5681 
   00078    0.4050   -1237.3594  0.5778 
   00079    0.4575   -1243.7150  0.5688 
   00080    0.4825   -1240.9052  0.5642 
   00081    0.4125   -1250.8257  0.5771 
   00082    0.4250   -1252.5155  0.5652 
   00083    0.4050   -1237.3163  0.5518 
   00084    0.3900   -1257.4889  0.5653 
   00085    0.3925   -1255.0294  0.5662 
   00086    0.4300   -1225.7731  0.5526 
   00087    0.4400   -1197.1621  0.5401 
   00088    0.4350   -1174.2391  0.5217 
   00089    0.4375   -1187.7916  0.5502 
   00090    0.4025   -1185.1261  0.5153 
   00091    0.4125   -1195.6279  0.5146 
   00092    0.4325   -1197.5157  0.5165 
   00093    0.4325   -1218.7201  0.5135 
   00094    0.4275   -1234.2060  0.5159 
   00095    0.4175   -1255.5417  0.5266 
   00096    0.4275   -1274.7978  0.5348 
   00097    0.3750   -1253.1788  0.5346 
   00098    0.3725   -1241.1197  0.5384 
   00099    0.3700   -1244.0000  0.5563 
   00100    0.4075   -1247.8705  0.5627 
   00101    0.4075   -1239.2250  0.5687 
   00102    0.4375   -1215.0945  0.5762 
   00103    0.4150   -1252.6222  0.6017 
   00104    0.4500   -1236.7605  0.5871 
   00105    0.4150   -1227.0871  0.5639 
   00106    0.4000   -1245.4897  0.5601 
   00107    0.4050   -1258.1683  0.5631 
   00108    0.4550   -1218.2308  0.5819 
   00109    0.3950   -1240.3709  0.5847 
   00110    0.4200   -1251.6906  0.5825 
   00111    0.4175   -1246.1604  0.5760 
   00112    0.3825   -1231.8193  0.5743 
   00113    0.4150   -1248.9901  0.5909 
   00114    0.4050   -1196.6625  0.5885 
   00115    0.4325   -1219.9575  0.5948 
   00116    0.4325   -1216.6339  0.6050 
   00117    0.4175   -1226.6652  0.6075 
   00118    0.4250   -1255.7674  0.6158 
   00119    0.4125   -1252.0696  0.6317 
   00120    0.4075   -1244.4147  0.6312 
   00121    0.4525   -1264.0566  0.6331 
   00122    0.3575   -1247.2896  0.6454 
   00123    0.4100   -1247.8463  0.6243 
   00124    0.4275   -1250.8097  0.6288 
   00125    0.4100   -1242.6997  0.6278 
   00126    0.3825   -1233.3218  0.6311 
   00127    0.4200   -1216.6499  0.6353 
   00128    0.3800   -1224.9428  0.6360 
   00129    0.3675   -1224.2817  0.6324 
   00130    0.4300   -1246.3283  0.6437 
   00131    0.3900   -1228.8506  0.6269 
   00132    0.3900   -1242.7732  0.6284 
   00133    0.4225   -1253.1218  0.6188 
   00134    0.4350   -1243.5635  0.6269 
   00135    0.4525   -1224.5727  0.6309 
   00136    0.4250   -1208.9315  0.6070 
   00137    0.4225   -1251.2144  0.6134 
   00138    0.3875   -1250.2870  0.6264 
   00139    0.4325   -1252.0109  0.6381 
   00140    0.3975   -1244.7469  0.6298 
   00141    0.4375   -1237.2747  0.6240 
   00142    0.3900   -1235.9971  0.6310 
   00143    0.4275   -1225.3037  0.6370 
   00144    0.3925   -1236.1255  0.6569 
   00145    0.4025   -1248.0105  0.6646 
   00146    0.4350   -1237.2911  0.6608 
   00147    0.4375   -1223.5454  0.6508 
   00148    0.4050   -1227.7751  0.6799 
   00149    0.4500   -1218.1875  0.6880 
   00150    0.4000   -1232.7327  0.7019 
   00151    0.3575   -1227.3557  0.6889 
   00152    0.4075   -1218.5584  0.6976 
   00153    0.4050   -1234.5346  0.6784 
   00154    0.4500   -1222.3006  0.6850 
   00155    0.4050   -1232.9504  0.7062 
   00156    0.3950   -1234.7060  0.7106 
   00157    0.4600   -1244.0436  0.7210 
   00158    0.4300   -1233.1469  0.7326 
   00159    0.4575   -1219.2132  0.7340 
   00160    0.4175   -1233.3663  0.7211 
   00161    0.4550   -1272.0845  0.7263 
   00162    0.4300   -1280.7587  0.7152 
   00163    0.4225   -1258.2727  0.7164 
   00164    0.4025   -1224.7178  0.7108 
   00165    0.4025   -1241.7597  0.7083 
   00166    0.3800   -1222.4339  0.6991 
   00167    0.3950   -1251.2459  0.7025 
   00168    0.3925   -1261.9665  0.7111 
   00169    0.4150   -1261.7761  0.7115 
   00170    0.3450   -1268.7752  0.7143 
   00171    0.4375   -1248.5686  0.7090 
   00172    0.3900   -1232.5098  0.6987 
   00173    0.4000   -1230.8833  0.7000 
   00174    0.3975   -1227.8030  0.7015 
   00175    0.4150   -1227.1540  0.7159 
   00176    0.3625   -1250.8799  0.7316 
   00177    0.4200   -1249.2745  0.7226 
   00178    0.4225   -1239.1093  0.7179 
   00179    0.4100   -1240.2779  0.7219 
   00180    0.4250   -1222.6400  0.7280 
   00181    0.4150   -1243.1741  0.7325 
   00182    0.3725   -1255.0978  0.7346 
   00183    0.4075   -1242.0224  0.7366 
   00184    0.4300   -1266.3709  0.7379 
   00185    0.3800   -1257.1564  0.7352 
   00186    0.3950   -1226.0565  0.7281 
   00187    0.4425   -1244.2122  0.7336 
   00188    0.4100   -1214.9658  0.7148 
   00189    0.4425   -1247.1486  0.7192 
   00190    0.4350   -1259.1707  0.7285 
   00191    0.3675   -1269.0524  0.7324 
   00192    0.4225   -1282.7585  0.7465 
   00193    0.3975   -1278.4452  0.7476 
   00194    0.3750   -1290.9724  0.7548 
   00195    0.3925   -1304.0032  0.7602 
   00196    0.3900   -1320.6478  0.7781 
   00197    0.4150   -1303.5588  0.7878 
   00198    0.3875   -1293.5968  0.7788 
   00199    0.3750   -1305.9586  0.7795 
   00200    0.3800   -1304.2200  0.7752 
   00201    0.3850   -1281.6080  0.7604 
   00202    0.3800   -1277.4285  0.7757 
   00203    0.4275   -1278.9489  0.7717 
   00204    0.4225   -1311.7620  0.7786 
   00205    0.3475   -1317.7116  0.7883 
   00206    0.3900   -1300.0991  0.7769 
   00207    0.4125   -1306.5099  0.7718 
   00208    0.4075   -1283.0476  0.7676 
   00209    0.3800   -1288.3785  0.7737 
   00210    0.4150   -1272.8144  0.7779 
   00211    0.4225   -1300.5196  0.7791 
   00212    0.4175   -1272.3412  0.7729 
   00213    0.3775   -1278.9422  0.7934 
   00214    0.3975   -1272.9759  0.7803 
   00215    0.4250   -1272.6904  0.7907 
   00216    0.4075   -1285.1823  0.8055 
   00217    0.3575   -1279.3061  0.8019 
   00218    0.3850   -1304.0454  0.8169 
   00219    0.4100   -1325.3399  0.8333 
   00220    0.3725   -1317.3806  0.8282 
   00221    0.4575   -1310.3868  0.8227 
   00222    0.3500   -1334.6390  0.8212 
   00223    0.4025   -1334.0004  0.8198 
   00224    0.3775   -1347.6210  0.8266 
   00225    0.4175   -1330.7183  0.8204 
   00226    0.3925   -1335.0238  0.8157 
   00227    0.4050   -1275.2441  0.7875 
   00228    0.3725   -1286.3647  0.7944 
   00229    0.3725   -1302.7519  0.7930 
   00230    0.3975   -1297.4254  0.7816 
   00231    0.3950   -1302.6901  0.7803 
   00232    0.3800   -1296.0678  0.7849 
   00233    0.3875   -1275.7740  0.7708 
   00234    0.3975   -1279.7159  0.7694 
   00235    0.4150   -1259.8537  0.7635 
   00236    0.3800   -1277.4721  0.7658 
   00237    0.3800   -1274.7321  0.7678 
   00238    0.3950   -1262.1616  0.7726 
   00239    0.4100   -1264.3349  0.7743 
   00240    0.4350   -1256.3728  0.7687 
   00241    0.4100   -1265.4848  0.7773 
   00242    0.3875   -1265.1577  0.7873 
   00243    0.4075   -1264.0842  0.7910 
   00244    0.3950   -1256.0223  0.7851 
   00245    0.4350   -1279.9800  0.7873 
   00246    0.3650   -1274.1015  0.7814 
   00247    0.4275   -1244.4625  0.7715 
   00248    0.3825   -1262.7778  0.7864 
   00249    0.4575   -1284.7868  0.7879 
   00250    0.3875   -1269.0099  0.7832 
   00251    0.3625   -1263.8694  0.7980 
   00252    0.4125   -1264.2767  0.7987 
   00253    0.3825   -1279.9548  0.8019 
   00254    0.4025   -1285.1623  0.8014 
   00255    0.4150   -1285.9732  0.8041 
   00256    0.4000   -1282.6015  0.8037 
   00257    0.3625   -1266.7173  0.8002 
   00258    0.4150   -1291.3347  0.8026 
   00259    0.3650   -1294.1675  0.8004 
   00260    0.3875   -1283.5445  0.8047 
   00261    0.3825   -1305.6181  0.8117 
   00262    0.4050   -1297.7882  0.8093 
   00263    0.4025   -1293.0321  0.8111 
   00264    0.4450   -1292.5997  0.8120 
   00265    0.3875   -1258.2520  0.7990 
   00266    0.3900   -1274.2753  0.7982 
   00267    0.4050   -1284.9279  0.8084 
   00268    0.4275   -1244.6558  0.7935 
   00269    0.4400   -1246.0161  0.7975 
   00270    0.4725   -1225.1835  0.7966 
   00271    0.4075   -1248.3594  0.8025 
   00272    0.4100   -1242.1230  0.7997 
   00273    0.4275   -1255.9437  0.8069 
   00274    0.3725   -1258.7986  0.8228 
   00275    0.4300   -1282.7735  0.8274 
   00276    0.4225   -1308.9288  0.8340 
   00277    0.3550   -1308.7773  0.8390 
   00278    0.3750   -1292.4221  0.8304 
   00279    0.3725   -1289.3545  0.8222 
   00280    0.4025   -1282.8950  0.8163 
   00281    0.3675   -1259.4949  0.8125 
   00282    0.4000   -1281.6188  0.8130 
   00283    0.3800   -1256.8133  0.7993 
   00284    0.4250   -1276.8586  0.7981 
   00285    0.4525   -1277.5538  0.7915 
   00286    0.4200   -1268.8962  0.7819 
   00287    0.3825   -1266.9325  0.7812 
   00288    0.3850   -1273.2366  0.7987 
   00289    0.4075   -1292.6247  0.8179 
   00290    0.4000   -1308.1299  0.8307 
   00291    0.3800   -1305.9957  0.8293 
   00292    0.3875   -1308.3113  0.8367 
   00293    0.3975   -1295.8510  0.8324 
   00294    0.3950   -1302.8925  0.8425 
   00295    0.3625   -1303.9527  0.8434 
   00296    0.3875   -1304.7801  0.8433 
   00297    0.4300   -1295.5515  0.8407 
   00298    0.3850   -1295.8038  0.8349 
   00299    0.4125   -1272.3419  0.8194 
   00300    0.3925   -1296.9993  0.8311 
   00301    0.3875   -1275.1688  0.8171 
   00302    0.3850   -1263.3434  0.8141 
   00303    0.4000   -1278.0083  0.8031 
   00304    0.4050   -1257.7423  0.7926 
   00305    0.3675   -1272.2826  0.8025 
   00306    0.4375   -1266.0987  0.7982 
   00307    0.4125   -1266.7092  0.8072 
   00308    0.3775   -1262.2285  0.8015 
   00309    0.3975   -1267.0180  0.8030 
   00310    0.4175   -1255.0125  0.8026 
   00311    0.3800   -1260.0443  0.8060 
   00312    0.3900   -1272.8982  0.8196 
   00313    0.3575   -1302.2301  0.8308 
   00314    0.3575   -1307.1770  0.8289 
   00315    0.3975   -1295.3201  0.8166 
   00316    0.3750   -1268.9199  0.8062 
   00317    0.3975   -1285.9386  0.8095 
   00318    0.3925   -1292.0992  0.8173 
   00319    0.4025   -1291.2677  0.8106 
   00320    0.4075   -1288.0629  0.8153 
   00321    0.4575   -1306.4417  0.8304 
   00322    0.4000   -1313.9358  0.8290 
   00323    0.3825   -1313.0074  0.8298 
   00324    0.4100   -1287.4736  0.8246 
   00325    0.4075   -1266.0116  0.8195 
   00326    0.4175   -1264.2186  0.8067 
   00327    0.3900   -1277.8669  0.8123 
   00328    0.3700   -1255.8239  0.7923 
   00329    0.4025   -1269.8487  0.7932 
   00330    0.3725   -1281.2613  0.7968 
   00331    0.3725   -1294.9787  0.7888 
   00332    0.4400   -1312.4528  0.7688 
   00333    0.4125   -1280.8123  0.7610 
   00334    0.4350   -1304.3744  0.7622 
   00335    0.3450   -1309.6282  0.7662 
   00336    0.4175   -1293.2193  0.7674 
   00337    0.4450   -1277.3949  0.7669 
   00338    0.4100   -1257.9694  0.7609 
   00339    0.4100   -1255.5457  0.7485 
   00340    0.3875   -1251.0548  0.7497 
   00341    0.4300   -1253.9054  0.7645 
   00342    0.4350   -1259.4442  0.7675 
   00343    0.4300   -1266.1454  0.7734 
   00344    0.3900   -1256.6541  0.7726 
   00345    0.4375   -1236.7973  0.7752 
   00346    0.4175   -1218.0752  0.7631 
   00347    0.3750   -1231.7635  0.7627 
   00348    0.4200   -1237.4240  0.7625 
   00349    0.4150   -1219.6898  0.7424 
   00350    0.4200   -1229.9486  0.7396 
   00351    0.4425   -1214.7033  0.7443 
   00352    0.4425   -1216.7999  0.7430 
   00353    0.4075   -1240.2976  0.7411 
   00354    0.4225   -1253.9996  0.7434 
   00355    0.3950   -1264.8859  0.7378 
   00356    0.4100   -1243.5550  0.7353 
   00357    0.3850   -1253.6272  0.7427 
   00358    0.3925   -1272.7968  0.7551 
   00359    0.4075   -1289.9683  0.7769 
   00360    0.4150   -1281.0435  0.7735 
   00361    0.4025   -1269.3379  0.7755 
   00362    0.4025   -1273.3769  0.7703 
   00363    0.4075   -1278.0005  0.7788 
   00364    0.3850   -1286.5929  0.7693 
   00365    0.4175   -1291.9147  0.7771 
   00366    0.4150   -1281.7888  0.7860 
   00367    0.4025   -1265.1954  0.7883 
   00368    0.3800   -1287.4367  0.7883 
   00369    0.4600   -1281.2512  0.8000 
   00370    0.3325   -1287.1547  0.8090 
   00371    0.3800   -1280.4969  0.8151 
   00372    0.3775   -1290.4309  0.8179 
   00373    0.3875   -1284.2767  0.8097 
   00374    0.3750   -1259.1075  0.7897 
   00375    0.3725   -1276.9063  0.7953 
   00376    0.3750   -1267.2722  0.7957 
   00377    0.4150   -1255.5590  0.7845 
   00378    0.4625   -1244.2292  0.7658 
   00379    0.3925   -1250.5767  0.7599 
   00380    0.3750   -1242.4761  0.7721 
   00381    0.3775   -1251.9927  0.7605 
   00382    0.4575   -1236.3465  0.7566 
   00383    0.3975   -1249.3084  0.7781 
   00384    0.4475   -1264.4786  0.7892 
   00385    0.4125   -1280.1046  0.7869 
   00386    0.4300   -1271.9438  0.7868 
   00387    0.4525   -1271.4942  0.7947 
   00388    0.3675   -1268.8747  0.7947 
   00389    0.4250   -1250.7750  0.7664 
   00390    0.4250   -1272.2210  0.7649 
   00391    0.4325   -1255.2404  0.7725 
   00392    0.4025   -1277.3971  0.7885 
   00393    0.4000   -1278.8790  0.7826 
   00394    0.4125   -1278.3807  0.7817 
   00395    0.4050   -1288.5758  0.7889 
   00396    0.3675   -1298.6660  0.7768 
   00397    0.3250   -1316.1903  0.7898 
   00398    0.4200   -1316.9393  0.7944 
   00399    0.3900   -1289.6672  0.7766 
   00400    0.4100   -1273.5221  0.7799 
   00401    0.3675   -1298.5006  0.7846 
   00402    0.3825   -1290.1037  0.7777 
   00403    0.3875   -1287.4539  0.7778 
   00404    0.3750   -1307.7423  0.7942 
   00405    0.3875   -1301.1690  0.7945 
   00406    0.3700   -1293.4825  0.7843 
   00407    0.3875   -1268.8494  0.7784 
   00408    0.4350   -1259.1996  0.7761 
   00409    0.4050   -1280.8069  0.7771 
   00410    0.4225   -1301.1725  0.7789 
   00411    0.3950   -1277.5332  0.7669 
   00412    0.3900   -1280.8906  0.7548 
   00413    0.3650   -1306.7855  0.7571 
   00414    0.3875   -1331.8601  0.7641 
   00415    0.4175   -1330.8098  0.7563 
   00416    0.3675   -1334.5260  0.7652 
   00417    0.3400   -1318.7762  0.7568 
   00418    0.4000   -1317.8924  0.7447 
   00419    0.3925   -1304.4774  0.7382 
   00420    0.3800   -1312.5155  0.7606 
   00421    0.3900   -1303.7677  0.7716 
   00422    0.4375   -1277.9256  0.7678 
   00423    0.4125   -1303.0208  0.7762 
   00424    0.3825   -1286.1856  0.7656 
   00425    0.4375   -1286.1888  0.7657 
   00426    0.3725   -1278.9228  0.7776 
   00427    0.3825   -1250.6813  0.7550 
   00428    0.4325   -1247.9381  0.7662 
   00429    0.3900   -1246.3056  0.7704 
   00430    0.3900   -1273.2010  0.7902 
   00431    0.3825   -1266.0277  0.7871 
   00432    0.4150   -1277.9391  0.7857 
   00433    0.4175   -1241.3654  0.7753 
   00434    0.4675   -1263.9779  0.7706 
   00435    0.4100   -1256.8978  0.7698 
   00436    0.3725   -1236.9480  0.7603 
   00437    0.4150   -1267.1461  0.7633 
   00438    0.3825   -1282.4742  0.7565 
   00439    0.3675   -1287.6955  0.7570 
   00440    0.3800   -1263.3987  0.7454 
   00441    0.3950   -1243.9090  0.7448 
   00442    0.4500   -1239.0198  0.7321 
   00443    0.4325   -1234.9050  0.7529 
   00444    0.3775   -1233.4048  0.7539 
   00445    0.3750   -1232.4583  0.7448 
   00446    0.4500   -1230.2481  0.7399 
   00447    0.3800   -1257.9625  0.7573 
   00448    0.3875   -1287.4836  0.7617 
   00449    0.3850   -1276.4994  0.7640 
   00450    0.4225   -1280.0416  0.7658 
   00451    0.4375   -1276.3772  0.7772 
   00452    0.4150   -1286.6544  0.7859 
   00453    0.3675   -1299.8129  0.7870 
   00454    0.3425   -1297.6646  0.7796 
   00455    0.4325   -1280.3700  0.7722 
   00456    0.4275   -1275.8123  0.7668 
   00457    0.3850   -1285.2632  0.7669 
   00458    0.4075   -1279.1095  0.7623 
   00459    0.3675   -1268.4016  0.7604 
   00460    0.4350   -1272.0896  0.7647 
   00461    0.3625   -1287.4893  0.7674 
   00462    0.3625   -1307.6716  0.7723 
   00463    0.3875   -1282.2136  0.7635 
   00464    0.3750   -1290.1721  0.7790 
   00465    0.4050   -1293.0811  0.7792 
   00466    0.3875   -1280.3772  0.7863 
   00467    0.4475   -1277.5872  0.7841 
   00468    0.4000   -1274.3902  0.7727 
   00469    0.3900   -1287.5030  0.7752 
   00470    0.4275   -1297.7454  0.7870 
   00471    0.4025   -1278.0481  0.7829 
   00472    0.3625   -1279.8909  0.7842 
   00473    0.4025   -1292.6205  0.7917 
   00474    0.4025   -1259.0266  0.7891 
   00475    0.3775   -1268.7017  0.7895 
   00476    0.4050   -1281.3875  0.7982 
   00477    0.4200   -1300.1902  0.7946 
   00478    0.3900   -1296.4449  0.8041 
   00479    0.4000   -1273.5437  0.7991 
   00480    0.4250   -1270.4758  0.7961 
   00481    0.4125   -1274.1445  0.7850 
   00482    0.3875   -1261.1699  0.7709 
   00483    0.3925   -1287.2170  0.7678 
   00484    0.4000   -1304.0940  0.7678 
   00485    0.3675   -1304.0229  0.7720 
   00486    0.3575   -1273.3677  0.7547 
   00487    0.3975   -1265.2011  0.7589 
   00488    0.3800   -1275.4875  0.7586 
   00489    0.3725   -1270.6032  0.7529 
   00490    0.3850   -1279.2006  0.7622 
   00491    0.3525   -1302.2582  0.7837 
   00492    0.3875   -1292.3026  0.7781 
   00493    0.4275   -1309.3567  0.7768 
   00494    0.3700   -1297.3785  0.7607 
   00495    0.3800   -1295.8915  0.7656 
   00496    0.4050   -1283.6389  0.7628 
   00497    0.3875   -1275.0662  0.7652 
   00498    0.3600   -1273.8241  0.7588 
   00499    0.4250   -1269.4830  0.7668 
   00500    0.4000   -1282.7275  0.7723 
   00501    0.3350   -1277.7683  0.7751 
   00502    0.4500   -1279.4748  0.7721 
   00503    0.4350   -1281.8630  0.7759 
   00504    0.3925   -1267.8399  0.7665 
   00505    0.4200   -1283.9665  0.7857 
   00506    0.4125   -1303.5264  0.7994 
   00507    0.3925   -1307.0621  0.8019 
   00508    0.4325   -1301.5754  0.8018 
   00509    0.4100   -1300.1441  0.8009 
   00510    0.4025   -1329.8913  0.8106 
   00511    0.4200   -1305.4115  0.7938 
   00512    0.3575   -1322.5854  0.8057 
   00513    0.4400   -1320.7958  0.8043 
   00514    0.3925   -1329.1221  0.8204 
   00515    0.3950   -1316.5644  0.8190 
   00516    0.3475   -1332.9376  0.8293 
   00517    0.4000   -1315.3699  0.8297 
   00518    0.3675   -1311.9566  0.8219 
   00519    0.3800   -1304.7789  0.8305 
   00520    0.3600   -1298.3017  0.8295 
   00521    0.4475   -1304.9896  0.8336 
   00522    0.3725   -1297.6165  0.8307 
   00523    0.3925   -1256.7259  0.8086 
   00524    0.4000   -1258.4822  0.8051 
   00525    0.3725   -1273.6158  0.8158 
   00526    0.4075   -1275.9900  0.8207 
   00527    0.4175   -1266.0528  0.8061 
   00528    0.3625   -1287.0067  0.8224 
   00529    0.3900   -1310.5070  0.8443 
   00530    0.3750   -1327.6166  0.8550 
   00531    0.3775   -1324.1909  0.8526 
   00532    0.4425   -1287.4784  0.8481 
   00533    0.3950   -1308.2859  0.8475 
   00534    0.3675   -1296.9272  0.8427 
   00535    0.3475   -1304.2963  0.8471 
   00536    0.3550   -1319.2504  0.8451 
   00537    0.3775   -1320.8461  0.8431 
   00538    0.4350   -1297.5571  0.8181 
   00539    0.3875   -1290.3868  0.8097 
   00540    0.3800   -1311.8574  0.8164 
   00541    0.3925   -1276.6219  0.8042 
   00542    0.3750   -1264.8449  0.8001 
   00543    0.4100   -1285.1963  0.8027 
   00544    0.3950   -1275.1387  0.8034 
   00545    0.4050   -1267.4908  0.8132 
   00546    0.4200   -1258.6341  0.8019 
   00547    0.3750   -1260.8011  0.8042 
   00548    0.4000   -1260.4019  0.7963 
   00549    0.4075   -1288.4343  0.8147 
   00550    0.3900   -1299.9389  0.8259 
   00551    0.4125   -1295.6397  0.8307 
   00552    0.4000   -1300.7950  0.8317 
   00553    0.4050   -1272.7837  0.8226 
   00554    0.3975   -1309.9248  0.8376 
   00555    0.4000   -1326.9564  0.8319 
   00556    0.3800   -1309.4988  0.8114 
   00557    0.4175   -1301.2637  0.8084 
   00558    0.4050   -1289.8526  0.7989 
   00559    0.3750   -1314.2403  0.8104 
   00560    0.3950   -1315.2487  0.8017 
   00561    0.4025   -1281.3021  0.8008 
   00562    0.3975   -1283.7020  0.7874 
   00563    0.4100   -1288.6352  0.7961 
   00564    0.3725   -1284.4708  0.8026 
   00565    0.4425   -1297.0080  0.8108 
   00566    0.3625   -1309.8963  0.8084 
   00567    0.3650   -1311.8738  0.8084 
   00568    0.3500   -1318.3250  0.8090 
   00569    0.3700   -1292.1202  0.7965 
   00570    0.3825   -1313.2575  0.8036 
   00571    0.3500   -1318.2908  0.8020 
   00572    0.3775   -1319.8260  0.8012 
   00573    0.4100   -1316.4624  0.7996 
   00574    0.3825   -1298.8871  0.7935 
   00575    0.3725   -1311.8047  0.7888 
   00576    0.4100   -1285.5223  0.7855 
   00577    0.4175   -1290.7119  0.7779 
   00578    0.4150   -1298.8267  0.7701 
   00579    0.4050   -1316.9320  0.7505 
   00580    0.3700   -1292.3284  0.7406 
   00581    0.4125   -1263.5799  0.7374 
   00582    0.3900   -1274.1638  0.7247 
   00583    0.3875   -1261.7245  0.7228 
   00584    0.4450   -1251.8547  0.7299 
   00585    0.4075   -1238.5364  0.7324 
   00586    0.4325   -1256.5655  0.7394 
   00587    0.4050   -1250.5969  0.7379 
   00588    0.4275   -1241.4517  0.7366 
   00589    0.3925   -1266.7755  0.7425 
   00590    0.3800   -1273.4194  0.7440 
   00591    0.3875   -1285.8663  0.7494 
   00592    0.4250   -1299.1527  0.7516 
   00593    0.4650   -1266.6856  0.7440 
   00594    0.3975   -1292.1836  0.7622 
   00595    0.4275   -1296.9503  0.7705 
   00596    0.3900   -1284.3407  0.7636 
   00597    0.4200   -1290.6378  0.7646 
   00598    0.3875   -1275.2870  0.7543 
   00599    0.4425   -1281.3861  0.7631 
   00600    0.3650   -1264.6138  0.7659 
   00601    0.3925   -1262.9389  0.7638 
   00602    0.4075   -1264.4375  0.7673 
   00603    0.4075   -1285.8435  0.7800 
   00604    0.3975   -1282.9787  0.7910 
   00605    0.3900   -1264.7342  0.7878 
   00606    0.3825   -1289.5818  0.7928 
   00607    0.4000   -1284.4513  0.7976 
   00608    0.4250   -1314.2666  0.8054 
   00609    0.3850   -1309.4086  0.8053 
   00610    0.3325   -1305.0684  0.8146 
   00611    0.3475   -1292.2712  0.8068 
   00612    0.4450   -1275.8079  0.8000 
   00613    0.4050   -1284.0803  0.7997 
   00614    0.4025   -1282.2962  0.8045 
   00615    0.4050   -1276.1699  0.8119 
   00616    0.3975   -1278.9174  0.8145 
   00617    0.4025   -1276.0582  0.8121 
   00618    0.4350   -1278.3311  0.8122 
   00619    0.4050   -1291.3711  0.8156 
   00620    0.4200   -1300.3047  0.8167 
   00621    0.4600   -1297.5739  0.8199 
   00622    0.3675   -1291.9565  0.8176 
   00623    0.3625   -1297.1764  0.8229 
   00624    0.3975   -1306.9854  0.8195 
   00625    0.3700   -1300.2508  0.8160 
   00626    0.3700   -1300.4367  0.8019 
   00627    0.3875   -1292.6486  0.8038 
   00628    0.3550   -1288.2141  0.7993 
   00629    0.3950   -1290.5321  0.7998 
   00630    0.3975   -1267.5629  0.7876 
   00631    0.3975   -1280.4423  0.7906 
   00632    0.3650   -1262.4787  0.7748 
   00633    0.4150   -1281.3283  0.7935 
   00634    0.4075   -1297.4562  0.7955 
   00635    0.4350   -1265.7357  0.7772 
   00636    0.3875   -1260.6360  0.7783 
   00637    0.3900   -1256.3595  0.7816 
   00638    0.4250   -1247.5765  0.7818 
   00639    0.4050   -1259.8950  0.7852 
   00640    0.4025   -1250.1992  0.7587 
   00641    0.4100   -1262.3228  0.7583 
   00642    0.4450   -1276.7212  0.7796 
   00643    0.4475   -1292.3487  0.7751 
   00644    0.4000   -1291.0536  0.7816 
   00645    0.4175   -1292.2105  0.7765 
   00646    0.3725   -1273.1261  0.7795 
   00647    0.3925   -1279.2801  0.7861 
   00648    0.3875   -1255.1703  0.7822 
   00649    0.4175   -1274.7124  0.7861 
   00650    0.4000   -1281.7836  0.7942 
   00651    0.3975   -1288.8586  0.8099 
   00652    0.3825   -1299.3315  0.8094 
   00653    0.3600   -1303.2942  0.8158 
   00654    0.3925   -1303.6275  0.8191 
   00655    0.3650   -1314.9186  0.8258 
   00656    0.4000   -1322.6902  0.8304 
   00657    0.3750   -1302.3418  0.8197 
   00658    0.3650   -1306.6822  0.8320 
   00659    0.4025   -1303.8061  0.8437 
   00660    0.4425   -1314.0835  0.8438 
   00661    0.3825   -1305.2757  0.8384 
   00662    0.4000   -1299.2521  0.8327 
   00663    0.3600   -1290.3919  0.8317 
   00664    0.3700   -1280.0590  0.8285 
   00665    0.3925   -1295.9931  0.8272 
   00666    0.4400   -1288.9496  0.8262 
   00667    0.4575   -1286.2255  0.8287 
   00668    0.4375   -1300.9699  0.8336 
   00669    0.3850   -1320.7921  0.8455 
   00670    0.4075   -1328.3795  0.8475 
   00671    0.3700   -1334.6720  0.8479 
   00672    0.4150   -1322.7645  0.8385 
   00673    0.4150   -1280.7274  0.8142 
   00674    0.4300   -1233.9061  0.7850 
   00675    0.3800   -1253.4443  0.7958 
   00676    0.3600   -1278.4059  0.8118 
   00677    0.4175   -1302.8973  0.8159 
   00678    0.4325   -1290.2085  0.8148 
   00679    0.4225   -1286.4449  0.8299 
   00680    0.3875   -1296.5449  0.8167 
   00681    0.4100   -1317.5905  0.8151 
   00682    0.3750   -1327.8395  0.8260 
   00683    0.3725   -1286.3554  0.8039 
   00684    0.3625   -1298.5270  0.7999 
   00685    0.3775   -1318.2022  0.8094 
   00686    0.4175   -1277.6474  0.7966 
   00687    0.3675   -1293.4771  0.8007 
   00688    0.3825   -1290.4998  0.7999 
   00689    0.4000   -1305.6808  0.8116 
   00690    0.4000   -1298.2374  0.8023 
   00691    0.4075   -1267.3072  0.7964 
   00692    0.4300   -1245.6756  0.7900 
   00693    0.4000   -1246.0649  0.7998 
   00694    0.4275   -1268.2427  0.8079 
   00695    0.4100   -1259.8522  0.8011 
   00696    0.4350   -1260.1290  0.8068 
   00697    0.4125   -1292.1104  0.8225 
   00698    0.4250   -1290.7562  0.8267 
   00699    0.4500   -1297.5032  0.8352 
   00700    0.3675   -1319.9510  0.8454 
   00701    0.3475   -1317.1486  0.8405 
   00702    0.4325   -1303.3297  0.8346 
   00703    0.3975   -1310.6265  0.8286 
   00704    0.3925   -1301.8244  0.8285 
   00705    0.4025   -1286.9392  0.8246 
   00706    0.3800   -1291.1408  0.8210 
   00707    0.4025   -1279.0918  0.8209 
   00708    0.4350   -1289.6759  0.8216 
   00709    0.3725   -1299.7127  0.8323 
   00710    0.4025   -1309.1034  0.8371 
   00711    0.3975   -1314.3164  0.8452 
   00712    0.3575   -1301.3525  0.8334 
   00713    0.4050   -1280.4204  0.8240 
   00714    0.3850   -1280.4874  0.8344 
   00715    0.4275   -1268.3895  0.8179 
   00716    0.4125   -1281.4348  0.8151 
   00717    0.3825   -1284.9861  0.8201 
   00718    0.4400   -1277.2796  0.8251 
   00719    0.3700   -1302.4525  0.8228 
   00720    0.3925   -1310.8365  0.8356 
   00721    0.4025   -1298.5759  0.8313 
   00722    0.3725   -1290.8688  0.8235 
   00723    0.4475   -1263.6300  0.8088 
   00724    0.3775   -1255.4404  0.7918 
   00725    0.3800   -1258.6622  0.8020 
   00726    0.4225   -1245.1094  0.7911 
   00727    0.4175   -1251.6955  0.7958 
   00728    0.4250   -1278.4919  0.8153 
   00729    0.3800   -1291.1603  0.8199 
   00730    0.4500   -1282.0689  0.8173 
   00731    0.4350   -1277.2427  0.8232 
   00732    0.3875   -1282.1363  0.8171 
   00733    0.4250   -1285.3115  0.8192 
   00734    0.4175   -1276.2714  0.8071 
   00735    0.4225   -1289.6622  0.8199 
   00736    0.3900   -1288.5562  0.8148 
   00737    0.4050   -1295.1545  0.8078 
   00738    0.4175   -1303.0348  0.8120 
   00739    0.3950   -1328.1372  0.8178 
   00740    0.3925   -1340.0854  0.8275 
   00741    0.4025   -1345.5526  0.8352 
   00742    0.3575   -1352.9136  0.8467 
   00743    0.3450   -1336.4526  0.8429 
   00744    0.3500   -1326.6769  0.8408 
   00745    0.3800   -1319.5771  0.8357 
   00746    0.3625   -1309.9542  0.8360 
   00747    0.3850   -1309.8102  0.8468 
   00748    0.3900   -1302.9319  0.8485 
   00749    0.3725   -1293.1556  0.8414 
   00750    0.4450   -1294.2464  0.8408 
   00751    0.4175   -1284.2161  0.8394 
   00752    0.3675   -1253.7306  0.8275 
   00753    0.3900   -1250.6592  0.8242 
   00754    0.3775   -1282.6971  0.8307 
   00755    0.4050   -1271.8311  0.8277 
   00756    0.4200   -1298.9980  0.8322 
   00757    0.4150   -1307.2329  0.8352 
   00758    0.3825   -1324.2189  0.8320 
   00759    0.3600   -1293.6364  0.8171 
   00760    0.4175   -1288.8543  0.8110 
   00761    0.4350   -1289.7298  0.8211 
   00762    0.4250   -1273.3450  0.8125 
   00763    0.3900   -1272.5522  0.8039 
   00764    0.4025   -1280.3803  0.7915 
   00765    0.4225   -1260.3003  0.7757 
   00766    0.4350   -1264.8395  0.7686 
   00767    0.3950   -1256.5657  0.7676 
   00768    0.4025   -1237.2335  0.7598 
   00769    0.4375   -1250.1973  0.7657 
   00770    0.3825   -1241.7477  0.7630 
   00771    0.3975   -1263.7831  0.7607 
   00772    0.4475   -1267.9220  0.7751 
   00773    0.3925   -1279.4874  0.7768 
   00774    0.3950   -1272.9532  0.7773 
   00775    0.3725   -1249.6441  0.7578 
   00776    0.3950   -1242.7151  0.7655 
   00777    0.4175   -1246.8065  0.7724 
   00778    0.4025   -1242.6631  0.7583 
   00779    0.4500   -1244.2657  0.7696 
   00780    0.4225   -1275.3500  0.7779 
   00781    0.3850   -1286.9209  0.7752 
   00782    0.3775   -1278.1946  0.7697 
   00783    0.4300   -1282.6540  0.7492 
   00784    0.4250   -1256.0521  0.7497 
   00785    0.3700   -1265.8815  0.7621 
   00786    0.3300   -1287.9639  0.7684 
   00787    0.3950   -1287.2955  0.7746 
   00788    0.4075   -1304.4710  0.7677 
   00789    0.4325   -1302.0281  0.7674 
   00790    0.4325   -1289.4181  0.7633 
   00791    0.4050   -1289.3762  0.7688 
   00792    0.4050   -1309.3730  0.7805 
   00793    0.3375   -1290.3776  0.7703 
   00794    0.4075   -1305.4273  0.7904 
   00795    0.4125   -1297.0549  0.7830 
   00796    0.4000   -1286.6665  0.7828 
   00797    0.4075   -1301.7601  0.8016 
   00798    0.3325   -1301.1445  0.8012 
   00799    0.4175   -1299.9518  0.7977 
   00800    0.3975   -1293.0893  0.8074 
   00801    0.4100   -1302.3803  0.7997 
   00802    0.4325   -1325.9469  0.8177 
   00803    0.3725   -1308.5462  0.8156 
   00804    0.3725   -1301.5668  0.8152 
   00805    0.3875   -1309.9781  0.8248 
   00806    0.3400   -1316.8221  0.8231 
   00807    0.4300   -1311.5090  0.8385 
   00808    0.3975   -1331.9111  0.8471 
   00809    0.3950   -1324.5865  0.8273 
   00810    0.3700   -1315.7162  0.8221 
   00811    0.3400   -1295.1051  0.8191 
   00812    0.3650   -1284.9917  0.8078 
   00813    0.4150   -1268.9875  0.8022 
   00814    0.3775   -1270.8266  0.7921 
   00815    0.4175   -1285.2827  0.8119 
   00816    0.3500   -1295.7438  0.8142 
   00817    0.3950   -1289.6761  0.8124 
   00818    0.4075   -1292.7683  0.8180 
   00819    0.3775   -1259.2349  0.8051 
   00820    0.4025   -1277.5158  0.8123 
   00821    0.3775   -1259.2347  0.8098 
   00822    0.3775   -1270.3612  0.8103 
   00823    0.3775   -1263.0193  0.8178 
   00824    0.4300   -1261.7067  0.8158 
   00825    0.3925   -1285.5359  0.8236 
   00826    0.3875   -1256.5699  0.8153 
   00827    0.4400   -1256.8273  0.8128 
   00828    0.4150   -1251.2838  0.8048 
   00829    0.3550   -1256.8843  0.8024 
   00830    0.4125   -1254.1980  0.8012 
   00831    0.4250   -1284.4250  0.8181 
   00832    0.4200   -1285.2331  0.8240 
   00833    0.3925   -1268.2146  0.8160 
   00834    0.4250   -1270.5017  0.8135 
   00835    0.4100   -1257.8887  0.7940 
   00836    0.3900   -1246.8976  0.7825 
   00837    0.4050   -1238.1962  0.7798 
   00838    0.4325   -1253.4623  0.7841 
   00839    0.3925   -1268.8276  0.7803 
   00840    0.3925   -1259.6713  0.7854 
   00841    0.3875   -1246.6817  0.7749 
   00842    0.4075   -1225.8092  0.7713 
   00843    0.4250   -1244.5666  0.7698 
   00844    0.4150   -1254.3730  0.7764 
   00845    0.4375   -1268.2814  0.7869 
   00846    0.3975   -1246.7781  0.7726 
   00847    0.4075   -1230.9307  0.7716 
   00848    0.4525   -1250.0956  0.7721 
   00849    0.3975   -1268.2490  0.7773 
   00850    0.4375   -1284.9127  0.7833 
   00851    0.4075   -1280.3949  0.7833 
   00852    0.4075   -1286.9401  0.7773 
   00853    0.4250   -1285.7110  0.7778 
   00854    0.3875   -1293.6759  0.7884 
   00855    0.3775   -1279.4383  0.7949 
   00856    0.3975   -1290.6185  0.7938 
   00857    0.3900   -1307.5675  0.7953 
   00858    0.4000   -1307.6290  0.7920 
   00859    0.4150   -1286.9484  0.7867 
   00860    0.4125   -1287.7810  0.7881 
   00861    0.4050   -1290.3813  0.7849 
   00862    0.4075   -1298.4022  0.7869 
   00863    0.4050   -1307.6558  0.7923 
   00864    0.3550   -1295.3335  0.7980 
   00865    0.3825   -1292.4595  0.8014 
   00866    0.4125   -1322.4205  0.7981 
   00867    0.4200   -1330.0071  0.8042 
   00868    0.3625   -1312.0108  0.8016 
   00869    0.3800   -1292.3114  0.7931 
   00870    0.4050   -1273.5454  0.7980 
   00871    0.3650   -1246.1195  0.7927 
   00872    0.4150   -1221.0792  0.7756 
   00873    0.4125   -1262.1866  0.7957 
   00874    0.4450   -1260.2548  0.7992 
   00875    0.3900   -1267.6531  0.8003 
   00876    0.4175   -1279.0173  0.8061 
   00877    0.4200   -1265.9710  0.7956 
   00878    0.4225   -1270.9308  0.7879 
   00879    0.3875   -1285.5187  0.7925 
   00880    0.4375   -1254.8826  0.7667 
   00881    0.3950   -1257.9056  0.7635 
   00882    0.3775   -1275.2620  0.7792 
   00883    0.4075   -1286.9939  0.7870 
   00884    0.3800   -1285.4014  0.7781 
   00885    0.3875   -1282.2751  0.7896 
   00886    0.3925   -1285.6376  0.7829 
   00887    0.3900   -1293.1894  0.7750 
   00888    0.3975   -1300.3779  0.7756 
   00889    0.4050   -1284.2564  0.7858 
   00890    0.4125   -1250.4361  0.7687 
   00891    0.3900   -1252.1104  0.7737 
   00892    0.4075   -1278.6664  0.7678 
   00893    0.3750   -1276.3810  0.7729 
   00894    0.4100   -1291.3741  0.7832 
   00895    0.3825   -1307.4192  0.7897 
   00896    0.4500   -1270.1689  0.7863 
   00897    0.4100   -1260.1581  0.7730 
   00898    0.4475   -1256.7686  0.7750 
   00899    0.4050   -1283.6785  0.7883 
   00900    0.4325   -1282.7973  0.7952 
   00901    0.3875   -1301.4185  0.7985 
   00902    0.3750   -1298.6980  0.7958 
   00903    0.4325   -1283.0223  0.7849 
   00904    0.4225   -1271.5107  0.7812 
   00905    0.4125   -1285.5597  0.8072 
   00906    0.3875   -1307.6964  0.8158 
   00907    0.4725   -1299.6758  0.8168 
   00908    0.4525   -1310.3201  0.8351 
   00909    0.4050   -1347.4534  0.8480 
   00910    0.3950   -1359.5448  0.8544 
   00911    0.3950   -1364.7731  0.8499 
   00912    0.4250   -1339.2175  0.8324 
   00913    0.3675   -1320.4018  0.8221 
   00914    0.3600   -1304.8608  0.8111 
   00915    0.3900   -1305.7248  0.8110 
   00916    0.3825   -1315.2207  0.8193 
   00917    0.3875   -1319.2023  0.8127 
   00918    0.4000   -1286.8827  0.7996 
   00919    0.3600   -1281.3209  0.7983 
   00920    0.4400   -1289.0310  0.8050 
   00921    0.4025   -1248.7916  0.7806 
   00922    0.3925   -1251.4888  0.7865 
   00923    0.4075   -1264.6850  0.7992 
   00924    0.4200   -1264.9162  0.8089 
   00925    0.3675   -1283.8851  0.8192 
   00926    0.4500   -1302.2791  0.8227 
   00927    0.3750   -1295.3527  0.8191 
   00928    0.4150   -1299.4982  0.8153 
   00929    0.3725   -1308.4725  0.8173 
   00930    0.4250   -1296.3081  0.8155 
   00931    0.3800   -1316.5230  0.8274 
   00932    0.3200   -1287.5550  0.8137 
   00933    0.4275   -1261.1743  0.7931 
   00934    0.4025   -1259.4905  0.7894 
   00935    0.4100   -1266.2441  0.7945 
   00936    0.4100   -1290.5082  0.8026 
   00937    0.4125   -1299.5777  0.8154 
   00938    0.4000   -1295.7484  0.8113 
   00939    0.3725   -1322.4872  0.8239 
   00940    0.3725   -1299.1661  0.8134 
   00941    0.4200   -1287.7218  0.8075 
   00942    0.4275   -1282.8861  0.8066 
   00943    0.3850   -1277.7771  0.8122 
   00944    0.4475   -1287.7479  0.8119 
   00945    0.3850   -1290.9549  0.8074 
   00946    0.3725   -1290.2176  0.8118 
   00947    0.4075   -1290.6298  0.8238 
   00948    0.4050   -1315.4627  0.8284 
   00949    0.3575   -1305.0257  0.8132 
   00950    0.3675   -1296.7445  0.8201 
   00951    0.3650   -1303.4973  0.8208 
   00952    0.4100   -1300.1206  0.8191 
   00953    0.3450   -1297.3786  0.8242 
   00954    0.3775   -1303.6928  0.8200 
   00955    0.4500   -1289.7468  0.8155 
   00956    0.4000   -1278.6109  0.8128 
   00957    0.4325   -1282.1745  0.8169 
   00958    0.3575   -1272.0231  0.8206 
   00959    0.4000   -1252.7638  0.8256 
   00960    0.3300   -1286.0275  0.8407 
   00961    0.3950   -1280.1034  0.8266 
   00962    0.3900   -1247.7294  0.8174 
   00963    0.4025   -1258.2419  0.8214 
   00964    0.4200   -1276.2132  0.8127 
   00965    0.3775   -1288.4689  0.8044 
   00966    0.4025   -1287.4556  0.8049 
   00967    0.4000   -1312.3454  0.8086 
   00968    0.3950   -1319.8110  0.8071 
   00969    0.3900   -1299.5713  0.8034 
   00970    0.3650   -1291.2536  0.8005 
   00971    0.3800   -1293.1547  0.7871 
   00972    0.4275   -1285.9180  0.7796 
   00973    0.4150   -1278.2444  0.7884 
   00974    0.3925   -1271.8605  0.7778 
   00975    0.4425   -1258.6553  0.7733 
   00976    0.4250   -1281.2020  0.7763 
   00977    0.3650   -1272.4487  0.7745 
   00978    0.4175   -1283.4114  0.7785 
   00979    0.4050   -1257.7813  0.7737 
   00980    0.4225   -1263.1792  0.7692 
   00981    0.4625   -1230.9077  0.7688 
   00982    0.4175   -1260.7246  0.7827 
   00983    0.3975   -1280.8186  0.7945 
   00984    0.4150   -1272.7367  0.7818 
   00985    0.4050   -1292.1247  0.7887 
   00986    0.3625   -1283.8915  0.7840 
   00987    0.3925   -1285.5812  0.7895 
   00988    0.3750   -1272.4398  0.7860 
   00989    0.4525   -1271.3508  0.7894 
   00990    0.4025   -1285.8181  0.7907 
   00991    0.4250   -1310.2625  0.7991 
   00992    0.3675   -1327.5748  0.8099 
   00993    0.3925   -1318.0195  0.7982 
   00994    0.3900   -1325.1536  0.8007 
   00995    0.4275   -1326.6978  0.8043 
   00996    0.3750   -1280.9123  0.7860 
   00997    0.4300   -1280.7488  0.7838 
   00998    0.4350   -1290.4891  0.8018 
   00999    0.4050   -1261.2017  0.7994 
   01000    0.4100   -1282.6501  0.8029 
