#=====================================================
# File created:        Mon-16-Feb-2026-at-01-51-05PM
# Size of lattice:     40x40
# Number of MC steps:  1000
# Reduced temperature: 0.650
# Run time (s):        15.634892
#=====================================================
# MC step:  Ratio:     Energy:   Order:
#=====================================================
   00000    0.5000   -1630.9102  0.2552 
   00001    0.6831   -2405.0500  0.2563 
   00002    0.6100   -2868.7106  0.2670 
   00003    0.5775   -3263.0943  0.2718 
   00004    0.5406   -3445.6488  0.2671 
   00005    0.5294   -3579.9134  0.2775 
   00006    0.5144   -3729.6430  0.2825 
   00007    0.4969   -3845.6703  0.2888 
   00008    0.4994   -3965.1861  0.2760 
   00009    0.4881   -4075.2365  0.2770 
   00010    0.4656   -4175.8203  0.2728 
   00011    0.4681   -4235.0375  0.2784 
   00012    0.4719   -4239.5861  0.2810 
   00013    0.4594   -4271.9778  0.2935 
   00014    0.4494   -4346.1337  0.3058 
   00015    0.4512   -4372.3409  0.3197 
   00016    0.4612   -4391.0285  0.3224 
   00017    0.4594   -4406.6107  0.3079 
   00018    0.4650   -4441.5143  0.3134 
   00019    0.4487   -4509.9484  0.3083 
   00020    0.4213   -4598.5613  0.3129 
   00021    0.4250   -4571.1194  0.3144 
   00022    0.4450   -4651.5099  0.3224 
   00023    0.4150   -4722.6144  0.3211 
   00024    0.4263   -4702.4093  0.3086 
   00025    0.4200   -4651.8166  0.3098 
   00026    0.4194   -4669.4989  0.3068 
   00027    0.4606   -4673.5946  0.3056 
   00028    0.4369   -4660.4772  0.3065 
   00029    0.4375   -4707.9322  0.3033 
   00030    0.4200   -4692.4205  0.3065 
   00031    0.4412   -4711.9041  0.3089 
   00032    0.4163   -4724.5807  0.3099 
   00033    0.4138   -4706.9168  0.3123 
   00034    0.4331   -4751.0982  0.3197 
   00035    0.4238   -4781.7146  0.3244 
   00036    0.4113   -4814.0219  0.3236 
   00037    0.4094   -4756.7536  0.3228 
   00038    0.4356   -4763.9714  0.3195 
   00039    0.4344   -4767.2252  0.3212 
   00040    0.4125   -4783.9946  0.3265 
   00041    0.4431   -4813.7678  0.3272 
   00042    0.4275   -4800.7762  0.3276 
   00043    0.4356   -4829.2726  0.3328 
   00044    0.4012   -4820.4202  0.3323 
   00045    0.4269   -4793.0833  0.3435 
   00046    0.4238   -4822.6829  0.3533 
   00047    0.4088   -4827.7443  0.3539 
   00048    0.4238   -4786.1862  0.3532 
   00049    0.4350   -4772.9974  0.3659 
   00050    0.4313   -4771.6185  0.3760 
   00051    0.4194   -4832.0033  0.3906 
   00052    0.3937   -4843.0823  0.4028 
   00053    0.4206   -4840.5490  0.4014 
   00054    0.4019   -4891.1141  0.4063 
   00055    0.4131   -4872.6003  0.4160 
   00056    0.4125   -4837.5837  0.4043 
   00057    0.3975   -4826.4508  0.3975 
   00058    0.4206   -4829.7926  0.3996 
   00059    0.4225   -4789.0990  0.4060 
   00060    0.4188   -4800.8930  0.4103 
   00061    0.3969   -4773.3921  0.4127 
   00062    0.4269   -4815.0750  0.4107 
   00063    0.4331   -4781.2672  0.4157 
   00064    0.4225   -4851.6620  0.4280 
   00065    0.4331   -4829.9396  0.4244 
   00066    0.4250   -4846.8491  0.4274 
   00067    0.4275   -4815.8041  0.4314 
   00068    0.4281   -4813.5048  0.4258 
   00069    0.4012   -4806.3777  0.4335 
   00070    0.4263   -4807.5303  0.4203 
   00071    0.4344   -4863.4078  0.4203 
   00072    0.4119   -4863.0333  0.4251 
   00073    0.4188   -4893.5174  0.4224 
   00074    0.4250   -4884.4665  0.4267 
   00075    0.4062   -4871.5323  0.4311 
   00076    0.4256   -4883.2776  0.4313 
   00077    0.4181   -4892.3777  0.4350 
   00078    0.4200   -4905.4701  0.4339 
   00079    0.4225   -4905.9514  0.4383 
   00080    0.4131   -4929.6663  0.4496 
   00081    0.4062   -4947.9504  0.4589 
   00082    0.4056   -4922.9783  0.4591 
   00083    0.4244   -4899.6166  0.4578 
   00084    0.3925   -4932.9046  0.4629 
   00085    0.4381   -4882.3780  0.4564 
   00086    0.4062   -4933.9155  0.4502 
   00087    0.4188   -4915.1768  0.4456 
   00088    0.3881   -4848.0100  0.4385 
   00089    0.4206   -4831.4052  0.4379 
   00090    0.4412   -4859.3808  0.4338 
   00091    0.4012   -4865.3154  0.4314 
   00092    0.3931   -4863.4106  0.4344 
   00093    0.4100   -4865.3564  0.4362 
   00094    0.4125   -4923.5505  0.4459 
   00095    0.3975   -4908.2133  0.4549 
   00096    0.4125   -4952.9390  0.4611 
   00097    0.3850   -4981.1109  0.4618 
   00098    0.4138   -5000.4202  0.4727 
   00099    0.3919   -4973.1562  0.4800 
   00100    0.4025   -5001.4889  0.4787 
   00101    0.4113   -4979.5537  0.4778 
   00102    0.4125   -5024.5971  0.4775 
   00103    0.3962   -4989.4016  0.4755 
   00104    0.4075   -4967.0707  0.4726 
   00105    0.3894   -4959.9560  0.4773 
   00106    0.4200   -4959.6687  0.4853 
   00107    0.4444   -4927.1623  0.4796 
   00108    0.3812   -4939.9424  0.4938 
   00109    0.4100   -4918.1948  0.4945 
   00110    0.4044   -5007.8146  0.5003 
   00111    0.4094   -5017.8043  0.4966 
   00112    0.4050   -4994.0906  0.4930 
   00113    0.4081   -4978.6340  0.4846 
   00114    0.4294   -4975.2696  0.4913 
   00115    0.4081   -4960.0724  0.4978 
   00116    0.4062   -4941.4035  0.5053 
   00117    0.3862   -4934.1777  0.5017 
   00118    0.4100   -4901.9349  0.4970 
   00119    0.4119   -4940.6772  0.4930 
   00120    0.4006   -4957.0129  0.5057 
   00121    0.3981   -4971.5648  0.5110 
   00122    0.4206   -4997.9461  0.5216 
   00123    0.3906   -4990.7839  0.5106 
   00124    0.4213   -4952.6026  0.4991 
   00125    0.4313   -4956.5124  0.4980 
   00126    0.4200   -4960.8612  0.5016 
   00127    0.3937   -4974.5325  0.5104 
   00128    0.3975   -4972.6143  0.5022 
   00129    0.3944   -4937.8985  0.4900 
   00130    0.4169   -4934.6456  0.4830 
   00131    0.4025   -4936.1117  0.4907 
   00132    0.3950   -4940.1723  0.4879 
   00133    0.4219   -5004.8682  0.4898 
   00134    0.3881   -4988.2015  0.4860 
   00135    0.4069   -5035.5479  0.4875 
   00136    0.4150   -5030.8643  0.4933 
   00137    0.3950   -5037.5899  0.4903 
   00138    0.3931   -5049.9784  0.4916 
   00139    0.4050   -5043.0546  0.4795 
   00140    0.3806   -5073.8595  0.4773 
   00141    0.3944   -5015.0861  0.4846 
   00142    0.3956   -5037.4270  0.4890 
   00143    0.4256   -5053.4887  0.4952 
   00144    0.3994   -5060.1479  0.4891 
   00145    0.3894   -5038.3688  0.4929 
   00146    0.4144   -4999.9402  0.4914 
   00147    0.4031   -5004.4937  0.4902 
   00148    0.4081   -5024.2640  0.4848 
   00149    0.4088   -5028.4524  0.4810 
   00150    0.4194   -5076.0971  0.4741 
   00151    0.4175   -5059.6830  0.4766 
   00152    0.4081   -5067.4416  0.4880 
   00153    0.3887   -5048.5030  0.4874 
   00154    0.4213   -4990.9096  0.4858 
   00155    0.4100   -4973.8688  0.4792 
   00156    0.4163   -4985.3966  0.4827 
   00157    0.4113   -5004.8161  0.4939 
   00158    0.4163   -5013.9865  0.4890 
   00159    0.3875   -5004.6965  0.4841 
   00160    0.4150   -5002.5085  0.4830 
   00161    0.3919   -4995.9793  0.4756 
   00162    0.4056   -5045.4749  0.4707 
   00163    0.4019   -5016.4695  0.4825 
   00164    0.4037   -4993.5188  0.4822 
   00165    0.4081   -4969.5501  0.4884 
   00166    0.3962   -4998.6234  0.4913 
   00167    0.4163   -4978.0440  0.4889 
   00168    0.3925   -5040.9156  0.4867 
   00169    0.4156   -4972.2910  0.4887 
   00170    0.3994   -5024.8791  0.4918 
   00171    0.4000   -5025.9114  0.4877 
   00172    0.3931   -5057.3910  0.4832 
   00173    0.3806   -5044.7889  0.4822 
   00174    0.4037   -5012.0277  0.4845 
   00175    0.4050   -4999.3441  0.4824 
   00176    0.4225   -4995.3712  0.4816 
   00177    0.3975   -5036.2311  0.4823 
   00178    0.3825   -5053.2279  0.4874 
   00179    0.4225   -5062.6786  0.4835 
   00180    0.4213   -5084.4415  0.4893 
   00181    0.4238   -5039.6153  0.4900 
   00182    0.4125   -5076.5273  0.5006 
   00183    0.4175   -5074.7151  0.5005 
   00184    0.3962   -5057.0770  0.4999 
   00185    0.3881   -5007.1939  0.4976 
   00186    0.4075   -5006.3809  0.4952 
   00187    0.4031   -5028.5762  0.4950 
   00188    0.3725   -5039.4839  0.4858 
   00189    0.3969   -5055.6395  0.4898 
   00190    0.3887   -5045.5751  0.4917 
   00191    0.3962   -5016.1859  0.4898 
   00192    0.4206   -4985.4005  0.4832 
   00193    0.4075   -5000.3439  0.4740 
   00194    0.3638   -4995.8711  0.4800 
   00195    0.4138   -5003.5464  0.4705 
   00196    0.3925   -4980.1645  0.4736 
   00197    0.4213   -4998.3813  0.4694 
   00198    0.3931   -4999.2473  0.4641 
   00199    0.4019   -4940.3772  0.4622 
   00200    0.4256   -4967.7321  0.4520 
   00201    0.4344   -4990.5889  0.4627 
   00202    0.4163   -4998.6986  0.4659 
   00203    0.4144   -4985.8835  0.4635 
   00204    0.4163   -5001.6141  0.4831 
   00205    0.4163   -5012.9419  0.4846 
   00206    0.4194   -4997.3348  0.4757 
   00207    0.4094   -4986.6119  0.4693 
   00208    0.4119   -4945.3691  0.4671 
   00209    0.4138   -4951.7190  0.4761 
   00210    0.4131   -4960.8165  0.4726 
   00211    0.4131   -4987.5561  0.4802 
   00212    0.3919   -4978.9862  0.4823 
   00213    0.4113   -5023.9939  0.4936 
   00214    0.4081   -5016.3547  0.4875 
   00215    0.3800   -4997.4088  0.4824 
   00216    0.3994   -5006.1235  0.4889 
   00217    0.4313   -5040.6802  0.5023 
   00218    0.4062   -5062.4101  0.5169 
   00219    0.4419   -5074.1830  0.5178 
   00220    0.3944   -5064.4409  0.5150 
   00221    0.3925   -5052.0761  0.5155 
   00222    0.3950   -5019.3391  0.5050 
   00223    0.4169   -5022.1437  0.4993 
   00224    0.4006   -5015.9358  0.5062 
   00225    0.4088   -5022.8575  0.5026 
   00226    0.4150   -5014.0401  0.5089 
   00227    0.4188   -5106.7202  0.5082 
   00228    0.3844   -5121.6090  0.5113 
   00229    0.4062   -5133.8614  0.5122 
   00230    0.3850   -5118.1244  0.5127 
   00231    0.4000   -5073.2968  0.5187 
   00232    0.3950   -5085.3370  0.5315 
   00233    0.4075   -5022.7249  0.5243 
   00234    0.3919   -5032.1923  0.5289 
   00235    0.4031   -5051.4197  0.5429 
   00236    0.4188   -5053.9268  0.5483 
   00237    0.4044   -5000.7552  0.5524 
   00238    0.4181   -4986.8181  0.5558 
   00239    0.4156   -4963.7973  0.5541 
   00240    0.4163   -4968.9528  0.5589 
   00241    0.4169   -5003.8938  0.5672 
   00242    0.4175   -5020.8005  0.5659 
   00243    0.3925   -5038.7713  0.5549 
   00244    0.4012   -5041.7936  0.5565 
   00245    0.3894   -5034.2159  0.5495 
   00246    0.3950   -5043.1872  0.5613 
   00247    0.4075   -5046.9939  0.5613 
   00248    0.4106   -5078.3612  0.5664 
   00249    0.3937   -5074.9156  0.5700 
   00250    0.4062   -5086.3683  0.5708 
   00251    0.4037   -5067.2216  0.5691 
   00252    0.4181   -5015.8121  0.5748 
   00253    0.4062   -5049.3588  0.5854 
   00254    0.4213   -5026.0940  0.5854 
   00255    0.4269   -5037.3929  0.5875 
   00256    0.3987   -5026.2181  0.5837 
   00257    0.3962   -5001.7071  0.5847 
   00258    0.4206   -5037.7739  0.5859 
   00259    0.4069   -5067.9274  0.5902 
   00260    0.4119   -5099.5103  0.6039 
   00261    0.4213   -5061.3062  0.6024 
   00262    0.4069   -5090.0456  0.6061 
   00263    0.3962   -5062.8005  0.6024 
   00264    0.4200   -5057.8190  0.6024 
   00265    0.4050   -5047.4952  0.6074 
   00266    0.4006   -5055.9487  0.6078 
   00267    0.4281   -5046.9184  0.6097 
   00268    0.3756   -5067.2806  0.6063 
   00269    0.4037   -5035.2908  0.6091 
   00270    0.3856   -5018.6034  0.6064 
   00271    0.4031   -5008.5149  0.6081 
   00272    0.4069   -5074.9331  0.6065 
   00273    0.3806   -5022.1468  0.6043 
   00274    0.4031   -5019.7418  0.6065 
   00275    0.4113   -4962.8562  0.6054 
   00276    0.4238   -5043.5012  0.6033 
   00277    0.3881   -5060.9969  0.6000 
   00278    0.4075   -5076.3775  0.6026 
   00279    0.3812   -5107.7084  0.5903 
   00280    0.4069   -5068.3293  0.5943 
   00281    0.4125   -5077.8453  0.6045 
   00282    0.3937   -5086.9393  0.6043 
   00283    0.3856   -5032.1694  0.6020 
   00284    0.4113   -5051.1452  0.5960 
   00285    0.3944   -5029.5741  0.5934 
   00286    0.4019   -5042.1474  0.5952 
   00287    0.4075   -5086.1186  0.5967 
   00288    0.4012   -5039.2560  0.5991 
   00289    0.3912   -5067.1305  0.6107 
   00290    0.3919   -5098.2681  0.6181 
   00291    0.4050   -5055.8345  0.6113 
   00292    0.4100   -5025.9297  0.6126 
   00293    0.3875   -5074.9099  0.6213 
   00294    0.4075   -5062.5539  0.6134 
   00295    0.3731   -5070.2062  0.6180 
   00296    0.3937   -5026.1256  0.6153 
   00297    0.4231   -5047.8308  0.6135 
   00298    0.3981   -5078.1336  0.6089 
   00299    0.4394   -5033.2405  0.6027 
   00300    0.3975   -5022.8869  0.6116 
   00301    0.4012   -5025.8614  0.6194 
   00302    0.4156   -5046.2501  0.6224 
   00303    0.3850   -5051.3062  0.6272 
   00304    0.4081   -5054.9526  0.6314 
   00305    0.3981   -5035.4046  0.6219 
   00306    0.4031   -5021.2423  0.6225 
   00307    0.3975   -5009.6039  0.6207 
   00308    0.3800   -5031.3931  0.6182 
   00309    0.4113   -5036.1001  0.6223 
   00310    0.3944   -5050.0781  0.6162 
   00311    0.3994   -5046.1450  0.6204 
   00312    0.4156   -5080.0448  0.6195 
   00313    0.4088   -5073.6384  0.6270 
   00314    0.4181   -5039.4801  0.6259 
   00315    0.4088   -5102.1795  0.6315 
   00316    0.3969   -5112.9562  0.6319 
   00317    0.4131   -5103.3185  0.6447 
   00318    0.3875   -5090.7146  0.6468 
   00319    0.4025   -5060.4918  0.6408 
   00320    0.4294   -5063.9825  0.6419 
   00321    0.4088   -5005.9129  0.6380 
   00322    0.3925   -4959.4789  0.6376 
   00323    0.4188   -4982.0999  0.6359 
   00324    0.4025   -4997.8217  0.6389 
   00325    0.3994   -4996.7169  0.6341 
   00326    0.4144   -4954.1359  0.6359 
   00327    0.4031   -4951.8031  0.6377 
   00328    0.4306   -4955.2842  0.6404 
   00329    0.3769   -5001.1142  0.6474 
   00330    0.3962   -5002.8259  0.6452 
   00331    0.4106   -5038.9592  0.6427 
   00332    0.4375   -4992.4672  0.6473 
   00333    0.3738   -5042.8190  0.6503 
   00334    0.3962   -5134.0660  0.6503 
   00335    0.4088   -5090.8338  0.6551 
   00336    0.3856   -5112.4831  0.6550 
   00337    0.4069   -5076.2412  0.6506 
   00338    0.3837   -5079.4409  0.6501 
   00339    0.4031   -5108.5727  0.6509 
   00340    0.3875   -5113.2046  0.6540 
   00341    0.4069   -5109.2970  0.6504 
   00342    0.4050   -5080.8878  0.6470 
   00343    0.3969   -5047.1065  0.6498 
   00344    0.4313   -5072.3106  0.6464 
   00345    0.3969   -5084.1233  0.6435 
   00346    0.3962   -5104.2091  0.6484 
   00347    0.3969   -5067.5875  0.6453 
   00348    0.3987   -5092.9029  0.6509 
   00349    0.3756   -5093.9140  0.6513 
   00350    0.3950   -5120.1052  0.6579 
   00351    0.4094   -5124.0815  0.6550 
   00352    0.4150   -5119.0275  0.6587 
   00353    0.3925   -5105.3693  0.6601 
   00354    0.4006   -5097.2141  0.6611 
   00355    0.4000   -5112.1387  0.6579 
   00356    0.4056   -5133.7304  0.6550 
   00357    0.3969   -5066.4089  0.6491 
   00358    0.3794   -5025.1668  0.6412 
   00359    0.4113   -5074.6565  0.6438 
   00360    0.4213   -5091.2413  0.6476 
   00361    0.3987   -5117.8740  0.6481 
   00362    0.3969   -5117.5724  0.6522 
   00363    0.3837   -5076.1692  0.6519 
   00364    0.4062   -5086.4508  0.6485 
   00365    0.3781   -5083.3835  0.6411 
   00366    0.4131   -5065.1846  0.6379 
   00367    0.4000   -5082.2420  0.6448 
   00368    0.4119   -5094.0415  0.6447 
   00369    0.4069   -5092.1236  0.6526 
   00370    0.4263   -5125.4557  0.6581 
   00371    0.4125   -5170.6013  0.6662 
   00372    0.3956   -5145.7532  0.6626 
   00373    0.3944   -5158.4810  0.6667 
   00374    0.4081   -5113.8870  0.6658 
   00375    0.3956   -5078.6163  0.6664 
   00376    0.4138   -5057.7407  0.6617 
   00377    0.4094   -5051.2353  0.6577 
   00378    0.4163   -5046.7904  0.6574 
   00379    0.4125   -5046.7984  0.6598 
   00380    0.4050   -5125.0974  0.6701 
   00381    0.4000   -5110.7090  0.6642 
   00382    0.4113   -5072.8624  0.6606 
   00383    0.4169   -5122.8930  0.6678 
   00384    0.4131   -5048.0678  0.6656 
   00385    0.4119   -5055.2838  0.6638 
   00386    0.3987   -5150.2616  0.6618 
   00387    0.3956   -5160.2890  0.6655 
   00388    0.3844   -5172.7226  0.6685 
   00389    0.3919   -5141.0791  0.6655 
   00390    0.4019   -5198.8778  0.6657 
   00391    0.4012   -5158.6183  0.6625 
   00392    0.4219   -5138.8845  0.6543 
   00393    0.4044   -5134.8336  0.6515 
   00394    0.4113   -5095.7653  0.6442 
   00395    0.3931   -5066.2853  0.6357 
   00396    0.4006   -5049.1051  0.6310 
   00397    0.4037   -5089.2834  0.6349 
   00398    0.4106   -5074.6279  0.6222 
   00399    0.3887   -5032.5364  0.6192 
   00400    0.4275   -5001.8845  0.6242 
   00401    0.3969   -5029.8470  0.6264 
   00402    0.3994   -5079.6592  0.6271 
   00403    0.3887   -5026.4409  0.6192 
   00404    0.4163   -5049.8205  0.6117 
   00405    0.4294   -5036.2446  0.6165 
   00406    0.4075   -5049.7605  0.6131 
   00407    0.4131   -5048.8005  0.6119 
   00408    0.4081   -5043.2225  0.6079 
   00409    0.4000   -5059.6521  0.6150 
   00410    0.4169   -5058.3173  0.6143 
   00411    0.4150   -5073.3476  0.6141 
   00412    0.4125   -5023.3816  0.6165 
   00413    0.4081   -5067.6079  0.6220 
   00414    0.3856   -5044.9898  0.6181 
   00415    0.4069   -5050.7366  0.6131 
   00416    0.4113   -5048.2766  0.6169 
   00417    0.4056   -5020.9562  0.6133 
   00418    0.4106   -5005.9628  0.6108 
   00419    0.4519   -5053.9701  0.6186 
   00420    0.4062   -5054.9966  0.6151 
   00421    0.3719   -5023.9338  0.6082 
   00422    0.3887   -4992.6502  0.6091 
   00423    0.4062   -5029.8252  0.6147 
   00424    0.4000   -5007.3704  0.6131 
   00425    0.4088   -4996.5186  0.6162 
   00426    0.4250   -4971.3486  0.6177 
   00427    0.4100   -4981.5670  0.6165 
   00428    0.4281   -4998.7386  0.6186 
   00429    0.4094   -4981.2358  0.6257 
   00430    0.4037   -5011.6525  0.6266 
   00431    0.4269   -4997.1954  0.6264 
   00432    0.3981   -5021.5881  0.6346 
   00433    0.4119   -5020.1926  0.6278 
   00434    0.4031   -5001.8999  0.6177 
   00435    0.4069   -4996.3082  0.6204 
   00436    0.4188   -5030.7944  0.6217 
   00437    0.4138   -4999.4212  0.6156 
   00438    0.4125   -4971.3623  0.6143 
   00439    0.4031   -4957.1361  0.6139 
   00440    0.4288   -5017.6064  0.6240 
   00441    0.4225   -5027.1165  0.6278 
   00442    0.4006   -4982.3714  0.6301 
   00443    0.4119   -4984.7843  0.6333 
   00444    0.4156   -5043.6897  0.6409 
   00445    0.4200   -5073.9525  0.6442 
   00446    0.4131   -5042.1902  0.6419 
   00447    0.4319   -5067.2090  0.6397 
   00448    0.4119   -5054.6851  0.6448 
   00449    0.3881   -5036.0101  0.6445 
   00450    0.4375   -5078.9918  0.6476 
   00451    0.3975   -5050.8559  0.6480 
   00452    0.3956   -5055.0757  0.6462 
   00453    0.4012   -5091.7305  0.6469 
   00454    0.3950   -5066.1264  0.6524 
   00455    0.3750   -5072.8653  0.6512 
   00456    0.3994   -5031.8062  0.6578 
   00457    0.4231   -5013.3419  0.6581 
   00458    0.4037   -4996.6217  0.6504 
   00459    0.4181   -5019.6840  0.6461 
   00460    0.4094   -5027.8870  0.6544 
   00461    0.4044   -5025.9419  0.6534 
   00462    0.4200   -5033.0064  0.6506 
   00463    0.4113   -5026.1408  0.6498 
   00464    0.4056   -5056.2382  0.6550 
   00465    0.4163   -5091.5761  0.6513 
   00466    0.4062   -5106.3100  0.6571 
   00467    0.4044   -5075.1779  0.6598 
   00468    0.4125   -5093.5116  0.6558 
   00469    0.4037   -5100.4383  0.6627 
   00470    0.4075   -5120.7988  0.6714 
   00471    0.4069   -5148.7948  0.6631 
   00472    0.3675   -5145.9752  0.6698 
   00473    0.3937   -5153.2374  0.6714 
   00474    0.4019   -5113.1632  0.6652 
   00475    0.4050   -5115.8221  0.6705 
   00476    0.3869   -5130.8541  0.6703 
   00477    0.3869   -5100.1408  0.6624 
   00478    0.4025   -5079.1953  0.6669 
   00479    0.4019   -5040.4638  0.6683 
   00480    0.4069   -5073.1442  0.6854 
   00481    0.4025   -5095.4064  0.6778 
   00482    0.4025   -5173.5111  0.6820 
   00483    0.4244   -5121.6692  0.6798 
   00484    0.3969   -5094.1164  0.6683 
   00485    0.4031   -5092.8769  0.6822 
   00486    0.4062   -5090.6955  0.6777 
   00487    0.4138   -5138.9433  0.6768 
   00488    0.3831   -5168.1971  0.6715 
   00489    0.4106   -5186.2243  0.6790 
   00490    0.4000   -5154.9449  0.6787 
   00491    0.3856   -5132.3260  0.6777 
   00492    0.3962   -5095.5101  0.6693 
   00493    0.3862   -5115.4385  0.6742 
   00494    0.3981   -5129.8902  0.6741 
   00495    0.3819   -5085.2253  0.6606 
   00496    0.3994   -5104.1898  0.6524 
   00497    0.3931   -5115.8036  0.6498 
   00498    0.4012   -5068.5629  0.6474 
   00499    0.4238   -5123.4014  0.6536 
   00500    0.4075   -5088.5908  0.6569 
   00501    0.4263   -5106.9091  0.6666 
   00502    0.4106   -5132.7002  0.6639 
   00503    0.4100   -5125.5655  0.6639 
   00504    0.4144   -5089.9436  0.6525 
   00505    0.4094   -5028.8046  0.6593 
   00506    0.3987   -5068.7921  0.6591 
   00507    0.3981   -4989.0917  0.6592 
   00508    0.4244   -4996.8209  0.6552 
   00509    0.4106   -4999.0525  0.6566 
   00510    0.4256   -4971.7770  0.6533 
   00511    0.4238   -4964.1797  0.6510 
   00512    0.4044   -5003.2210  0.6517 
   00513    0.4025   -5017.6792  0.6432 
   00514    0.4144   -5037.6969  0.6465 
   00515    0.4075   -5014.2380  0.6401 
   00516    0.3994   -5045.7296  0.6400 
   00517    0.4019   -5045.4542  0.6429 
   00518    0.4081   -5053.5659  0.6433 
   00519    0.3812   -5053.7789  0.6468 
   00520    0.4125   -5095.5100  0.6514 
   00521    0.3937   -5117.7200  0.6533 
   00522    0.4138   -5103.2832  0.6540 
   00523    0.4131   -5095.0917  0.6428 
   00524    0.4044   -5103.7418  0.6396 
   00525    0.3950   -5064.1182  0.6406 
   00526    0.4037   -5077.5551  0.6442 
   00527    0.4181   -5106.8561  0.6438 
   00528    0.4019   -5089.7745  0.6412 
   00529    0.4188   -5067.0217  0.6439 
   00530    0.4113   -5071.5073  0.6449 
   00531    0.3825   -5059.6230  0.6482 
   00532    0.3887   -5039.9175  0.6519 
   00533    0.4188   -5032.0299  0.6584 
   00534    0.3912   -5023.2698  0.6530 
   00535    0.3981   -5054.1463  0.6624 
   00536    0.3887   -5076.0984  0.6671 
   00537    0.3906   -5098.1877  0.6678 
   00538    0.4144   -5130.0573  0.6701 
   00539    0.4037   -5161.4307  0.6674 
   00540    0.3969   -5127.9333  0.6630 
   00541    0.4044   -5127.6995  0.6624 
   00542    0.4375   -5135.6755  0.6599 
   00543    0.4144   -5167.0979  0.6505 
   00544    0.4100   -5161.1145  0.6438 
   00545    0.4037   -5152.1953  0.6502 
   00546    0.3762   -5167.5649  0.6526 
   00547    0.3875   -5120.2266  0.6410 
   00548    0.4156   -5171.2829  0.6379 
   00549    0.3950   -5151.4425  0.6329 
   00550    0.4106   -5138.4492  0.6300 
   00551    0.4031   -5104.8009  0.6270 
   00552    0.3925   -5073.4259  0.6278 
   00553    0.4025   -5062.0604  0.6301 
   00554    0.4225   -5061.6010  0.6254 
   00555    0.3900   -5080.1300  0.6147 
   00556    0.3887   -5087.3979  0.6177 
   00557    0.4144   -5082.4084  0.6166 
   00558    0.4106   -5107.7238  0.6299 
   00559    0.4044   -5109.5985  0.6337 
   00560    0.3981   -5100.1377  0.6368 
   00561    0.4200   -5094.0272  0.6349 
   00562    0.3850   -5101.0992  0.6363 
   00563    0.4044   -5075.6098  0.6376 
   00564    0.4006   -5083.3981  0.6523 
   00565    0.4019   -5066.2643  0.6513 
   00566    0.3969   -5061.1433  0.6484 
   00567    0.4081   -5021.5691  0.6505 
   00568    0.4031   -5022.6162  0.6495 
   00569    0.3950   -5067.5639  0.6535 
   00570    0.4194   -5026.4630  0.6580 
   00571    0.4031   -5090.9923  0.6558 
   00572    0.3906   -5093.7528  0.6557 
   00573    0.3881   -5048.3746  0.6584 
   00574    0.4131   -5029.6409  0.6615 
   00575    0.3931   -5022.4910  0.6561 
   00576    0.4125   -5057.0106  0.6580 
   00577    0.3900   -5050.5377  0.6498 
   00578    0.4025   -5045.6983  0.6563 
   00579    0.3987   -5071.6349  0.6545 
   00580    0.3875   -5111.9629  0.6606 
   00581    0.4081   -5054.5101  0.6562 
   00582    0.4012   -5041.2164  0.6512 
   00583    0.4194   -4992.0390  0.6447 
   00584    0.4163   -4955.8930  0.6391 
   00585    0.4094   -4992.5126  0.6430 
   00586    0.3931   -5035.3853  0.6528 
   00587    0.3881   -5056.9993  0.6572 
   00588    0.3887   -5037.6100  0.6480 
   00589    0.4131   -5030.1079  0.6471 
   00590    0.4475   -5001.9970  0.6446 
   00591    0.4369   -5079.2943  0.6549 
   00592    0.3912   -5056.4566  0.6552 
   00593    0.3994   -5064.3516  0.6528 
   00594    0.4000   -5107.9708  0.6598 
   00595    0.3919   -5116.9922  0.6626 
   00596    0.4006   -5131.8085  0.6648 
   00597    0.3850   -5148.0903  0.6663 
   00598    0.3769   -5150.5274  0.6780 
   00599    0.4037   -5133.8603  0.6668 
   00600    0.3894   -5103.7745  0.6756 
   00601    0.3987   -5124.5819  0.6828 
   00602    0.4019   -5103.8035  0.6815 
   00603    0.4100   -5124.1137  0.6759 
   00604    0.3981   -5095.0822  0.6727 
   00605    0.3919   -5123.2634  0.6670 
   00606    0.3981   -5108.5341  0.6724 
   00607    0.3837   -5085.9920  0.6827 
   00608    0.4000   -5058.8268  0.6851 
   00609    0.4200   -5064.5250  0.6900 
   00610    0.3962   -5065.5469  0.6847 
   00611    0.3881   -5069.2856  0.6902 
   00612    0.3987   -5102.5739  0.6922 
   00613    0.4006   -5113.7064  0.6996 
   00614    0.4094   -5136.2334  0.7077 
   00615    0.3981   -5117.4092  0.7070 
   00616    0.3850   -5056.8653  0.7040 
   00617    0.4281   -5088.6033  0.7083 
   00618    0.4062   -5075.4978  0.7032 
   00619    0.4019   -5136.2731  0.7126 
   00620    0.4050   -5121.4968  0.7192 
   00621    0.3769   -5125.5985  0.7221 
   00622    0.3994   -5110.4206  0.7232 
   00623    0.3987   -5130.0090  0.7247 
   00624    0.4044   -5112.3035  0.7270 
   00625    0.3937   -5145.7182  0.7306 
   00626    0.3906   -5132.9686  0.7316 
   00627    0.3731   -5087.6293  0.7272 
   00628    0.4250   -5086.9059  0.7196 
   00629    0.3944   -5098.4544  0.7206 
   00630    0.3875   -5118.3447  0.7282 
   00631    0.4081   -5125.2011  0.7352 
   00632    0.4081   -5143.6721  0.7363 
   00633    0.4163   -5144.4594  0.7371 
   00634    0.4387   -5143.5355  0.7397 
   00635    0.3906   -5162.7486  0.7397 
   00636    0.3931   -5178.9451  0.7387 
   00637    0.4238   -5171.1567  0.7451 
   00638    0.4000   -5215.0616  0.7463 
   00639    0.3719   -5189.9052  0.7454 
   00640    0.4119   -5219.7874  0.7555 
   00641    0.3675   -5253.6993  0.7504 
   00642    0.3944   -5233.3590  0.7451 
   00643    0.3850   -5225.5696  0.7414 
   00644    0.3812   -5217.7189  0.7413 
   00645    0.4100   -5234.5838  0.7430 
   00646    0.3944   -5244.6228  0.7385 
   00647    0.4150   -5265.0255  0.7400 
   00648    0.3994   -5199.6969  0.7381 
   00649    0.4200   -5163.8802  0.7344 
   00650    0.4025   -5140.2129  0.7302 
   00651    0.3937   -5164.5825  0.7394 
   00652    0.4150   -5118.6487  0.7386 
   00653    0.3975   -5134.4026  0.7452 
   00654    0.3931   -5189.1752  0.7513 
   00655    0.4125   -5195.7341  0.7487 
   00656    0.4106   -5155.6518  0.7458 
   00657    0.3887   -5160.6016  0.7477 
   00658    0.3925   -5163.6703  0.7411 
   00659    0.4006   -5124.8626  0.7318 
   00660    0.4025   -5120.5483  0.7308 
   00661    0.3944   -5182.7771  0.7307 
   00662    0.3675   -5148.3102  0.7284 
   00663    0.3787   -5185.5387  0.7306 
   00664    0.3900   -5169.6077  0.7260 
   00665    0.3856   -5128.2266  0.7222 
   00666    0.4062   -5112.1390  0.7268 
   00667    0.3919   -5136.2838  0.7241 
   00668    0.4250   -5195.6058  0.7325 
   00669    0.4119   -5204.2095  0.7250 
   00670    0.4037   -5205.0290  0.7288 
   00671    0.3919   -5209.8225  0.7352 
   00672    0.3900   -5178.3264  0.7352 
   00673    0.3881   -5177.8216  0.7371 
   00674    0.3919   -5156.1013  0.7381 
   00675    0.4037   -5186.3729  0.7383 
   00676    0.3887   -5205.1881  0.7394 
   00677    0.3844   -5210.5559  0.7361 
   00678    0.3775   -5210.6818  0.7270 
   00679    0.3975   -5170.7160  0.7199 
   00680    0.3956   -5208.2677  0.7298 
   00681    0.4025   -5218.5608  0.7323 
   00682    0.4156   -5168.7039  0.7301 
   00683    0.3812   -5159.1104  0.7304 
   00684    0.3919   -5191.7655  0.7311 
   00685    0.3781   -5167.0797  0.7195 
   00686    0.4044   -5193.6859  0.7192 
   00687    0.4006   -5239.3252  0.7223 
   00688    0.3950   -5252.6674  0.7237 
   00689    0.3731   -5252.0320  0.7196 
   00690    0.3619   -5235.0777  0.7147 
   00691    0.3725   -5209.3576  0.7117 
   00692    0.4025   -5231.3328  0.7118 
   00693    0.3944   -5165.8375  0.7052 
   00694    0.3975   -5137.0220  0.7013 
   00695    0.3969   -5120.6943  0.7075 
   00696    0.4012   -5135.1588  0.7082 
   00697    0.4119   -5123.3698  0.7057 
   00698    0.4044   -5152.6537  0.7111 
   00699    0.4050   -5153.2355  0.7188 
   00700    0.3906   -5133.2174  0.7171 
   00701    0.3881   -5156.3546  0.7157 
   00702    0.3894   -5119.7548  0.7150 
   00703    0.3862   -5115.3860  0.7146 
   00704    0.3937   -5142.5181  0.7170 
   00705    0.3969   -5127.6749  0.7180 
   00706    0.3837   -5154.0540  0.7099 
   00707    0.3919   -5152.0432  0.7138 
   00708    0.3681   -5111.1827  0.7134 
   00709    0.4012   -5115.5012  0.7130 
   00710    0.3812   -5139.9656  0.7049 
   00711    0.4000   -5130.8018  0.7067 
   00712    0.3919   -5152.5733  0.7119 
   00713    0.3844   -5121.6786  0.7055 
   00714    0.4131   -5122.1588  0.7054 
   00715    0.3962   -5130.5844  0.6987 
   00716    0.3925   -5099.4231  0.6946 
   00717    0.4181   -5090.4149  0.7011 
   00718    0.4106   -5119.3787  0.7034 
   00719    0.3919   -5188.2981  0.7056 
   00720    0.3944   -5169.1541  0.7092 
   00721    0.4113   -5170.5160  0.7097 
   00722    0.4012   -5156.0025  0.7112 
   00723    0.3850   -5122.3773  0.7118 
   00724    0.3969   -5135.5082  0.7215 
   00725    0.3844   -5122.9429  0.7155 
   00726    0.3981   -5118.3979  0.7146 
   00727    0.4319   -5155.0722  0.7114 
   00728    0.3769   -5170.2840  0.7095 
   00729    0.4000   -5175.6876  0.7085 
   00730    0.3794   -5105.0035  0.7058 
   00731    0.4075   -5085.1853  0.7000 
   00732    0.3856   -5124.7823  0.7097 
   00733    0.4000   -5074.7753  0.7056 
   00734    0.4044   -5124.8470  0.7074 
   00735    0.3894   -5115.2154  0.7115 
   00736    0.4031   -5159.9375  0.7193 
   00737    0.4044   -5186.6298  0.7252 
   00738    0.3613   -5236.8088  0.7336 
   00739    0.4144   -5252.5470  0.7278 
   00740    0.4019   -5222.4731  0.7279 
   00741    0.3944   -5181.8553  0.7315 
   00742    0.4019   -5174.8714  0.7222 
   00743    0.4019   -5181.9195  0.7251 
   00744    0.3962   -5198.8797  0.7358 
   00745    0.4131   -5196.0760  0.7381 
   00746    0.4100   -5149.5592  0.7384 
   00747    0.3869   -5150.7496  0.7363 
   00748    0.3806   -5188.6466  0.7391 
   00749    0.3931   -5162.7481  0.7381 
   00750    0.3837   -5153.0875  0.7397 
   00751    0.4050   -5154.3732  0.7430 
   00752    0.4069   -5179.9286  0.7486 
   00753    0.3912   -5163.8851  0.7446 
   00754    0.4300   -5156.7950  0.7456 
   00755    0.3719   -5192.0780  0.7529 
   00756    0.4106   -5233.5883  0.7611 
   00757    0.3894   -5179.7128  0.7546 
   00758    0.3912   -5143.0961  0.7514 
   00759    0.3844   -5168.2120  0.7466 
   00760    0.3975   -5213.4374  0.7508 
   00761    0.3950   -5208.6872  0.7494 
   00762    0.3975   -5198.4940  0.7520 
   00763    0.4037   -5151.2275  0.7527 
   00764    0.4050   -5139.0671  0.7545 
   00765    0.4206   -5164.9049  0.7592 
   00766    0.3781   -5147.7188  0.7536 
   00767    0.3875   -5152.1580  0.7525 
   00768    0.3887   -5135.7863  0.7460 
   00769    0.3925   -5126.8003  0.7397 
   00770    0.3925   -5108.9909  0.7278 
   00771    0.4006   -5102.7683  0.7245 
   00772    0.4056   -5096.6637  0.7251 
   00773    0.3856   -5082.4843  0.7236 
   00774    0.4256   -5101.0001  0.7226 
   00775    0.3931   -5095.3487  0.7260 
   00776    0.3806   -5113.2099  0.7320 
   00777    0.4062   -5105.0391  0.7245 
   00778    0.3981   -5082.7906  0.7267 
   00779    0.4219   -5126.2680  0.7283 
   00780    0.4031   -5147.0570  0.7231 
   00781    0.4088   -5083.2031  0.7202 
   00782    0.3944   -5082.2286  0.7249 
   00783    0.4075   -5070.4710  0.7272 
   00784    0.4037   -5109.7748  0.7304 
   00785    0.3931   -5171.2791  0.7327 
   00786    0.3881   -5173.1078  0.7340 
   00787    0.4062   -5151.5416  0.7300 
   00788    0.3812   -5205.8193  0.7353 
   00789    0.3937   -5203.9823  0.7370 
   00790    0.3850   -5222.9796  0.7371 
   00791    0.3787   -5184.3185  0.7336 
   00792    0.4131   -5179.5474  0.7400 
   00793    0.4019   -5191.9499  0.7349 
   00794    0.4100   -5198.9862  0.7417 
   00795    0.3900   -5194.7587  0.7424 
   00796    0.3894   -5210.5615  0.7420 
   00797    0.3906   -5180.6339  0.7394 
   00798    0.3881   -5204.2156  0.7408 
   00799    0.4006   -5214.8313  0.7417 
   00800    0.4019   -5248.6746  0.7428 
   00801    0.3956   -5227.0716  0.7407 
   00802    0.3994   -5242.9606  0.7351 
   00803    0.4106   -5277.5093  0.7332 
   00804    0.3944   -5248.4229  0.7333 
   00805    0.4131   -5196.4288  0.7249 
   00806    0.3937   -5191.8207  0.7224 
   00807    0.3869   -5197.1345  0.7202 
   00808    0.3944   -5198.9063  0.7261 
   00809    0.3844   -5133.8194  0.7259 
   00810    0.4019   -5148.4370  0.7247 
   00811    0.4031   -5160.0060  0.7226 
   00812    0.4031   -5113.0385  0.7156 
   00813    0.4081   -5125.3804  0.7158 
   00814    0.4031   -5105.2962  0.7109 
   00815    0.3969   -5113.1206  0.7082 
   00816    0.3900   -5163.4991  0.7173 
   00817    0.3894   -5117.0050  0.7160 
   00818    0.4144   -5124.2957  0.7178 
   00819    0.4106   -5184.7695  0.7208 
   00820    0.3931   -5186.8996  0.7217 
   00821    0.3869   -5184.2529  0.7237 
   00822    0.3881   -5141.0157  0.7182 
   00823    0.4037   -5165.9134  0.7143 
   00824    0.4062   -5137.0807  0.7133 
   00825    0.3869   -5186.8294  0.7167 
   00826    0.4000   -5205.7634  0.7128 
   00827    0.3850   -5168.6823  0.7146 
   00828    0.3756   -5151.8585  0.7107 
   00829    0.4012   -5192.1311  0.7059 
   00830    0.4044   -5163.0765  0.7101 
   00831    0.3837   -5149.4017  0.7118 
   00832    0.3912   -5125.0905  0.7027 
   00833    0.3856   -5143.5433  0.7068 
   00834    0.4306   -5164.9996  0.7146 
   00835    0.4050   -5203.9882  0.7057 
   00836    0.3987   -5194.4620  0.7092 
   00837    0.4075   -5168.6394  0.7047 
   00838    0.3869   -5170.2787  0.7060 
   00839    0.3925   -5220.4769  0.7074 
   00840    0.3787   -5222.6155  0.7129 
   00841    0.4081   -5173.6827  0.7181 
   00842    0.4075   -5183.3784  0.7225 
   00843    0.3887   -5150.3454  0.7152 
   00844    0.4044   -5176.5012  0.7132 
   00845    0.3800   -5166.2990  0.7112 
   00846    0.4056   -5122.2248  0.7124 
   00847    0.3775   -5143.0450  0.7163 
   00848    0.3956   -5170.4940  0.7162 
   00849    0.4000   -5161.8584  0.7131 
   00850    0.4294   -5188.7002  0.7107 
   00851    0.4031   -5178.6185  0.7090 
   00852    0.4081   -5180.3505  0.7125 
   00853    0.3806   -5160.1070  0.7111 
   00854    0.3719   -5176.4268  0.7141 
   00855    0.4000   -5173.2341  0.7174 
   00856    0.4256   -5174.1790  0.7124 
   00857    0.3937   -5185.0030  0.7174 
   00858    0.3912   -5164.1507  0.7136 
   00859    0.3875   -5125.2348  0.7111 
   00860    0.4206   -5105.3384  0.7073 
   00861    0.4106   -5107.1206  0.7029 
   00862    0.4106   -5110.1821  0.7054 
   00863    0.4050   -5117.2461  0.7111 
   00864    0.4019   -5077.3968  0.7024 
   00865    0.3944   -5107.1213  0.7083 
   00866    0.3869   -5111.9153  0.7107 
   00867    0.3987   -5123.6623  0.7149 
   00868    0.3881   -5133.5493  0.7199 
   00869    0.3975   -5148.7081  0.7235 
   00870    0.3912   -5131.0296  0.7204 
   00871    0.4081   -5129.6890  0.7208 
   00872    0.4069   -5092.2699  0.7261 
   00873    0.3937   -5041.8192  0.7197 
   00874    0.3950   -5053.9493  0.7282 
   00875    0.3956   -5063.2845  0.7239 
   00876    0.4256   -5067.6471  0.7209 
   00877    0.4000   -5074.7189  0.7136 
   00878    0.3887   -5050.9185  0.7158 
   00879    0.3831   -5084.0877  0.7230 
   00880    0.4025   -5074.9158  0.7208 
   00881    0.4075   -5048.0604  0.7113 
   00882    0.4106   -5072.6212  0.7147 
   00883    0.3812   -5076.6742  0.7143 
   00884    0.4113   -5113.2051  0.7115 
   00885    0.3969   -5177.2626  0.7187 
   00886    0.4113   -5165.1821  0.7239 
   00887    0.3937   -5212.8174  0.7249 
   00888    0.4200   -5250.4852  0.7267 
   00889    0.3925   -5252.5109  0.7313 
   00890    0.3869   -5200.8416  0.7279 
   00891    0.3869   -5179.9015  0.7312 
   00892    0.3925   -5133.4565  0.7349 
   00893    0.4131   -5163.7663  0.7323 
   00894    0.4031   -5138.2643  0.7317 
   00895    0.3987   -5134.7909  0.7316 
   00896    0.3962   -5114.7352  0.7224 
   00897    0.4050   -5109.3797  0.7219 
   00898    0.3894   -5086.3371  0.7256 
   00899    0.3931   -5094.1927  0.7211 
   00900    0.4144   -5123.6720  0.7288 
   00901    0.4056   -5104.2623  0.7249 
   00902    0.4075   -5127.8624  0.7212 
   00903    0.4062   -5139.4152  0.7258 
   00904    0.4213   -5126.8852  0.7259 
   00905    0.3862   -5160.6933  0.7366 
   00906    0.4062   -5120.9625  0.7300 
   00907    0.4044   -5144.7424  0.7352 
   00908    0.3944   -5111.2293  0.7312 
   00909    0.3881   -5141.7992  0.7268 
   00910    0.3975   -5149.6771  0.7234 
   00911    0.4050   -5111.1925  0.7259 
   00912    0.3950   -5104.4831  0.7173 
   00913    0.4025   -5100.9554  0.7181 
   00914    0.4125   -5115.1802  0.7198 
   00915    0.3981   -5120.9831  0.7313 
   00916    0.4025   -5173.5816  0.7313 
   00917    0.3762   -5176.8916  0.7372 
   00918    0.3925   -5164.7451  0.7380 
   00919    0.4012   -5165.3982  0.7340 
   00920    0.3756   -5174.7613  0.7304 
   00921    0.3919   -5162.9423  0.7275 
   00922    0.3987   -5142.1883  0.7279 
   00923    0.4194   -5127.7768  0.7291 
   00924    0.4069   -5127.8208  0.7285 
   00925    0.3731   -5156.2361  0.7335 
   00926    0.3906   -5133.5068  0.7342 
   00927    0.4069   -5134.1782  0.7360 
   00928    0.3700   -5167.2032  0.7423 
   00929    0.4231   -5131.6795  0.7451 
   00930    0.4012   -5102.6420  0.7450 
   00931    0.3931   -5120.4022  0.7448 
   00932    0.3950   -5089.3538  0.7395 
   00933    0.3956   -5133.3842  0.7379 
   00934    0.3869   -5118.7871  0.7448 
   00935    0.4069   -5125.5145  0.7537 
   00936    0.3681   -5149.7191  0.7637 
   00937    0.3881   -5151.9843  0.7606 
   00938    0.4188   -5134.2640  0.7608 
   00939    0.4356   -5121.2347  0.7512 
   00940    0.4081   -5106.8391  0.7529 
   00941    0.4081   -5109.1994  0.7516 
   00942    0.4113   -5095.3066  0.7459 
   00943    0.4031   -5110.7110  0.7523 
   00944    0.3931   -5113.2520  0.7519 
   00945    0.3831   -5103.1058  0.7464 
   00946    0.4125   -5070.4150  0.7433 
   00947    0.3969   -5099.3740  0.7406 
   00948    0.4175   -5124.9902  0.7462 
   00949    0.3931   -5112.3718  0.7474 
   00950    0.3881   -5091.2910  0.7428 
   00951    0.3875   -5076.4999  0.7368 
   00952    0.3937   -5096.7421  0.7334 
   00953    0.3800   -5114.8924  0.7377 
   00954    0.3831   -5128.3670  0.7387 
   00955    0.4181   -5144.2985  0.7458 
   00956    0.4088   -5081.4030  0.7358 
   00957    0.4019   -5074.1517  0.7361 
   00958    0.4156   -5054.2571  0.7330 
   00959    0.4213   -5094.0797  0.7286 
   00960    0.4037   -5118.1906  0.7309 
   00961    0.4238   -5089.2183  0.7267 
   00962    0.3969   -5125.9497  0.7302 
   00963    0.4244   -5134.4835  0.7389 
   00964    0.3881   -5124.1984  0.7350 
   00965    0.4138   -5131.8078  0.7357 
   00966    0.4019   -5073.4381  0.7336 
   00967    0.4125   -5083.8166  0.7311 
   00968    0.3887   -5089.0896  0.7289 
   00969    0.3944   -5105.9886  0.7248 
   00970    0.4113   -5100.3293  0.7209 
   00971    0.4219   -5100.5788  0.7208 
   00972    0.4138   -5087.7798  0.7161 
   00973    0.4131   -5022.8571  0.7059 
   00974    0.4044   -5067.5322  0.7096 
   00975    0.4138   -5137.1061  0.7212 
   00976    0.3987   -5110.3901  0.7157 
   00977    0.4075   -5085.8428  0.7149 
   00978    0.4113   -5071.6944  0.7190 
   00979    0.4081   -5128.4887  0.7195 
   00980    0.4012   -5172.9306  0.7279 
   00981    0.3931   -5166.8233  0.7270 
   00982    0.3700   -5191.9575  0.7296 
   00983    0.4019   -5145.6793  0.7250 
   00984    0.3925   -5133.6247  0.7301 
   00985    0.4125   -5107.2767  0.7325 
   00986    0.3794   -5092.1494  0.7311 
   00987    0.4075   -5138.0100  0.7338 
   00988    0.3981   -5078.3497  0.7225 
   00989    0.3937   -5067.6398  0.7229 
   00990    0.4244   -5124.2300  0.7284 
   00991    0.3769   -5086.8610  0.7266 
   00992    0.4081   -5042.0952  0.7187 
   00993    0.4250   -5078.5939  0.7126 
   00994    0.3875   -5107.3090  0.7117 
   00995    0.4050   -5069.0440  0.7061 
   00996    0.4144   -5119.2797  0.7042 
   00997    0.3862   -5122.6476  0.6988 
   00998    0.4113   -5102.0020  0.6978 
   00999    0.4175   -5084.4290  0.6979 
   01000    0.4225   -5114.3155  0.7011 
