#=====================================================
# File created:        Tue-17-Feb-2026-at-11-03-12AM
# Size of lattice:     20x20
# Number of MC steps:  1000
# Reduced temperature: 0.650
# Run time (s):        1.937557
#=====================================================
# MC step:  Ratio:     Energy:   Order:
#=====================================================
   00000    0.5000    -370.4990  0.2872 
   00001    0.7000    -580.6947  0.3128 
   00002    0.6250    -722.9012  0.3558 
   00003    0.5850    -838.0574  0.3600 
   00004    0.5325    -899.7988  0.3663 
   00005    0.4950    -955.1333  0.3672 
   00006    0.4975    -989.0799  0.3690 
   00007    0.4800   -1000.2418  0.4059 
   00008    0.4425   -1040.7957  0.3961 
   00009    0.4550   -1059.4906  0.3773 
   00010    0.4750   -1045.5126  0.3972 
   00011    0.5325   -1064.4170  0.3756 
   00012    0.4275   -1080.9987  0.3864 
   00013    0.4575   -1088.5278  0.3808 
   00014    0.4775   -1081.4053  0.3948 
   00015    0.4625   -1106.1371  0.3798 
   00016    0.4925   -1123.9597  0.3876 
   00017    0.4425   -1130.3380  0.4056 
   00018    0.4475   -1174.8547  0.4154 
   00019    0.4075   -1164.0034  0.4308 
   00020    0.4325   -1162.4723  0.4188 
   00021    0.4600   -1150.4868  0.4052 
   00022    0.4150   -1148.2441  0.4288 
   00023    0.4775   -1125.8229  0.4075 
   00024    0.4550   -1140.6995  0.4079 
   00025    0.4350   -1160.8933  0.4071 
   00026    0.4575   -1145.3836  0.3964 
   00027    0.4575   -1150.9202  0.3954 
   00028    0.3925   -1141.7171  0.3982 
   00029    0.4300   -1138.5875  0.3881 
   00030    0.4575   -1130.7656  0.3656 
   00031    0.4050   -1119.0432  0.3681 
   00032    0.4625   -1118.8978  0.3863 
   00033    0.4475   -1115.7583  0.3825 
   00034    0.4450   -1141.1645  0.3736 
   00035    0.4725   -1132.0141  0.3851 
   00036    0.3950   -1122.3105  0.3857 
   00037    0.4525   -1147.0358  0.3866 
   00038    0.4100   -1157.4863  0.3833 
   00039    0.4200   -1134.7492  0.3731 
   00040    0.4775   -1144.0557  0.3550 
   00041    0.3900   -1144.0600  0.3687 
   00042    0.4525   -1136.2283  0.3737 
   00043    0.4600   -1121.7762  0.3524 
   00044    0.4475   -1126.1367  0.3691 
   00045    0.4625   -1126.1795  0.3721 
   00046    0.4125   -1137.8533  0.3627 
   00047    0.4450   -1152.9579  0.3499 
   00048    0.4350   -1157.1465  0.3615 
   00049    0.4450   -1163.7899  0.3558 
   00050    0.4525   -1168.8072  0.3581 
   00051    0.4475   -1177.3975  0.3671 
   00052    0.4600   -1191.2753  0.3771 
   00053    0.3950   -1180.6824  0.3672 
   00054    0.4525   -1176.6408  0.3747 
   00055    0.4200   -1181.1459  0.3773 
   00056    0.4375   -1198.4654  0.3760 
   00057    0.4375   -1166.0633  0.3714 
   00058    0.4475   -1159.1288  0.3470 
   00059    0.4400   -1150.5156  0.3342 
   00060    0.3825   -1154.9334  0.3374 
   00061    0.4675   -1136.7763  0.3254 
   00062    0.4775   -1136.7593  0.3232 
   00063    0.4550   -1132.3688  0.3032 
   00064    0.4300   -1161.3778  0.2971 
   00065    0.4150   -1160.1547  0.2841 
   00066    0.4225   -1161.2500  0.3136 
   00067    0.4100   -1154.0203  0.3120 
   00068    0.4625   -1159.1494  0.3110 
   00069    0.4525   -1145.3334  0.3345 
   00070    0.4300   -1155.0287  0.3420 
   00071    0.4675   -1183.4040  0.3510 
   00072    0.4700   -1166.6374  0.3551 
   00073    0.4200   -1174.7830  0.3693 
   00074    0.3800   -1181.9194  0.3645 
   00075    0.4800   -1166.3259  0.3634 
   00076    0.4400   -1168.4405  0.3802 
   00077    0.3925   -1181.9247  0.4054 
   00078    0.4200   -1172.8719  0.4074 
   00079    0.4050   -1196.3258  0.4192 
   00080    0.4625   -1166.9051  0.4196 
   00081    0.4075   -1183.6828  0.4068 
   00082    0.4225   -1173.9746  0.3935 
   00083    0.4200   -1147.7631  0.3989 
   00084    0.4375   -1153.5388  0.3952 
   00085    0.3975   -1169.8000  0.3811 
   00086    0.4575   -1161.9193  0.3836 
   00087    0.4400   -1172.5882  0.3608 
   00088    0.4200   -1178.9957  0.3567 
   00089    0.3950   -1175.3366  0.3487 
   00090    0.4150   -1187.7046  0.3742 
   00091    0.4225   -1189.0027  0.3534 
   00092    0.4250   -1206.2955  0.3465 
   00093    0.4100   -1188.4018  0.3582 
   00094    0.4025   -1188.2356  0.3528 
   00095    0.4500   -1179.4874  0.3620 
   00096    0.4700   -1169.8337  0.3773 
   00097    0.4350   -1153.1750  0.3778 
   00098    0.4375   -1169.4516  0.3768 
   00099    0.4375   -1177.4386  0.3865 
   00100    0.3625   -1175.9771  0.3585 
   00101    0.4225   -1191.8688  0.3483 
   00102    0.4175   -1171.0990  0.3538 
   00103    0.4425   -1180.6315  0.3394 
   00104    0.4525   -1197.1578  0.3577 
   00105    0.4400   -1180.8246  0.3464 
   00106    0.4575   -1168.6467  0.3597 
   00107    0.4050   -1161.7014  0.3479 
   00108    0.3950   -1162.2295  0.3576 
   00109    0.4450   -1154.9077  0.3339 
   00110    0.4575   -1155.5390  0.3241 
   00111    0.4325   -1192.5724  0.3263 
   00112    0.4175   -1176.2602  0.3248 
   00113    0.4075   -1176.2021  0.3284 
   00114    0.4200   -1186.2456  0.3359 
   00115    0.4275   -1175.9135  0.3298 
   00116    0.4425   -1160.8000  0.3605 
   00117    0.4225   -1188.6239  0.3716 
   00118    0.4025   -1198.6819  0.3938 
   00119    0.4250   -1176.5844  0.3989 
   00120    0.4000   -1187.0561  0.4056 
   00121    0.4650   -1218.8993  0.4292 
   00122    0.4125   -1204.1139  0.4286 
   00123    0.4250   -1206.7895  0.4308 
   00124    0.3900   -1206.2934  0.4385 
   00125    0.4200   -1215.2995  0.4385 
   00126    0.4400   -1191.3843  0.4381 
   00127    0.4425   -1181.5520  0.4355 
   00128    0.4425   -1196.7505  0.4296 
   00129    0.4175   -1173.4718  0.4256 
   00130    0.4075   -1150.8543  0.4438 
   00131    0.4500   -1138.3574  0.4621 
   00132    0.4000   -1138.4675  0.4651 
   00133    0.4475   -1167.6224  0.4739 
   00134    0.4200   -1194.6201  0.4902 
   00135    0.4450   -1205.3006  0.4855 
   00136    0.3850   -1216.4107  0.4857 
   00137    0.3950   -1204.3310  0.4814 
   00138    0.3775   -1213.3643  0.4971 
   00139    0.3950   -1222.5197  0.4857 
   00140    0.3850   -1228.5059  0.4922 
   00141    0.4525   -1227.1056  0.4895 
   00142    0.4025   -1213.8732  0.4990 
   00143    0.4700   -1247.5770  0.5139 
   00144    0.4675   -1211.7935  0.5150 
   00145    0.4250   -1189.0822  0.5248 
   00146    0.4075   -1200.2352  0.5378 
   00147    0.4500   -1223.0135  0.5377 
   00148    0.4275   -1199.3062  0.5244 
   00149    0.4300   -1212.9344  0.5164 
   00150    0.4150   -1224.7565  0.5123 
   00151    0.4550   -1220.4143  0.5152 
   00152    0.4575   -1228.5711  0.5299 
   00153    0.4275   -1238.0821  0.5357 
   00154    0.4000   -1252.5476  0.5353 
   00155    0.3900   -1250.2230  0.5247 
   00156    0.3925   -1240.9937  0.5059 
   00157    0.3925   -1223.3923  0.5081 
   00158    0.3950   -1236.0143  0.5069 
   00159    0.4025   -1243.6435  0.5177 
   00160    0.4525   -1229.9141  0.5179 
   00161    0.4025   -1247.3252  0.5218 
   00162    0.3950   -1234.7027  0.5157 
   00163    0.4575   -1209.8149  0.5090 
   00164    0.4200   -1212.4019  0.5321 
   00165    0.4025   -1235.4019  0.5280 
   00166    0.4175   -1229.4235  0.5314 
   00167    0.3800   -1233.7994  0.5190 
   00168    0.4350   -1225.1433  0.5089 
   00169    0.4500   -1265.3604  0.5180 
   00170    0.4525   -1251.1832  0.5235 
   00171    0.4175   -1227.7134  0.5177 
   00172    0.3850   -1237.4086  0.5367 
   00173    0.4000   -1262.7289  0.5442 
   00174    0.4150   -1246.8629  0.5437 
   00175    0.4275   -1239.1962  0.5689 
   00176    0.4425   -1222.4740  0.5628 
   00177    0.4575   -1214.3525  0.5695 
   00178    0.4150   -1238.8256  0.5863 
   00179    0.4075   -1248.9178  0.6076 
   00180    0.4200   -1270.0682  0.6051 
   00181    0.3925   -1295.9120  0.6231 
   00182    0.4225   -1312.2599  0.6017 
   00183    0.4200   -1287.9090  0.5793 
   00184    0.4025   -1294.7161  0.5856 
   00185    0.3700   -1301.0915  0.5964 
   00186    0.3800   -1304.8631  0.5974 
   00187    0.4125   -1279.9058  0.5993 
   00188    0.3950   -1295.0178  0.5976 
   00189    0.3925   -1270.2297  0.5970 
   00190    0.3975   -1273.3093  0.6089 
   00191    0.4225   -1266.8105  0.6066 
   00192    0.3775   -1275.6281  0.5970 
   00193    0.4050   -1260.6002  0.6028 
   00194    0.3875   -1235.8609  0.5925 
   00195    0.4175   -1219.7621  0.5985 
   00196    0.3950   -1241.1367  0.6160 
   00197    0.3825   -1242.7476  0.6150 
   00198    0.4475   -1250.4713  0.6203 
   00199    0.4025   -1274.8073  0.6277 
   00200    0.3650   -1257.6088  0.6437 
   00201    0.4725   -1285.4375  0.6564 
   00202    0.3550   -1290.1393  0.6664 
   00203    0.3875   -1256.5888  0.6575 
   00204    0.3925   -1250.2729  0.6750 
   00205    0.4025   -1258.8890  0.6722 
   00206    0.3800   -1250.2563  0.6751 
   00207    0.4000   -1273.8787  0.6853 
   00208    0.3750   -1256.2743  0.6982 
   00209    0.4025   -1227.5741  0.6829 
   00210    0.4025   -1250.7586  0.6810 
   00211    0.3925   -1227.6750  0.6764 
   00212    0.4050   -1208.3558  0.6709 
   00213    0.4000   -1211.3047  0.6895 
   00214    0.4325   -1217.2100  0.6757 
   00215    0.4100   -1228.5944  0.6773 
   00216    0.3850   -1231.2011  0.6928 
   00217    0.4075   -1222.8388  0.6971 
   00218    0.4325   -1241.2885  0.7092 
   00219    0.3875   -1243.6889  0.7201 
   00220    0.3775   -1231.5502  0.7227 
   00221    0.3925   -1243.7445  0.7315 
   00222    0.4025   -1244.9832  0.7254 
   00223    0.3950   -1247.6980  0.7242 
   00224    0.4150   -1266.8065  0.7272 
   00225    0.4400   -1262.9869  0.7317 
   00226    0.4150   -1247.9768  0.7370 
   00227    0.3675   -1269.4340  0.7426 
   00228    0.4000   -1304.8685  0.7594 
   00229    0.4100   -1283.3636  0.7578 
   00230    0.4250   -1286.3284  0.7553 
   00231    0.3900   -1294.5732  0.7498 
   00232    0.4275   -1298.5992  0.7538 
   00233    0.4450   -1270.9103  0.7500 
   00234    0.3825   -1240.4087  0.7452 
   00235    0.3700   -1253.4754  0.7487 
   00236    0.3875   -1274.5542  0.7527 
   00237    0.3875   -1266.5064  0.7476 
   00238    0.3850   -1257.8491  0.7429 
   00239    0.3900   -1264.4309  0.7567 
   00240    0.4500   -1243.3037  0.7498 
   00241    0.3850   -1278.1024  0.7730 
   00242    0.3775   -1274.0548  0.7615 
   00243    0.3775   -1288.3342  0.7594 
   00244    0.4250   -1288.8863  0.7714 
   00245    0.3875   -1282.2200  0.7667 
   00246    0.3575   -1289.7502  0.7639 
   00247    0.3450   -1289.9690  0.7717 
   00248    0.3950   -1327.1992  0.7737 
   00249    0.4250   -1302.2001  0.7455 
   00250    0.4350   -1286.0700  0.7272 
   00251    0.3725   -1269.9918  0.7306 
   00252    0.3775   -1264.2022  0.7375 
   00253    0.4225   -1227.8478  0.7187 
   00254    0.4400   -1252.9703  0.7192 
   00255    0.3575   -1243.9178  0.7228 
   00256    0.4350   -1239.1637  0.7259 
   00257    0.3925   -1248.9943  0.7285 
   00258    0.3925   -1274.3707  0.7380 
   00259    0.3875   -1274.2982  0.7446 
   00260    0.3800   -1261.5398  0.7403 
   00261    0.3925   -1257.4093  0.7412 
   00262    0.3600   -1246.1466  0.7323 
   00263    0.4000   -1244.8288  0.7386 
   00264    0.4150   -1262.9927  0.7490 
   00265    0.3975   -1274.3894  0.7539 
   00266    0.3800   -1282.6526  0.7613 
   00267    0.4025   -1279.7431  0.7475 
   00268    0.4225   -1283.3914  0.7489 
   00269    0.3875   -1283.3067  0.7446 
   00270    0.3625   -1295.3055  0.7560 
   00271    0.3750   -1276.4914  0.7419 
   00272    0.4175   -1284.1557  0.7581 
   00273    0.4050   -1255.9277  0.7429 
   00274    0.3475   -1270.4147  0.7411 
   00275    0.3925   -1275.1780  0.7322 
   00276    0.4075   -1278.5214  0.7220 
   00277    0.3950   -1318.5896  0.7367 
   00278    0.3775   -1289.3953  0.7347 
   00279    0.3700   -1286.4395  0.7512 
   00280    0.4300   -1278.3277  0.7553 
   00281    0.4150   -1274.2516  0.7623 
   00282    0.3700   -1283.3639  0.7584 
   00283    0.3975   -1269.8491  0.7474 
   00284    0.4275   -1273.1634  0.7640 
   00285    0.3425   -1270.7320  0.7679 
   00286    0.3825   -1281.2711  0.7736 
   00287    0.3875   -1272.4923  0.7696 
   00288    0.4325   -1271.9995  0.7739 
   00289    0.4100   -1264.3665  0.7626 
   00290    0.4450   -1275.6490  0.7598 
   00291    0.3825   -1277.9179  0.7540 
   00292    0.3900   -1277.4735  0.7615 
   00293    0.4025   -1308.2428  0.7754 
   00294    0.4025   -1271.6205  0.7633 
   00295    0.3375   -1289.0539  0.7698 
   00296    0.3825   -1314.2169  0.7735 
   00297    0.4125   -1329.0535  0.7578 
   00298    0.3450   -1316.9046  0.7624 
   00299    0.4150   -1306.2605  0.7568 
   00300    0.3650   -1309.1551  0.7454 
   00301    0.4000   -1293.6099  0.7280 
   00302    0.3950   -1296.4832  0.7494 
   00303    0.3925   -1301.2523  0.7547 
   00304    0.3650   -1313.0770  0.7581 
   00305    0.3850   -1307.9009  0.7562 
   00306    0.3825   -1295.8768  0.7435 
   00307    0.3800   -1296.3265  0.7537 
   00308    0.3750   -1287.6989  0.7500 
   00309    0.4025   -1271.9249  0.7433 
   00310    0.3925   -1289.2282  0.7471 
   00311    0.3800   -1290.3915  0.7514 
   00312    0.4050   -1261.2389  0.7510 
   00313    0.4000   -1263.7581  0.7563 
   00314    0.3800   -1263.6626  0.7520 
   00315    0.3950   -1250.1610  0.7489 
   00316    0.3950   -1270.2592  0.7679 
   00317    0.3925   -1267.6030  0.7816 
   00318    0.4175   -1289.0519  0.7927 
   00319    0.3950   -1284.6519  0.7859 
   00320    0.4200   -1298.1193  0.7876 
   00321    0.4300   -1297.7131  0.7881 
   00322    0.4150   -1308.7044  0.7787 
   00323    0.4100   -1305.5225  0.7780 
   00324    0.3950   -1312.2922  0.7863 
   00325    0.4325   -1288.0920  0.7604 
   00326    0.4125   -1301.0391  0.7838 
   00327    0.3950   -1253.9470  0.7696 
   00328    0.3900   -1286.0348  0.7694 
   00329    0.4200   -1283.9523  0.7736 
   00330    0.3925   -1264.8745  0.7622 
   00331    0.4000   -1281.9146  0.7652 
   00332    0.3950   -1252.8100  0.7599 
   00333    0.3550   -1273.0249  0.7713 
   00334    0.3825   -1274.1258  0.7713 
   00335    0.4150   -1251.0530  0.7590 
   00336    0.4075   -1270.5393  0.7604 
   00337    0.3625   -1292.9328  0.7817 
   00338    0.4325   -1283.1251  0.7733 
   00339    0.3800   -1272.6157  0.7670 
   00340    0.4475   -1287.3333  0.7793 
   00341    0.3875   -1267.1281  0.7863 
   00342    0.4075   -1262.8196  0.7817 
   00343    0.4000   -1269.5290  0.7861 
   00344    0.3975   -1287.5877  0.7816 
   00345    0.4425   -1287.9658  0.7804 
   00346    0.4000   -1262.6254  0.7729 
   00347    0.4100   -1250.2397  0.7821 
   00348    0.4275   -1246.9262  0.7767 
   00349    0.3800   -1243.2725  0.7799 
   00350    0.4425   -1253.2842  0.7854 
   00351    0.4500   -1267.6443  0.7866 
   00352    0.3900   -1268.7208  0.7899 
   00353    0.4050   -1279.7221  0.8076 
   00354    0.3600   -1271.3622  0.8001 
   00355    0.4050   -1293.0938  0.8000 
   00356    0.4625   -1242.0121  0.7536 
   00357    0.4025   -1244.3480  0.7451 
   00358    0.4300   -1253.3326  0.7647 
   00359    0.3700   -1248.7804  0.7674 
   00360    0.3900   -1250.6236  0.7552 
   00361    0.4025   -1246.5496  0.7522 
   00362    0.4050   -1272.5799  0.7542 
   00363    0.3925   -1263.5465  0.7514 
   00364    0.4325   -1270.0058  0.7511 
   00365    0.3650   -1266.4818  0.7552 
   00366    0.4200   -1259.6094  0.7463 
   00367    0.3925   -1258.1129  0.7462 
   00368    0.4125   -1261.0461  0.7465 
   00369    0.4275   -1271.2754  0.7491 
   00370    0.3425   -1271.0751  0.7643 
   00371    0.3775   -1271.9004  0.7784 
   00372    0.3825   -1270.4530  0.7720 
   00373    0.4200   -1280.4476  0.7588 
   00374    0.3700   -1247.2786  0.7459 
   00375    0.3875   -1246.3851  0.7418 
   00376    0.4000   -1244.9048  0.7579 
   00377    0.4325   -1234.5028  0.7581 
   00378    0.4050   -1251.8117  0.7740 
   00379    0.4325   -1278.3898  0.7777 
   00380    0.4350   -1271.3633  0.7751 
   00381    0.3975   -1279.5787  0.7758 
   00382    0.3625   -1275.5270  0.7665 
   00383    0.4050   -1246.5687  0.7617 
   00384    0.4550   -1225.1548  0.7588 
   00385    0.4100   -1224.1054  0.7479 
   00386    0.4225   -1245.9821  0.7618 
   00387    0.3925   -1265.7123  0.7712 
   00388    0.3950   -1296.1054  0.7857 
   00389    0.3725   -1306.8675  0.7877 
   00390    0.4025   -1303.1654  0.7865 
   00391    0.3775   -1296.3595  0.7952 
   00392    0.4075   -1311.0741  0.7931 
   00393    0.3900   -1311.9720  0.8061 
   00394    0.4250   -1298.5382  0.8049 
   00395    0.3775   -1276.3080  0.8036 
   00396    0.3400   -1279.3865  0.8069 
   00397    0.3650   -1292.7410  0.8148 
   00398    0.3775   -1293.3238  0.8145 
   00399    0.3875   -1265.6582  0.8064 
   00400    0.4050   -1296.4063  0.8175 
   00401    0.3775   -1310.2489  0.8292 
   00402    0.3850   -1306.1709  0.8189 
   00403    0.4000   -1308.3793  0.8187 
   00404    0.3825   -1316.1099  0.8184 
   00405    0.4025   -1321.8629  0.8224 
   00406    0.3525   -1309.2197  0.8168 
   00407    0.3600   -1297.9605  0.8124 
   00408    0.4375   -1291.0564  0.8020 
   00409    0.3675   -1282.7948  0.8046 
   00410    0.4175   -1282.1212  0.8019 
   00411    0.4250   -1316.4657  0.8118 
   00412    0.3925   -1284.0349  0.7991 
   00413    0.3875   -1294.0369  0.8175 
   00414    0.4150   -1307.6085  0.8246 
   00415    0.4000   -1290.8643  0.8164 
   00416    0.3925   -1305.6667  0.8309 
   00417    0.4150   -1292.5938  0.8271 
   00418    0.3925   -1288.7941  0.8254 
   00419    0.4000   -1299.6551  0.8332 
   00420    0.4325   -1323.2492  0.8377 
   00421    0.3775   -1309.8323  0.8385 
   00422    0.3700   -1320.1235  0.8355 
   00423    0.3850   -1325.1942  0.8425 
   00424    0.3950   -1304.7033  0.8402 
   00425    0.3625   -1305.3091  0.8407 
   00426    0.3775   -1306.8336  0.8406 
   00427    0.3600   -1332.1511  0.8460 
   00428    0.3500   -1319.8468  0.8372 
   00429    0.3600   -1335.7543  0.8445 
   00430    0.3650   -1313.1639  0.8416 
   00431    0.3850   -1339.8609  0.8438 
   00432    0.3825   -1289.8952  0.8293 
   00433    0.3700   -1289.7063  0.8196 
   00434    0.4225   -1284.3870  0.8141 
   00435    0.4275   -1295.4859  0.8220 
   00436    0.4200   -1280.8886  0.8109 
   00437    0.4000   -1279.2902  0.8101 
   00438    0.4325   -1304.0647  0.8087 
   00439    0.4150   -1274.8820  0.8091 
   00440    0.4025   -1277.2403  0.8041 
   00441    0.3725   -1269.7721  0.8078 
   00442    0.4500   -1276.6680  0.8064 
   00443    0.4225   -1289.9630  0.8163 
   00444    0.4100   -1269.4802  0.8102 
   00445    0.3550   -1261.2378  0.8125 
   00446    0.3725   -1278.5017  0.8140 
   00447    0.4050   -1269.2830  0.8033 
   00448    0.3875   -1282.1477  0.8055 
   00449    0.4175   -1272.6733  0.8051 
   00450    0.3900   -1271.5839  0.8101 
   00451    0.3850   -1254.1476  0.8016 
   00452    0.4150   -1248.4533  0.8000 
   00453    0.4450   -1261.3862  0.8018 
   00454    0.3925   -1276.5909  0.8158 
   00455    0.3675   -1291.4919  0.8172 
   00456    0.4000   -1286.2895  0.8126 
   00457    0.3950   -1280.6060  0.8170 
   00458    0.4225   -1288.9882  0.8291 
   00459    0.3575   -1293.1337  0.8350 
   00460    0.4475   -1290.3917  0.8406 
   00461    0.4050   -1322.0908  0.8476 
   00462    0.4100   -1316.4554  0.8484 
   00463    0.4225   -1310.8046  0.8350 
   00464    0.4300   -1296.3086  0.8321 
   00465    0.3500   -1311.4575  0.8405 
   00466    0.3775   -1305.1815  0.8413 
   00467    0.4175   -1305.8777  0.8295 
   00468    0.3825   -1314.1051  0.8444 
   00469    0.3725   -1299.6187  0.8275 
   00470    0.3850   -1320.3224  0.8308 
   00471    0.3675   -1310.8078  0.8264 
   00472    0.3850   -1313.5856  0.8355 
   00473    0.4100   -1307.5365  0.8192 
   00474    0.3800   -1311.1447  0.8199 
   00475    0.3975   -1294.8133  0.8200 
   00476    0.3825   -1314.9390  0.8306 
   00477    0.4125   -1318.7527  0.8211 
   00478    0.3950   -1303.3001  0.8193 
   00479    0.3725   -1322.0543  0.8286 
   00480    0.4175   -1322.2691  0.8333 
   00481    0.3500   -1328.4983  0.8261 
   00482    0.4025   -1294.5012  0.8159 
   00483    0.3875   -1292.5156  0.8141 
   00484    0.4050   -1287.8348  0.8060 
   00485    0.3875   -1313.1491  0.8034 
   00486    0.4025   -1287.9361  0.8014 
   00487    0.3925   -1290.3937  0.8145 
   00488    0.4175   -1290.9414  0.8206 
   00489    0.3975   -1284.2013  0.8234 
   00490    0.3950   -1312.2928  0.8407 
   00491    0.3475   -1309.8751  0.8332 
   00492    0.3925   -1317.5807  0.8350 
   00493    0.4125   -1312.4759  0.8439 
   00494    0.3500   -1313.8777  0.8387 
   00495    0.3775   -1288.0175  0.8269 
   00496    0.3900   -1274.4746  0.8148 
   00497    0.4050   -1275.8487  0.8029 
   00498    0.3925   -1256.7039  0.8060 
   00499    0.3575   -1274.0457  0.8233 
   00500    0.4475   -1292.7242  0.8293 
   00501    0.3625   -1285.3989  0.8220 
   00502    0.4100   -1266.6838  0.8192 
   00503    0.4475   -1302.9573  0.8289 
   00504    0.4475   -1290.7367  0.8272 
   00505    0.4150   -1280.3949  0.8203 
   00506    0.4125   -1284.9181  0.8278 
   00507    0.3975   -1280.3655  0.8312 
   00508    0.3800   -1303.8033  0.8336 
   00509    0.3850   -1277.8206  0.8193 
   00510    0.3700   -1277.8911  0.8202 
   00511    0.3775   -1302.9430  0.8329 
   00512    0.4075   -1298.9132  0.8309 
   00513    0.4275   -1289.3992  0.8360 
   00514    0.3525   -1307.8890  0.8350 
   00515    0.4050   -1308.2250  0.8379 
   00516    0.4275   -1292.9997  0.8224 
   00517    0.3575   -1278.5427  0.8211 
   00518    0.3825   -1279.7674  0.8283 
   00519    0.3925   -1294.1906  0.8283 
   00520    0.3850   -1269.5987  0.8298 
   00521    0.3825   -1278.6552  0.8229 
   00522    0.3850   -1260.7462  0.7967 
   00523    0.3950   -1276.8830  0.8178 
   00524    0.3950   -1284.6489  0.8242 
   00525    0.4175   -1247.5697  0.8049 
   00526    0.4150   -1256.9203  0.8108 
   00527    0.3950   -1287.7255  0.8180 
   00528    0.3775   -1307.0171  0.8195 
   00529    0.3475   -1308.5228  0.8231 
   00530    0.3825   -1311.0337  0.8206 
   00531    0.4100   -1309.7610  0.8190 
   00532    0.4250   -1272.2128  0.8033 
   00533    0.3900   -1266.1346  0.7988 
   00534    0.3575   -1253.4290  0.7995 
   00535    0.4050   -1228.8643  0.7965 
   00536    0.4350   -1264.7462  0.8125 
   00537    0.3975   -1276.9569  0.8182 
   00538    0.3950   -1288.4974  0.8172 
   00539    0.4175   -1270.8819  0.8157 
   00540    0.3925   -1249.2592  0.8121 
   00541    0.3550   -1266.7493  0.8280 
   00542    0.3825   -1277.1669  0.8366 
   00543    0.4375   -1287.5835  0.8322 
   00544    0.3750   -1285.1891  0.8333 
   00545    0.4225   -1278.5964  0.8195 
   00546    0.4000   -1284.5051  0.8237 
   00547    0.4575   -1284.7263  0.8390 
   00548    0.3875   -1296.2907  0.8427 
   00549    0.3875   -1302.4550  0.8492 
   00550    0.3825   -1291.4223  0.8416 
   00551    0.3925   -1308.5881  0.8433 
   00552    0.4000   -1294.2345  0.8297 
   00553    0.3750   -1327.9457  0.8392 
   00554    0.3550   -1315.3053  0.8334 
   00555    0.3975   -1325.0609  0.8379 
   00556    0.3750   -1325.0758  0.8287 
   00557    0.3725   -1314.1681  0.8382 
   00558    0.4300   -1333.8264  0.8572 
   00559    0.3750   -1336.9689  0.8548 
   00560    0.3500   -1329.0427  0.8473 
   00561    0.3725   -1318.1101  0.8416 
   00562    0.4075   -1317.2807  0.8443 
   00563    0.3975   -1314.7827  0.8517 
   00564    0.3650   -1321.5682  0.8563 
   00565    0.4050   -1323.4915  0.8615 
   00566    0.3925   -1313.5396  0.8553 
   00567    0.3750   -1307.9140  0.8429 
   00568    0.4275   -1297.5874  0.8382 
   00569    0.4175   -1297.7060  0.8369 
   00570    0.3750   -1293.7396  0.8318 
   00571    0.3800   -1314.5248  0.8271 
   00572    0.4000   -1279.2294  0.8169 
   00573    0.4050   -1270.9544  0.8091 
   00574    0.4025   -1289.6438  0.8107 
   00575    0.4250   -1303.6366  0.8229 
   00576    0.3700   -1313.9802  0.8274 
   00577    0.3600   -1311.4739  0.8315 
   00578    0.4075   -1300.1165  0.8147 
   00579    0.3700   -1318.7214  0.8233 
   00580    0.3500   -1307.1224  0.8175 
   00581    0.3900   -1308.1780  0.8173 
   00582    0.4175   -1305.6457  0.8158 
   00583    0.3925   -1322.1408  0.8236 
   00584    0.3850   -1326.3602  0.8321 
   00585    0.3775   -1326.9175  0.8391 
   00586    0.3450   -1324.4753  0.8410 
   00587    0.4225   -1335.0856  0.8497 
   00588    0.3525   -1306.3173  0.8352 
   00589    0.4125   -1297.4961  0.8310 
   00590    0.4125   -1324.7195  0.8339 
   00591    0.4075   -1322.7925  0.8358 
   00592    0.3750   -1288.5811  0.8132 
   00593    0.3875   -1314.7544  0.8262 
   00594    0.3750   -1333.0370  0.8192 
   00595    0.3675   -1330.8496  0.8161 
   00596    0.3875   -1288.7339  0.7949 
   00597    0.4075   -1293.6941  0.8070 
   00598    0.3675   -1268.0614  0.8039 
   00599    0.4175   -1294.0380  0.8200 
   00600    0.4300   -1266.9689  0.8092 
   00601    0.3775   -1294.5398  0.8157 
   00602    0.3575   -1302.3823  0.8213 
   00603    0.3300   -1308.6297  0.8202 
   00604    0.4075   -1307.8419  0.8141 
   00605    0.3875   -1290.2186  0.8115 
   00606    0.4075   -1277.7223  0.7865 
   00607    0.4300   -1284.1414  0.7940 
   00608    0.4250   -1298.6821  0.8106 
   00609    0.3675   -1296.6836  0.8202 
   00610    0.3675   -1281.7881  0.8214 
   00611    0.4125   -1281.4595  0.8169 
   00612    0.4225   -1278.5101  0.8092 
   00613    0.3950   -1281.0909  0.8270 
   00614    0.3525   -1274.9022  0.8244 
   00615    0.4300   -1256.7987  0.8228 
   00616    0.4250   -1251.8224  0.8182 
   00617    0.3875   -1240.6700  0.8150 
   00618    0.4125   -1266.1549  0.8088 
   00619    0.3675   -1267.5155  0.7918 
   00620    0.4075   -1275.8452  0.8006 
   00621    0.3925   -1263.9594  0.7924 
   00622    0.4225   -1283.2652  0.8046 
   00623    0.3550   -1269.0337  0.7898 
   00624    0.4075   -1282.2630  0.7931 
   00625    0.3800   -1288.9176  0.7909 
   00626    0.3825   -1278.7721  0.7815 
   00627    0.4200   -1281.8561  0.7877 
   00628    0.4050   -1265.2695  0.7870 
   00629    0.4275   -1270.5463  0.7874 
   00630    0.3775   -1282.2332  0.7887 
   00631    0.3875   -1278.3110  0.7911 
   00632    0.3550   -1256.6352  0.7908 
   00633    0.3950   -1279.2442  0.7999 
   00634    0.4025   -1271.8913  0.8174 
   00635    0.4600   -1265.7534  0.8124 
   00636    0.4600   -1279.0599  0.8203 
   00637    0.3625   -1273.9947  0.8230 
   00638    0.4075   -1263.5770  0.8185 
   00639    0.4550   -1310.0864  0.8282 
   00640    0.3550   -1326.7471  0.8321 
   00641    0.3850   -1334.4786  0.8309 
   00642    0.3775   -1299.3281  0.8156 
   00643    0.4075   -1268.6313  0.7984 
   00644    0.4350   -1283.2817  0.7932 
   00645    0.4225   -1264.6477  0.7891 
   00646    0.4075   -1280.7783  0.7861 
   00647    0.4000   -1271.7617  0.7889 
   00648    0.4025   -1251.4971  0.7789 
   00649    0.3975   -1265.5594  0.7919 
   00650    0.4075   -1273.6475  0.7937 
   00651    0.4050   -1257.4621  0.7903 
   00652    0.3875   -1285.3280  0.7988 
   00653    0.4125   -1293.9338  0.7983 
   00654    0.3800   -1306.6012  0.8136 
   00655    0.3800   -1311.6847  0.8121 
   00656    0.3625   -1318.5689  0.8094 
   00657    0.3850   -1314.9603  0.8092 
   00658    0.4050   -1296.5127  0.8025 
   00659    0.3500   -1302.7813  0.7972 
   00660    0.3775   -1327.6759  0.7872 
   00661    0.3450   -1296.3516  0.7800 
   00662    0.4050   -1307.9944  0.7901 
   00663    0.4000   -1305.6877  0.7937 
   00664    0.3875   -1302.5537  0.7866 
   00665    0.3725   -1281.4254  0.7909 
   00666    0.3900   -1299.0216  0.8073 
   00667    0.4275   -1277.7046  0.7918 
   00668    0.4200   -1263.8750  0.7854 
   00669    0.3700   -1277.5876  0.7966 
   00670    0.3750   -1301.9088  0.8023 
   00671    0.3700   -1313.0583  0.8000 
   00672    0.3950   -1334.6369  0.8053 
   00673    0.3850   -1334.8449  0.8079 
   00674    0.4050   -1327.3245  0.8049 
   00675    0.3650   -1328.9988  0.8151 
   00676    0.3800   -1311.6672  0.8256 
   00677    0.3675   -1319.1710  0.8321 
   00678    0.3425   -1311.7249  0.8243 
   00679    0.3925   -1314.1189  0.8196 
   00680    0.3450   -1302.7140  0.8125 
   00681    0.3500   -1293.8093  0.8289 
   00682    0.4000   -1271.9170  0.8096 
   00683    0.4125   -1280.3712  0.8161 
   00684    0.4050   -1284.2331  0.8071 
   00685    0.3775   -1266.0614  0.8051 
   00686    0.4525   -1247.1393  0.7930 
   00687    0.3750   -1284.8237  0.8068 
   00688    0.4250   -1268.7004  0.8043 
   00689    0.4100   -1252.0501  0.8011 
   00690    0.4050   -1225.0406  0.7914 
   00691    0.3525   -1234.1120  0.7900 
   00692    0.3750   -1243.7155  0.7921 
   00693    0.4350   -1240.5866  0.7948 
   00694    0.4050   -1287.9095  0.8094 
   00695    0.3850   -1290.3315  0.8081 
   00696    0.4125   -1300.5002  0.8106 
   00697    0.3300   -1298.8905  0.8101 
   00698    0.4150   -1303.5698  0.8117 
   00699    0.3825   -1303.9240  0.8154 
   00700    0.3850   -1299.3551  0.8147 
   00701    0.4225   -1305.0710  0.8091 
   00702    0.4025   -1295.1262  0.8018 
   00703    0.4200   -1271.0226  0.7980 
   00704    0.3550   -1283.0042  0.8115 
   00705    0.3625   -1260.6488  0.7940 
   00706    0.4650   -1250.8605  0.7786 
   00707    0.4075   -1249.0988  0.7649 
   00708    0.4150   -1267.4504  0.7818 
   00709    0.4125   -1283.3907  0.8017 
   00710    0.4025   -1279.3043  0.7987 
   00711    0.4175   -1289.9226  0.8034 
   00712    0.3850   -1286.6414  0.8081 
   00713    0.3975   -1307.3087  0.8251 
   00714    0.3700   -1303.5851  0.8298 
   00715    0.4250   -1306.1849  0.8389 
   00716    0.4375   -1287.6933  0.8282 
   00717    0.4025   -1304.0380  0.8437 
   00718    0.3950   -1327.8762  0.8411 
   00719    0.3700   -1326.8082  0.8445 
   00720    0.3775   -1310.3530  0.8406 
   00721    0.3975   -1325.5764  0.8394 
   00722    0.3675   -1310.2591  0.8263 
   00723    0.3750   -1282.7460  0.8242 
   00724    0.3800   -1280.5565  0.8215 
   00725    0.4025   -1282.9955  0.8177 
   00726    0.4075   -1296.8178  0.8264 
   00727    0.3750   -1295.2250  0.8201 
   00728    0.4125   -1308.6654  0.8181 
   00729    0.3650   -1318.6663  0.8329 
   00730    0.4075   -1302.8494  0.8092 
   00731    0.3575   -1289.8069  0.8059 
   00732    0.4000   -1286.1162  0.8042 
   00733    0.4775   -1262.4468  0.7793 
   00734    0.4075   -1259.8380  0.7733 
   00735    0.4100   -1275.8935  0.7861 
   00736    0.4400   -1259.4810  0.7774 
   00737    0.3875   -1291.4681  0.8049 
   00738    0.3925   -1280.1838  0.7942 
   00739    0.4150   -1299.3091  0.8060 
   00740    0.3900   -1319.7061  0.8229 
   00741    0.4125   -1345.9674  0.8226 
   00742    0.4225   -1350.7404  0.8224 
   00743    0.3825   -1339.6287  0.8270 
   00744    0.3650   -1340.0742  0.8339 
   00745    0.4025   -1319.0388  0.8203 
   00746    0.4300   -1313.8780  0.8120 
   00747    0.4300   -1292.6821  0.7964 
   00748    0.3950   -1304.9092  0.8068 
   00749    0.3825   -1310.6006  0.8169 
   00750    0.3750   -1312.1305  0.8297 
   00751    0.3675   -1319.3237  0.8255 
   00752    0.4275   -1296.2906  0.8257 
   00753    0.3850   -1283.9704  0.8256 
   00754    0.3975   -1276.7511  0.8074 
   00755    0.4100   -1259.9600  0.8048 
   00756    0.4325   -1281.7190  0.8023 
   00757    0.3900   -1285.4509  0.8127 
   00758    0.3800   -1277.3146  0.8106 
   00759    0.4100   -1289.1965  0.8100 
   00760    0.4025   -1281.1522  0.8077 
   00761    0.3800   -1297.0586  0.8127 
   00762    0.4225   -1301.0564  0.8200 
   00763    0.3925   -1301.8449  0.8209 
   00764    0.3650   -1299.3038  0.8291 
   00765    0.3775   -1258.7992  0.8039 
   00766    0.4150   -1249.1547  0.7996 
   00767    0.4225   -1249.4887  0.7848 
   00768    0.3925   -1253.3094  0.7753 
   00769    0.4225   -1258.7730  0.7813 
   00770    0.4000   -1253.7231  0.7789 
   00771    0.4175   -1253.2372  0.7778 
   00772    0.4025   -1267.2299  0.7782 
   00773    0.3800   -1287.8838  0.7890 
   00774    0.3575   -1263.1538  0.7873 
   00775    0.4175   -1281.7602  0.7888 
   00776    0.4025   -1277.6776  0.7875 
   00777    0.3825   -1297.5568  0.7955 
   00778    0.3750   -1307.6357  0.7998 
   00779    0.3875   -1315.6849  0.8103 
   00780    0.3475   -1324.9312  0.8148 
   00781    0.4025   -1317.7951  0.8111 
   00782    0.3675   -1332.0080  0.8155 
   00783    0.4175   -1329.6417  0.8176 
   00784    0.3950   -1294.9897  0.8110 
   00785    0.4225   -1305.7896  0.7985 
   00786    0.3975   -1304.8605  0.7914 
   00787    0.4000   -1305.2565  0.7961 
   00788    0.3875   -1298.1261  0.7923 
   00789    0.3900   -1286.8720  0.7865 
   00790    0.4075   -1264.3085  0.7854 
   00791    0.4000   -1280.5126  0.7927 
   00792    0.3950   -1320.4842  0.8069 
   00793    0.3650   -1310.9560  0.8019 
   00794    0.4475   -1293.9756  0.8046 
   00795    0.3850   -1283.9802  0.7971 
   00796    0.4075   -1285.1556  0.8030 
   00797    0.3950   -1284.5281  0.8036 
   00798    0.3975   -1269.9762  0.8007 
   00799    0.3400   -1253.3552  0.7924 
   00800    0.4125   -1256.9142  0.7953 
   00801    0.4425   -1259.7402  0.8008 
   00802    0.3875   -1271.5267  0.8155 
   00803    0.3925   -1278.6227  0.8216 
   00804    0.3875   -1305.3360  0.8420 
   00805    0.3850   -1295.8158  0.8340 
   00806    0.3900   -1311.4410  0.8437 
   00807    0.4050   -1271.2678  0.8184 
   00808    0.3775   -1284.6997  0.8245 
   00809    0.4500   -1289.5547  0.8182 
   00810    0.4225   -1316.5269  0.8161 
   00811    0.3900   -1309.2221  0.8107 
   00812    0.4000   -1303.6307  0.8193 
   00813    0.4225   -1313.9634  0.8258 
   00814    0.4175   -1308.0406  0.8386 
   00815    0.4050   -1315.0227  0.8403 
   00816    0.3750   -1297.6245  0.8417 
   00817    0.4075   -1310.8891  0.8436 
   00818    0.4250   -1294.5880  0.8419 
   00819    0.3950   -1309.6082  0.8423 
   00820    0.3925   -1283.0967  0.8315 
   00821    0.3825   -1276.9556  0.8291 
   00822    0.4550   -1273.5295  0.8298 
   00823    0.4275   -1273.1224  0.8281 
   00824    0.4050   -1273.0597  0.8214 
   00825    0.3650   -1270.1252  0.8113 
   00826    0.4575   -1276.5739  0.8089 
   00827    0.4250   -1262.7539  0.7965 
   00828    0.4400   -1281.1297  0.8004 
   00829    0.4025   -1279.7506  0.7897 
   00830    0.3900   -1283.3887  0.7947 
   00831    0.3725   -1255.5195  0.7803 
   00832    0.4000   -1283.3642  0.7931 
   00833    0.3950   -1290.1271  0.8074 
   00834    0.3700   -1272.5721  0.8024 
   00835    0.4350   -1260.1304  0.8011 
   00836    0.3850   -1253.5515  0.8085 
   00837    0.4050   -1303.9395  0.8380 
   00838    0.3875   -1314.8806  0.8317 
   00839    0.3625   -1326.3340  0.8391 
   00840    0.3950   -1308.8786  0.8382 
   00841    0.3900   -1310.6611  0.8361 
   00842    0.4025   -1297.1344  0.8299 
   00843    0.3475   -1310.3572  0.8362 
   00844    0.4050   -1293.9047  0.8153 
   00845    0.4175   -1289.6036  0.8050 
   00846    0.3775   -1309.7896  0.8160 
   00847    0.3600   -1311.8961  0.8119 
   00848    0.4025   -1290.2418  0.8061 
   00849    0.4100   -1292.0332  0.8025 
   00850    0.4100   -1291.6879  0.8057 
   00851    0.3800   -1302.4435  0.8122 
   00852    0.4100   -1308.3700  0.8117 
   00853    0.3625   -1302.4574  0.8128 
   00854    0.3525   -1277.1044  0.7883 
   00855    0.3675   -1284.8253  0.7735 
   00856    0.3900   -1298.2649  0.7721 
   00857    0.4100   -1281.7709  0.7733 
   00858    0.4250   -1287.2148  0.7758 
   00859    0.4175   -1297.7037  0.7629 
   00860    0.3700   -1294.2803  0.7669 
   00861    0.3775   -1280.3345  0.7641 
   00862    0.4150   -1281.8274  0.7628 
   00863    0.3475   -1277.1645  0.7692 
   00864    0.4325   -1280.0574  0.7824 
   00865    0.4250   -1270.6358  0.7698 
   00866    0.3825   -1276.7759  0.7762 
   00867    0.3725   -1300.0225  0.7816 
   00868    0.3875   -1300.2513  0.7808 
   00869    0.3850   -1275.6173  0.7802 
   00870    0.4275   -1288.1677  0.7686 
   00871    0.4175   -1281.5202  0.7602 
   00872    0.3650   -1294.0461  0.7556 
   00873    0.3925   -1274.4246  0.7491 
   00874    0.4100   -1287.6063  0.7470 
   00875    0.4000   -1295.9760  0.7627 
   00876    0.3975   -1266.0716  0.7409 
   00877    0.3800   -1266.5432  0.7408 
   00878    0.3650   -1249.4838  0.7422 
   00879    0.4275   -1251.3629  0.7388 
   00880    0.4200   -1276.7237  0.7427 
   00881    0.4550   -1258.9500  0.7496 
   00882    0.4025   -1255.7082  0.7421 
   00883    0.3750   -1269.5642  0.7456 
   00884    0.3625   -1271.6516  0.7499 
   00885    0.3775   -1275.2284  0.7562 
   00886    0.4025   -1270.4403  0.7487 
   00887    0.3775   -1290.9674  0.7453 
   00888    0.4000   -1281.7152  0.7463 
   00889    0.4025   -1292.3736  0.7509 
   00890    0.3700   -1288.7143  0.7625 
   00891    0.4250   -1286.0282  0.7502 
   00892    0.4150   -1261.0014  0.7374 
   00893    0.4125   -1249.2035  0.7283 
   00894    0.3725   -1242.4253  0.7421 
   00895    0.4100   -1265.2132  0.7428 
   00896    0.4050   -1284.2656  0.7473 
   00897    0.4175   -1255.6980  0.7300 
   00898    0.3675   -1240.5275  0.7248 
   00899    0.4400   -1235.9895  0.7309 
   00900    0.4275   -1225.2467  0.7263 
   00901    0.4100   -1223.4446  0.7171 
   00902    0.3925   -1231.4592  0.7190 
   00903    0.3975   -1217.0455  0.7103 
   00904    0.4450   -1217.4543  0.7252 
   00905    0.4125   -1221.3255  0.7360 
   00906    0.4325   -1238.9911  0.7360 
   00907    0.4600   -1253.3450  0.7361 
   00908    0.4750   -1215.1391  0.7249 
   00909    0.4175   -1243.4999  0.7395 
   00910    0.4550   -1233.0702  0.7529 
   00911    0.4150   -1240.6868  0.7413 
   00912    0.3950   -1249.2804  0.7256 
   00913    0.4175   -1233.9504  0.7297 
   00914    0.4025   -1230.2495  0.7410 
   00915    0.4275   -1224.4005  0.7284 
   00916    0.3650   -1239.7869  0.7414 
   00917    0.4425   -1241.8948  0.7345 
   00918    0.4200   -1233.4790  0.7306 
   00919    0.4475   -1223.2938  0.6936 
   00920    0.4025   -1221.5015  0.7062 
   00921    0.4225   -1205.1877  0.7111 
   00922    0.4600   -1226.1601  0.7152 
   00923    0.4275   -1228.8840  0.7256 
   00924    0.4125   -1224.5959  0.7263 
   00925    0.4300   -1225.2849  0.7348 
   00926    0.4350   -1235.9158  0.7408 
   00927    0.4425   -1243.1286  0.7420 
   00928    0.4400   -1263.4772  0.7790 
   00929    0.4050   -1258.1172  0.7827 
   00930    0.4150   -1292.3164  0.7856 
   00931    0.3825   -1276.7814  0.7705 
   00932    0.4200   -1241.7363  0.7647 
   00933    0.4650   -1240.0600  0.7673 
   00934    0.4150   -1228.8369  0.7694 
   00935    0.4150   -1263.8274  0.7791 
   00936    0.4250   -1291.6391  0.7799 
   00937    0.3850   -1309.5230  0.7944 
   00938    0.4150   -1324.0816  0.8156 
   00939    0.3325   -1308.0733  0.8113 
   00940    0.4100   -1279.7447  0.7878 
   00941    0.3625   -1295.9086  0.7815 
   00942    0.4175   -1299.2423  0.7873 
   00943    0.4000   -1309.3038  0.7976 
   00944    0.3675   -1298.5123  0.7960 
   00945    0.3550   -1281.1337  0.8011 
   00946    0.4000   -1291.0629  0.8148 
   00947    0.4050   -1278.7388  0.8174 
   00948    0.4025   -1268.9383  0.8052 
   00949    0.3875   -1268.9735  0.8007 
   00950    0.4075   -1264.1761  0.7951 
   00951    0.4400   -1271.3264  0.7898 
   00952    0.3700   -1273.2117  0.7797 
   00953    0.4150   -1268.9041  0.7783 
   00954    0.3775   -1255.6266  0.7862 
   00955    0.4125   -1250.6588  0.7942 
   00956    0.3675   -1240.4220  0.7978 
   00957    0.4175   -1244.4127  0.7984 
   00958    0.4200   -1266.3786  0.8091 
   00959    0.3875   -1292.8764  0.8165 
   00960    0.3575   -1292.1254  0.8160 
   00961    0.4100   -1271.4714  0.8039 
   00962    0.3775   -1273.9859  0.7999 
   00963    0.3875   -1282.4889  0.8146 
   00964    0.4150   -1269.6826  0.7983 
   00965    0.4100   -1262.7032  0.7962 
   00966    0.3850   -1254.1574  0.7879 
   00967    0.4200   -1266.1679  0.7899 
   00968    0.4150   -1255.0196  0.7896 
   00969    0.3975   -1254.0849  0.8019 
   00970    0.3900   -1251.4552  0.7968 
   00971    0.3725   -1237.8984  0.7897 
   00972    0.3900   -1259.8659  0.7935 
   00973    0.4300   -1251.6859  0.7833 
   00974    0.4075   -1273.0820  0.7916 
   00975    0.4000   -1265.2096  0.7910 
   00976    0.4225   -1287.6834  0.8104 
   00977    0.4275   -1284.9502  0.8104 
   00978    0.4225   -1276.8551  0.8233 
   00979    0.4125   -1287.4197  0.8208 
   00980    0.4150   -1272.9980  0.8098 
   00981    0.4150   -1257.7071  0.8074 
   00982    0.3650   -1243.8913  0.8010 
   00983    0.4500   -1261.7689  0.8075 
   00984    0.3875   -1283.8438  0.8108 
   00985    0.3625   -1272.2257  0.8074 
   00986    0.4000   -1305.0093  0.8277 
   00987    0.3825   -1326.0559  0.8371 
   00988    0.3875   -1311.3892  0.8348 
   00989    0.3600   -1297.7937  0.8391 
   00990    0.3575   -1284.0210  0.8383 
   00991    0.4275   -1290.3128  0.8338 
   00992    0.3950   -1296.0828  0.8386 
   00993    0.3700   -1313.0046  0.8440 
   00994    0.3875   -1295.8150  0.8389 
   00995    0.3925   -1295.8308  0.8344 
   00996    0.4150   -1292.5456  0.8351 
   00997    0.4275   -1310.0589  0.8426 
   00998    0.3900   -1317.5504  0.8398 
   00999    0.3575   -1304.3042  0.8200 
   01000    0.3900   -1300.2755  0.8165 
