#=====================================================
# File created:        Sun-01-Mar-2026-at-12-23-15PM
# Size of lattice:     500x500
# Number of MC steps:  50
# Reduced temperature: 0.650
# Run time (s):        52.689491
#=====================================================
# MC step:  Ratio:     Energy:   Order:
#=====================================================
   00000    0.5000 -250166.3708  0.2507 
   00001    0.6798 -379518.3732  0.2525 
   00002    0.6130 -455122.7761  0.2535 
   00003    0.5715 -505419.8677  0.2532 
   00004    0.5456 -542410.8486  0.2541 
   00005    0.5247 -571070.3910  0.2541 
   00006    0.5093 -594661.5870  0.2552 
   00007    0.4995 -612833.5248  0.2554 
   00008    0.4876 -628548.7512  0.2565 
   00009    0.4822 -641776.2908  0.2566 
   00010    0.4739 -653297.8764  0.2569 
   00011    0.4686 -663275.6532  0.2584 
   00012    0.4622 -671287.0940  0.2584 
   00013    0.4618 -678264.2935  0.2592 
   00014    0.4555 -684941.3902  0.2591 
   00015    0.4540 -691277.4901  0.2588 
   00016    0.4480 -697195.5992  0.2598 
   00017    0.4470 -702003.2498  0.2599 
   00018    0.4466 -706277.6880  0.2600 
   00019    0.4419 -709394.2337  0.2603 
   00020    0.4407 -713240.2326  0.2595 
   00021    0.4413 -716651.4356  0.2604 
   00022    0.4392 -718786.9928  0.2608 
   00023    0.4368 -721318.4249  0.2612 
   00024    0.4356 -724207.3002  0.2611 
   00025    0.4345 -726775.1863  0.2617 
   00026    0.4328 -729117.3126  0.2620 
   00027    0.4324 -731503.2364  0.2628 
   00028    0.4310 -733436.6413  0.2626 
   00029    0.4305 -735543.1476  0.2627 
   00030    0.4280 -737395.6634  0.2634 
   00031    0.4280 -738517.9620  0.2637 
   00032    0.4272 -739883.9725  0.2644 
   00033    0.4250 -741216.8600  0.2646 
   00034    0.4249 -742556.7596  0.2654 
   00035    0.4268 -742742.6545  0.2657 
   00036    0.4257 -744357.5535  0.2660 
   00037    0.4256 -745378.5479  0.2663 
   00038    0.4238 -746473.1895  0.2658 
   00039    0.4235 -747235.7650  0.2669 
   00040    0.4226 -747921.7400  0.2665 
   00041    0.4222 -749273.5737  0.2665 
   00042    0.4236 -750190.8815  0.2667 
   00043    0.4219 -751403.0349  0.2666 
   00044    0.4213 -751953.1665  0.2671 
   00045    0.4205 -752204.0480  0.2681 
   00046    0.4205 -753034.9791  0.2686 
   00047    0.4213 -753902.6082  0.2688 
   00048    0.4212 -754786.6734  0.2685 
   00049    0.4205 -755205.4974  0.2685 
   00050    0.4189 -756241.5044  0.2689 
