#=====================================================
# File created:        Mon-16-Feb-2026-at-01-37-56PM
# Size of lattice:     20x20
# Number of MC steps:  1000
# Reduced temperature: 0.650
# Run time (s):        -0.151229
#=====================================================
# MC step:  Ratio:     Energy:   Order:
#=====================================================
   00000    0.5000    -353.7337  0.2928 
   00001    0.6625    -577.0494  0.3049 
   00002    0.6175    -712.4336  0.2904 
   00003    0.5375    -764.7086  0.3001 
   00004    0.5900    -849.6718  0.3250 
   00005    0.5050    -902.2205  0.3459 
   00006    0.4550    -922.8029  0.3358 
   00007    0.5050    -926.3667  0.3148 
   00008    0.4850    -963.3056  0.3275 
   00009    0.4775   -1003.0322  0.3197 
   00010    0.4875   -1042.1831  0.3215 
   00011    0.4700   -1044.9894  0.3262 
   00012    0.4650   -1050.0769  0.3187 
   00013    0.4525   -1069.7187  0.3234 
   00014    0.4825   -1080.8103  0.3423 
   00015    0.4500   -1106.5888  0.3292 
   00016    0.4525   -1109.0537  0.3250 
   00017    0.4550   -1119.2975  0.3258 
   00018    0.4500   -1134.3348  0.3171 
   00019    0.4400   -1121.9743  0.3421 
   00020    0.4450   -1114.0729  0.3266 
   00021    0.4375   -1107.9266  0.2908 
   00022    0.4825   -1121.8061  0.3143 
   00023    0.4025   -1137.7024  0.2901 
   00024    0.4650   -1119.6220  0.2966 
   00025    0.4475   -1123.5485  0.3143 
   00026    0.3975   -1113.1347  0.3231 
   00027    0.4700   -1102.3375  0.3194 
   00028    0.4650   -1113.8596  0.3338 
   00029    0.4600   -1129.6444  0.3349 
   00030    0.4150   -1104.5069  0.3057 
   00031    0.4850   -1106.5238  0.3065 
   00032    0.4300   -1113.5366  0.3190 
   00033    0.4500   -1111.2312  0.3199 
   00034    0.4600   -1104.2714  0.3228 
   00035    0.5125   -1110.0969  0.3296 
   00036    0.4375   -1099.4239  0.3464 
   00037    0.4100   -1117.5609  0.3854 
   00038    0.4625   -1130.0309  0.3607 
   00039    0.3950   -1147.0063  0.3639 
   00040    0.4425   -1136.1523  0.3486 
   00041    0.4350   -1177.2239  0.3359 
   00042    0.4375   -1180.5396  0.3598 
   00043    0.3975   -1189.9430  0.3687 
   00044    0.4175   -1195.0335  0.3566 
   00045    0.4150   -1188.9478  0.3553 
   00046    0.4425   -1188.7979  0.3244 
   00047    0.3950   -1189.3970  0.3199 
   00048    0.4575   -1180.7077  0.3357 
   00049    0.4425   -1160.6014  0.3258 
   00050    0.4200   -1160.9594  0.3469 
   00051    0.4375   -1161.3838  0.3618 
   00052    0.4550   -1136.6018  0.3372 
   00053    0.4550   -1142.6581  0.3362 
   00054    0.5150   -1145.5750  0.3355 
   00055    0.4200   -1166.3310  0.3304 
   00056    0.4200   -1152.0717  0.3175 
   00057    0.4150   -1153.0737  0.3112 
   00058    0.4400   -1167.5029  0.3059 
   00059    0.4675   -1188.1295  0.3083 
   00060    0.4050   -1180.6624  0.3149 
   00061    0.4375   -1164.9292  0.2921 
   00062    0.4300   -1197.4484  0.2627 
   00063    0.4100   -1183.1080  0.2690 
   00064    0.4075   -1176.0414  0.2710 
   00065    0.4100   -1176.9749  0.2826 
   00066    0.3900   -1197.4683  0.2843 
   00067    0.4025   -1192.6210  0.3002 
   00068    0.4500   -1174.0009  0.2918 
   00069    0.4450   -1153.0986  0.2899 
   00070    0.4300   -1182.6746  0.3081 
   00071    0.4250   -1165.0068  0.3166 
   00072    0.4800   -1160.9209  0.3073 
   00073    0.4450   -1160.4297  0.3248 
   00074    0.4375   -1135.5260  0.3327 
   00075    0.4650   -1169.8783  0.3551 
   00076    0.4225   -1183.8530  0.3508 
   00077    0.4050   -1205.7979  0.3599 
   00078    0.4500   -1179.8888  0.3687 
   00079    0.4400   -1189.2949  0.3709 
   00080    0.4325   -1191.2276  0.3852 
   00081    0.3925   -1188.6193  0.3884 
   00082    0.4000   -1204.9138  0.3651 
   00083    0.4225   -1189.1410  0.3543 
   00084    0.3900   -1230.9604  0.3435 
   00085    0.4200   -1241.0051  0.3542 
   00086    0.4300   -1266.7856  0.3552 
   00087    0.4275   -1257.9238  0.3601 
   00088    0.3850   -1240.9546  0.3677 
   00089    0.4325   -1231.3614  0.3532 
   00090    0.4225   -1225.7120  0.3622 
   00091    0.4350   -1204.8628  0.3521 
   00092    0.4200   -1241.0240  0.3620 
   00093    0.3850   -1237.8397  0.3660 
   00094    0.4150   -1214.6319  0.3729 
   00095    0.4250   -1203.0876  0.3690 
   00096    0.4200   -1219.0136  0.3826 
   00097    0.4125   -1205.0069  0.3788 
   00098    0.4450   -1209.2610  0.3702 
   00099    0.4525   -1231.6881  0.3567 
   00100    0.4200   -1211.8599  0.3397 
   00101    0.4175   -1216.8413  0.3485 
   00102    0.3850   -1198.7167  0.3352 
   00103    0.4275   -1187.2677  0.3496 
   00104    0.4000   -1159.9681  0.3328 
   00105    0.4150   -1169.8808  0.3275 
   00106    0.4425   -1180.3454  0.3093 
   00107    0.4075   -1154.6074  0.3047 
   00108    0.3875   -1142.6129  0.3156 
   00109    0.4525   -1169.0051  0.3275 
   00110    0.4075   -1180.2425  0.3272 
   00111    0.4675   -1164.0553  0.3210 
   00112    0.4425   -1168.4187  0.3177 
   00113    0.4300   -1196.9592  0.3232 
   00114    0.3875   -1192.6489  0.3212 
   00115    0.4075   -1174.1748  0.3192 
   00116    0.4550   -1190.2426  0.3329 
   00117    0.4300   -1190.8023  0.3189 
   00118    0.4625   -1207.7973  0.3303 
   00119    0.4425   -1224.1772  0.3337 
   00120    0.4400   -1245.4424  0.3234 
   00121    0.4150   -1254.5916  0.3296 
   00122    0.3875   -1252.5489  0.3371 
   00123    0.4400   -1207.4871  0.3389 
   00124    0.4650   -1215.0726  0.3452 
   00125    0.4025   -1219.8023  0.3405 
   00126    0.4275   -1197.3800  0.3333 
   00127    0.3975   -1232.3279  0.3446 
   00128    0.3850   -1245.0424  0.3512 
   00129    0.3525   -1244.2396  0.3619 
   00130    0.4475   -1260.9402  0.3781 
   00131    0.4075   -1244.6109  0.3813 
   00132    0.3950   -1232.8639  0.3828 
   00133    0.3850   -1227.9910  0.3873 
   00134    0.4100   -1208.2898  0.3998 
   00135    0.4150   -1239.9074  0.4002 
   00136    0.4175   -1223.1142  0.3980 
   00137    0.4350   -1211.0128  0.3827 
   00138    0.3975   -1236.2726  0.3930 
   00139    0.4525   -1241.4611  0.3987 
   00140    0.4250   -1232.8456  0.3986 
   00141    0.3675   -1247.0586  0.4251 
   00142    0.3825   -1267.6153  0.4280 
   00143    0.3800   -1263.6545  0.4447 
   00144    0.4425   -1228.8985  0.4495 
   00145    0.4575   -1237.7337  0.4291 
   00146    0.4325   -1239.2444  0.4342 
   00147    0.3500   -1208.9599  0.4479 
   00148    0.4025   -1185.0965  0.4650 
   00149    0.4150   -1172.6973  0.4718 
   00150    0.4450   -1198.5399  0.4800 
   00151    0.4050   -1204.8289  0.4887 
   00152    0.4250   -1205.7794  0.5069 
   00153    0.4225   -1223.9959  0.5054 
   00154    0.3925   -1236.7363  0.5115 
   00155    0.4200   -1208.1697  0.5137 
   00156    0.4425   -1216.0077  0.5269 
   00157    0.4500   -1208.4212  0.5062 
   00158    0.4175   -1216.8693  0.5080 
   00159    0.4225   -1204.3477  0.5297 
   00160    0.4600   -1201.0604  0.5274 
   00161    0.4175   -1210.7485  0.5431 
   00162    0.4575   -1196.6635  0.5279 
   00163    0.3750   -1202.1335  0.5321 
   00164    0.4125   -1170.4989  0.5208 
   00165    0.4225   -1194.0383  0.5026 
   00166    0.4150   -1211.9825  0.5289 
   00167    0.4300   -1210.4149  0.5079 
   00168    0.4125   -1204.5117  0.4954 
   00169    0.4475   -1217.1842  0.4901 
   00170    0.4200   -1201.6171  0.4909 
   00171    0.3900   -1195.1605  0.4778 
   00172    0.3800   -1196.8020  0.4953 
   00173    0.4150   -1184.7151  0.4969 
   00174    0.4275   -1212.5818  0.5094 
   00175    0.4150   -1197.8590  0.5189 
   00176    0.4450   -1209.5157  0.5336 
   00177    0.4025   -1220.1359  0.5477 
   00178    0.3825   -1222.5155  0.5564 
   00179    0.4400   -1266.2956  0.5617 
   00180    0.4025   -1258.1441  0.5598 
   00181    0.4150   -1257.7565  0.5904 
   00182    0.3875   -1252.8780  0.5834 
   00183    0.3800   -1271.6377  0.5878 
   00184    0.3925   -1253.7488  0.5822 
   00185    0.4575   -1254.7692  0.5875 
   00186    0.4000   -1234.0569  0.5676 
   00187    0.4175   -1253.7642  0.5671 
   00188    0.3925   -1252.2387  0.5624 
   00189    0.4375   -1257.4090  0.5634 
   00190    0.4150   -1251.0977  0.5635 
   00191    0.4175   -1252.0916  0.5670 
   00192    0.4375   -1243.7249  0.5636 
   00193    0.4075   -1228.5007  0.5619 
   00194    0.4325   -1235.3236  0.5610 
   00195    0.4125   -1235.5314  0.5802 
   00196    0.3875   -1238.8915  0.5889 
   00197    0.4275   -1228.3063  0.5798 
   00198    0.4025   -1254.6050  0.5751 
   00199    0.3550   -1249.7980  0.5779 
   00200    0.3625   -1267.7107  0.5829 
   00201    0.4500   -1242.0596  0.5790 
   00202    0.4125   -1232.9414  0.5701 
   00203    0.4325   -1212.8759  0.5440 
   00204    0.3825   -1219.9262  0.5512 
   00205    0.3625   -1231.9891  0.5494 
   00206    0.3525   -1221.2295  0.5536 
   00207    0.4175   -1231.6317  0.5486 
   00208    0.4300   -1239.6744  0.5480 
   00209    0.3700   -1226.6800  0.5513 
   00210    0.4300   -1240.1911  0.5657 
   00211    0.3775   -1253.1865  0.5767 
   00212    0.4025   -1245.8463  0.5818 
   00213    0.4100   -1241.2594  0.5817 
   00214    0.3825   -1250.9417  0.5707 
   00215    0.3900   -1222.6625  0.5825 
   00216    0.4100   -1241.1749  0.5897 
   00217    0.3775   -1246.9689  0.5822 
   00218    0.4675   -1262.3547  0.5826 
   00219    0.4125   -1260.2727  0.5696 
   00220    0.4425   -1232.8155  0.5526 
   00221    0.3975   -1218.4101  0.5436 
   00222    0.4000   -1203.1292  0.5327 
   00223    0.4300   -1198.0693  0.5388 
   00224    0.4000   -1198.1754  0.5476 
   00225    0.4850   -1216.0767  0.5303 
   00226    0.3775   -1224.0944  0.5106 
   00227    0.4000   -1217.2257  0.4984 
   00228    0.4700   -1177.0922  0.4862 
   00229    0.4125   -1200.7909  0.4884 
   00230    0.4125   -1212.1161  0.5064 
   00231    0.3975   -1213.8419  0.5125 
   00232    0.3800   -1236.2552  0.5235 
   00233    0.4150   -1261.0384  0.5132 
   00234    0.4150   -1270.4950  0.5106 
   00235    0.4325   -1262.6241  0.4877 
   00236    0.4100   -1253.8024  0.5010 
   00237    0.3950   -1253.7015  0.4979 
   00238    0.3925   -1284.6186  0.5255 
   00239    0.4250   -1296.8779  0.5604 
   00240    0.3925   -1286.0792  0.5676 
   00241    0.4125   -1290.4958  0.5634 
   00242    0.4175   -1293.1484  0.5439 
   00243    0.3975   -1285.7275  0.5459 
   00244    0.4150   -1275.5492  0.5455 
   00245    0.4250   -1259.7607  0.5463 
   00246    0.4100   -1260.2096  0.5663 
   00247    0.3775   -1258.2269  0.5561 
   00248    0.4200   -1250.0478  0.5472 
   00249    0.3800   -1258.9246  0.5621 
   00250    0.4025   -1244.3291  0.5680 
   00251    0.4275   -1280.7751  0.5843 
   00252    0.3800   -1243.9607  0.5724 
   00253    0.4475   -1269.6795  0.5627 
   00254    0.4000   -1259.4425  0.5584 
   00255    0.3900   -1250.2331  0.5642 
   00256    0.4050   -1259.1807  0.5459 
   00257    0.4175   -1237.6364  0.5437 
   00258    0.3725   -1247.9941  0.5459 
   00259    0.3975   -1258.5386  0.5365 
   00260    0.3975   -1247.3847  0.5085 
   00261    0.3975   -1244.7911  0.5013 
   00262    0.4250   -1232.1149  0.4845 
   00263    0.4275   -1243.1508  0.4786 
   00264    0.3925   -1234.8424  0.4909 
   00265    0.4200   -1248.2887  0.4828 
   00266    0.4325   -1265.4533  0.4906 
   00267    0.4250   -1259.5961  0.4671 
   00268    0.4025   -1252.4795  0.4653 
   00269    0.4375   -1266.6194  0.4566 
   00270    0.3900   -1277.4571  0.4544 
   00271    0.4500   -1266.0204  0.4584 
   00272    0.3575   -1265.9518  0.4577 
   00273    0.4050   -1276.1444  0.4459 
   00274    0.4300   -1273.0911  0.4566 
   00275    0.4225   -1284.8956  0.4511 
   00276    0.3750   -1293.8413  0.4526 
   00277    0.3925   -1300.3134  0.4432 
   00278    0.3975   -1286.2709  0.4534 
   00279    0.3650   -1282.6591  0.4405 
   00280    0.3850   -1275.1416  0.4459 
   00281    0.3950   -1272.3994  0.4537 
   00282    0.4025   -1285.6647  0.4514 
   00283    0.4275   -1279.5968  0.4650 
   00284    0.4125   -1280.1094  0.4681 
   00285    0.4100   -1277.0178  0.4346 
   00286    0.3650   -1279.4706  0.4459 
   00287    0.3600   -1288.1491  0.4483 
   00288    0.4125   -1274.7609  0.4452 
   00289    0.3975   -1263.5306  0.4448 
   00290    0.4100   -1237.8826  0.4497 
   00291    0.4025   -1244.6275  0.4414 
   00292    0.4600   -1239.1767  0.4414 
   00293    0.4475   -1232.2668  0.4549 
   00294    0.4800   -1215.0708  0.4573 
   00295    0.4175   -1203.5218  0.4536 
   00296    0.3725   -1212.7435  0.4561 
   00297    0.3875   -1203.9527  0.4656 
   00298    0.4100   -1219.0943  0.4567 
   00299    0.4250   -1211.3680  0.4455 
   00300    0.4275   -1199.4062  0.4467 
   00301    0.4375   -1194.1192  0.4472 
   00302    0.3975   -1212.1526  0.4455 
   00303    0.4275   -1183.0447  0.4327 
   00304    0.4575   -1193.8330  0.4328 
   00305    0.4625   -1197.7199  0.4123 
   00306    0.4250   -1180.3676  0.3935 
   00307    0.4100   -1186.9043  0.3838 
   00308    0.4625   -1177.5100  0.3740 
   00309    0.4050   -1179.7958  0.3659 
   00310    0.4100   -1193.7505  0.3639 
   00311    0.4225   -1200.3806  0.3493 
   00312    0.4500   -1206.4856  0.3783 
   00313    0.4025   -1216.5404  0.3471 
   00314    0.3925   -1201.5978  0.3547 
   00315    0.4375   -1208.2839  0.3671 
   00316    0.3850   -1208.1173  0.3421 
   00317    0.3550   -1221.6220  0.3463 
   00318    0.4025   -1224.1632  0.3484 
   00319    0.3775   -1216.8614  0.3346 
   00320    0.3800   -1199.0459  0.3459 
   00321    0.4175   -1198.3203  0.3516 
   00322    0.4325   -1179.1962  0.3564 
   00323    0.4150   -1189.7556  0.3701 
   00324    0.3775   -1206.9579  0.3714 
   00325    0.4225   -1180.8853  0.3451 
   00326    0.4025   -1168.6248  0.3702 
   00327    0.4700   -1201.7976  0.3727 
   00328    0.3950   -1192.6542  0.3865 
   00329    0.4025   -1198.8354  0.3798 
   00330    0.4125   -1189.1341  0.3944 
   00331    0.3600   -1218.0466  0.3997 
   00332    0.3575   -1234.1778  0.3798 
   00333    0.4075   -1208.8468  0.3844 
   00334    0.3875   -1226.6004  0.3744 
   00335    0.3975   -1212.0523  0.3806 
   00336    0.4075   -1208.0677  0.4017 
   00337    0.4650   -1226.4282  0.4177 
   00338    0.4050   -1193.2414  0.4004 
   00339    0.4600   -1216.3844  0.4157 
   00340    0.4275   -1210.4658  0.4251 
   00341    0.4075   -1219.2042  0.4315 
   00342    0.4350   -1243.1284  0.4296 
   00343    0.4275   -1240.5791  0.4497 
   00344    0.3725   -1241.2370  0.4476 
   00345    0.3900   -1234.4105  0.4507 
   00346    0.4425   -1237.4118  0.4636 
   00347    0.4450   -1246.7550  0.4460 
   00348    0.4125   -1226.8596  0.4403 
   00349    0.4275   -1217.1035  0.4576 
   00350    0.4250   -1207.9984  0.4712 
   00351    0.3850   -1237.5668  0.4491 
   00352    0.3700   -1252.2617  0.4512 
   00353    0.4050   -1240.5964  0.4429 
   00354    0.3850   -1228.8888  0.4161 
   00355    0.4625   -1244.3187  0.4291 
   00356    0.4350   -1238.3523  0.4265 
   00357    0.4175   -1243.7780  0.4090 
   00358    0.4100   -1251.3144  0.4121 
   00359    0.4450   -1241.5681  0.3924 
   00360    0.4150   -1261.3726  0.4005 
   00361    0.3975   -1236.1662  0.4012 
   00362    0.4025   -1242.6571  0.3911 
   00363    0.4450   -1235.9608  0.3933 
   00364    0.4200   -1221.0244  0.3961 
   00365    0.4250   -1236.3507  0.4200 
   00366    0.4250   -1249.2943  0.4152 
   00367    0.4425   -1244.6466  0.4133 
   00368    0.3900   -1242.5870  0.4143 
   00369    0.4400   -1225.0382  0.3943 
   00370    0.3925   -1219.3586  0.4116 
   00371    0.4325   -1207.0481  0.4343 
   00372    0.4250   -1231.3959  0.4261 
   00373    0.3775   -1245.7740  0.4148 
   00374    0.4175   -1252.3874  0.4258 
   00375    0.4050   -1220.5087  0.4307 
   00376    0.3875   -1227.6202  0.4380 
   00377    0.4150   -1243.7162  0.4234 
   00378    0.3825   -1247.8470  0.4155 
   00379    0.4150   -1245.4999  0.4006 
   00380    0.4000   -1228.4089  0.3818 
   00381    0.4250   -1224.3179  0.3976 
   00382    0.4025   -1227.9513  0.4060 
   00383    0.3575   -1224.9068  0.4238 
   00384    0.4325   -1229.7866  0.4017 
   00385    0.4200   -1211.1709  0.4113 
   00386    0.4600   -1223.4487  0.4251 
   00387    0.4175   -1215.6546  0.4363 
   00388    0.4400   -1218.0063  0.4169 
   00389    0.4225   -1216.9639  0.4199 
   00390    0.3750   -1223.2848  0.4336 
   00391    0.4200   -1235.0565  0.4242 
   00392    0.3500   -1243.9375  0.4236 
   00393    0.4100   -1231.1295  0.4173 
   00394    0.4075   -1197.4377  0.4027 
   00395    0.4075   -1184.7967  0.3904 
   00396    0.4325   -1193.2565  0.4064 
   00397    0.4175   -1209.6723  0.3696 
   00398    0.4350   -1218.4417  0.3639 
   00399    0.4375   -1209.5253  0.3627 
   00400    0.4750   -1185.8455  0.3468 
   00401    0.4050   -1195.5459  0.3551 
   00402    0.4125   -1200.5387  0.3441 
   00403    0.4725   -1190.9553  0.3382 
   00404    0.4175   -1216.7670  0.3636 
   00405    0.4150   -1210.7972  0.3584 
   00406    0.4500   -1211.3357  0.3491 
   00407    0.4275   -1222.6234  0.3567 
   00408    0.3900   -1227.7486  0.3585 
   00409    0.4025   -1241.7084  0.3742 
   00410    0.3700   -1227.1058  0.3908 
   00411    0.3975   -1208.7530  0.3766 
   00412    0.4075   -1226.8954  0.3686 
   00413    0.3900   -1232.4117  0.3655 
   00414    0.3975   -1239.3124  0.3457 
   00415    0.4125   -1232.4040  0.3719 
   00416    0.4250   -1246.9995  0.3772 
   00417    0.3850   -1231.0913  0.3884 
   00418    0.4450   -1237.9926  0.3760 
   00419    0.4375   -1213.0054  0.3592 
   00420    0.3525   -1229.8562  0.3701 
   00421    0.4425   -1255.2584  0.3687 
   00422    0.3900   -1243.4823  0.3446 
   00423    0.3850   -1242.4384  0.3461 
   00424    0.3700   -1254.8605  0.3574 
   00425    0.4425   -1246.4739  0.3553 
   00426    0.4275   -1228.1510  0.3302 
   00427    0.4000   -1246.4023  0.3532 
   00428    0.4025   -1228.9611  0.3619 
   00429    0.4000   -1223.3928  0.3627 
   00430    0.4400   -1215.2114  0.3718 
   00431    0.4100   -1228.1147  0.3862 
   00432    0.4425   -1193.5861  0.3688 
   00433    0.3850   -1223.7282  0.3730 
   00434    0.4150   -1249.5637  0.3738 
   00435    0.4125   -1272.1969  0.3999 
   00436    0.4300   -1282.4363  0.3907 
   00437    0.3525   -1268.7502  0.4040 
   00438    0.3775   -1249.2289  0.4045 
   00439    0.4025   -1265.8466  0.4196 
   00440    0.4175   -1272.0311  0.4274 
   00441    0.3925   -1244.3698  0.4012 
   00442    0.3950   -1240.7424  0.4045 
   00443    0.4075   -1253.4005  0.4110 
   00444    0.3875   -1241.3826  0.3962 
   00445    0.4100   -1255.0746  0.4063 
   00446    0.4100   -1264.8825  0.4031 
   00447    0.3775   -1261.8795  0.3890 
   00448    0.4125   -1253.7539  0.4021 
   00449    0.3700   -1250.0917  0.3962 
   00450    0.4175   -1253.5623  0.4042 
   00451    0.3900   -1261.6326  0.4287 
   00452    0.3925   -1236.6655  0.4328 
   00453    0.3775   -1246.2061  0.4217 
   00454    0.3850   -1259.9652  0.4094 
   00455    0.4225   -1288.0958  0.3864 
   00456    0.3850   -1290.1371  0.4016 
   00457    0.4225   -1287.7060  0.3979 
   00458    0.3925   -1260.3924  0.3903 
   00459    0.4425   -1255.1965  0.3827 
   00460    0.3950   -1235.9256  0.3671 
   00461    0.4050   -1240.5132  0.3856 
   00462    0.4025   -1216.4207  0.3765 
   00463    0.4275   -1221.8527  0.3661 
   00464    0.4025   -1236.3009  0.3495 
   00465    0.3925   -1236.8079  0.3460 
   00466    0.4150   -1221.1481  0.3431 
   00467    0.4200   -1212.1701  0.3279 
   00468    0.4125   -1219.7481  0.3311 
   00469    0.3825   -1208.1152  0.3425 
   00470    0.4125   -1211.9515  0.3751 
   00471    0.4275   -1213.9631  0.3561 
   00472    0.4000   -1221.8118  0.3494 
   00473    0.4150   -1216.5413  0.3555 
   00474    0.4550   -1210.4565  0.3582 
   00475    0.4400   -1213.0844  0.3391 
   00476    0.3750   -1206.6362  0.3263 
   00477    0.4075   -1178.1385  0.3456 
   00478    0.3775   -1214.9277  0.3477 
   00479    0.4450   -1217.5450  0.3649 
   00480    0.4400   -1208.6287  0.3725 
   00481    0.4325   -1244.8279  0.3796 
   00482    0.3650   -1243.7844  0.3807 
   00483    0.4375   -1239.1112  0.3733 
   00484    0.4450   -1236.0989  0.3927 
   00485    0.3750   -1251.6215  0.3889 
   00486    0.3825   -1250.8416  0.3880 
   00487    0.4125   -1260.2818  0.3752 
   00488    0.3675   -1242.3357  0.3501 
   00489    0.3950   -1214.9441  0.3495 
   00490    0.4000   -1218.3458  0.3359 
   00491    0.4300   -1239.2768  0.3396 
   00492    0.4700   -1252.2248  0.3373 
   00493    0.4150   -1263.7317  0.3426 
   00494    0.3875   -1263.4707  0.3651 
   00495    0.3875   -1249.5085  0.3731 
   00496    0.4175   -1241.3326  0.3533 
   00497    0.3925   -1237.5521  0.3684 
   00498    0.4000   -1240.8291  0.3574 
   00499    0.3725   -1268.1676  0.3833 
   00500    0.4050   -1266.8069  0.3958 
   00501    0.3925   -1266.8950  0.3947 
   00502    0.4150   -1231.2355  0.4005 
   00503    0.4175   -1234.8731  0.3935 
   00504    0.3925   -1241.1288  0.3932 
   00505    0.4125   -1251.1709  0.4018 
   00506    0.4125   -1253.7875  0.3995 
   00507    0.3850   -1267.7582  0.4004 
   00508    0.4050   -1264.8012  0.3914 
   00509    0.4450   -1274.2242  0.3627 
   00510    0.4250   -1261.7094  0.3500 
   00511    0.4100   -1236.2551  0.3588 
   00512    0.4150   -1241.4908  0.3523 
   00513    0.3800   -1214.2058  0.3467 
   00514    0.4375   -1198.5767  0.3731 
   00515    0.4350   -1241.5029  0.3935 
   00516    0.3600   -1265.6161  0.3960 
   00517    0.4125   -1284.3866  0.3991 
   00518    0.4050   -1268.4370  0.3992 
   00519    0.4075   -1265.8923  0.4045 
   00520    0.3775   -1242.5197  0.4191 
   00521    0.3925   -1246.4796  0.4338 
   00522    0.4375   -1229.2496  0.4387 
   00523    0.4175   -1234.5727  0.4382 
   00524    0.3975   -1258.3399  0.4542 
   00525    0.3725   -1247.2483  0.4389 
   00526    0.3900   -1237.0527  0.4391 
   00527    0.4100   -1242.0753  0.4449 
   00528    0.3600   -1249.5411  0.4427 
   00529    0.4450   -1232.2633  0.4477 
   00530    0.4300   -1240.4820  0.4415 
   00531    0.4225   -1237.1591  0.4426 
   00532    0.4000   -1250.4456  0.4506 
   00533    0.4175   -1252.4103  0.4345 
   00534    0.4050   -1255.1589  0.4414 
   00535    0.3775   -1227.8824  0.4237 
   00536    0.4150   -1255.9016  0.4489 
   00537    0.4250   -1251.7723  0.4540 
   00538    0.4225   -1253.9933  0.4526 
   00539    0.3800   -1231.1459  0.4637 
   00540    0.4200   -1243.2234  0.4729 
   00541    0.4400   -1257.0892  0.4782 
   00542    0.3800   -1246.6311  0.4643 
   00543    0.4325   -1255.5611  0.4593 
   00544    0.4000   -1240.2299  0.4521 
   00545    0.4125   -1246.1558  0.4467 
   00546    0.3925   -1271.2747  0.4443 
   00547    0.3775   -1263.8520  0.4553 
   00548    0.3800   -1280.2536  0.4714 
   00549    0.4000   -1303.5298  0.4867 
   00550    0.4100   -1283.1964  0.4879 
   00551    0.3850   -1267.3280  0.4949 
   00552    0.4050   -1272.7969  0.4935 
   00553    0.4025   -1279.8208  0.4813 
   00554    0.3575   -1270.0213  0.4804 
   00555    0.4075   -1261.5961  0.4708 
   00556    0.4025   -1262.4969  0.4537 
   00557    0.4125   -1243.2221  0.4337 
   00558    0.4475   -1218.5426  0.4270 
   00559    0.4375   -1213.5493  0.4395 
   00560    0.3775   -1203.7145  0.4264 
   00561    0.4150   -1197.6746  0.4476 
   00562    0.4100   -1204.1992  0.4383 
   00563    0.3975   -1212.5197  0.4563 
   00564    0.4300   -1203.7098  0.4554 
   00565    0.4350   -1196.5368  0.4865 
   00566    0.4250   -1208.3394  0.4903 
   00567    0.4125   -1215.4661  0.5109 
   00568    0.4350   -1233.4271  0.5156 
   00569    0.4000   -1252.5863  0.5344 
   00570    0.3725   -1277.2488  0.5283 
   00571    0.4225   -1263.3648  0.5007 
   00572    0.4100   -1259.5850  0.5181 
   00573    0.3750   -1256.6273  0.5128 
   00574    0.3600   -1246.2490  0.5183 
   00575    0.3775   -1236.8958  0.5196 
   00576    0.3750   -1250.6155  0.5390 
   00577    0.3900   -1252.9116  0.5407 
   00578    0.4000   -1242.3813  0.5611 
   00579    0.4025   -1236.2567  0.5567 
   00580    0.3850   -1263.1813  0.5578 
   00581    0.4475   -1256.6953  0.5633 
   00582    0.4100   -1244.3701  0.5600 
   00583    0.4525   -1257.5841  0.5462 
   00584    0.4150   -1299.8038  0.5632 
   00585    0.3925   -1266.3783  0.5505 
   00586    0.4175   -1243.6716  0.5198 
   00587    0.4000   -1212.7694  0.5101 
   00588    0.4825   -1239.5511  0.5203 
   00589    0.4375   -1223.1785  0.5328 
   00590    0.3975   -1225.4941  0.5458 
   00591    0.3900   -1215.3986  0.5459 
   00592    0.4325   -1226.7681  0.5359 
   00593    0.3925   -1242.9056  0.5358 
   00594    0.3775   -1246.9640  0.5454 
   00595    0.4200   -1239.4380  0.5532 
   00596    0.4250   -1214.1296  0.5441 
   00597    0.4350   -1210.6802  0.5370 
   00598    0.4250   -1205.4810  0.5394 
   00599    0.4175   -1211.9378  0.5418 
   00600    0.4100   -1201.0440  0.5430 
   00601    0.3775   -1238.1258  0.5455 
   00602    0.3750   -1265.3072  0.5553 
   00603    0.4050   -1252.7614  0.5473 
   00604    0.4350   -1226.0681  0.5231 
   00605    0.4050   -1245.0732  0.5100 
   00606    0.3925   -1239.0570  0.5030 
   00607    0.4575   -1212.6618  0.4917 
   00608    0.4900   -1209.6744  0.4916 
   00609    0.4125   -1205.1923  0.5055 
   00610    0.4350   -1202.0070  0.5243 
   00611    0.4625   -1210.5043  0.5261 
   00612    0.4075   -1235.4259  0.5121 
   00613    0.4100   -1251.3303  0.5347 
   00614    0.3950   -1243.3953  0.5523 
   00615    0.3675   -1239.1399  0.5705 
   00616    0.4300   -1242.2901  0.5782 
   00617    0.4325   -1248.1520  0.5865 
   00618    0.4175   -1249.4757  0.5949 
   00619    0.4600   -1269.7602  0.5918 
   00620    0.4025   -1252.1624  0.5872 
   00621    0.3850   -1252.6671  0.5917 
   00622    0.4150   -1249.4640  0.6185 
   00623    0.4500   -1254.4964  0.6126 
   00624    0.4125   -1257.5460  0.6146 
   00625    0.4325   -1261.3814  0.6222 
   00626    0.4100   -1262.1587  0.6271 
   00627    0.4275   -1270.5332  0.6281 
   00628    0.4125   -1257.2189  0.6331 
   00629    0.3750   -1282.8192  0.6435 
   00630    0.3950   -1257.5478  0.6222 
   00631    0.4025   -1266.8387  0.6212 
   00632    0.3750   -1251.5187  0.6230 
   00633    0.4200   -1266.7220  0.6244 
   00634    0.3800   -1267.8590  0.6147 
   00635    0.4200   -1256.6505  0.6190 
   00636    0.3700   -1248.9056  0.6207 
   00637    0.4275   -1240.1249  0.6169 
   00638    0.4025   -1214.9678  0.6117 
   00639    0.4650   -1231.1926  0.6209 
   00640    0.4125   -1193.9309  0.6190 
   00641    0.4100   -1238.3985  0.6585 
   00642    0.3900   -1277.5816  0.6691 
   00643    0.4225   -1270.9296  0.6717 
   00644    0.4050   -1252.7964  0.6645 
   00645    0.4150   -1244.0969  0.6636 
   00646    0.3825   -1254.4594  0.6551 
   00647    0.3675   -1271.2528  0.6648 
   00648    0.3900   -1261.3986  0.6556 
   00649    0.4225   -1255.7492  0.6470 
   00650    0.4100   -1263.4867  0.6645 
   00651    0.4000   -1269.4570  0.6801 
   00652    0.3725   -1229.9307  0.6598 
   00653    0.4675   -1244.5668  0.6638 
   00654    0.4050   -1220.2716  0.6709 
   00655    0.3725   -1230.3350  0.6631 
   00656    0.4150   -1224.8759  0.6591 
   00657    0.4400   -1239.4685  0.6585 
   00658    0.3850   -1213.4474  0.6544 
   00659    0.4000   -1235.5861  0.6477 
   00660    0.4325   -1234.1223  0.6525 
   00661    0.3925   -1239.8703  0.6473 
   00662    0.4050   -1225.4965  0.6523 
   00663    0.4525   -1240.4808  0.6679 
   00664    0.3775   -1252.0704  0.6784 
   00665    0.4350   -1261.4487  0.6926 
   00666    0.3925   -1264.8093  0.7054 
   00667    0.4175   -1265.2418  0.7242 
   00668    0.4150   -1291.7194  0.7280 
   00669    0.3925   -1298.7490  0.7321 
   00670    0.3825   -1291.2753  0.7223 
   00671    0.4125   -1294.1622  0.7133 
   00672    0.4075   -1299.9291  0.7074 
   00673    0.3800   -1281.5560  0.6949 
   00674    0.3975   -1273.5325  0.6938 
   00675    0.4175   -1287.7429  0.6981 
   00676    0.3950   -1290.9806  0.6967 
   00677    0.3925   -1276.5870  0.6781 
   00678    0.3575   -1270.5088  0.6630 
   00679    0.3900   -1247.7698  0.6741 
   00680    0.3975   -1246.9985  0.6776 
   00681    0.4125   -1242.5511  0.6728 
   00682    0.4275   -1262.2849  0.6849 
   00683    0.3875   -1290.3267  0.6938 
   00684    0.3900   -1293.1292  0.6905 
   00685    0.3950   -1283.9083  0.6901 
   00686    0.4075   -1292.0081  0.6817 
   00687    0.4150   -1287.4850  0.6618 
   00688    0.4075   -1290.1236  0.6781 
   00689    0.4150   -1290.0650  0.6821 
   00690    0.4175   -1283.3303  0.6778 
   00691    0.3875   -1263.1309  0.6628 
   00692    0.4675   -1278.5898  0.6515 
   00693    0.3975   -1270.2589  0.6521 
   00694    0.3800   -1237.4032  0.6313 
   00695    0.4075   -1231.0534  0.6431 
   00696    0.3925   -1250.6727  0.6508 
   00697    0.4175   -1247.3684  0.6610 
   00698    0.3725   -1277.6581  0.6643 
   00699    0.4225   -1262.8547  0.6553 
   00700    0.4125   -1271.8207  0.6686 
   00701    0.3750   -1280.2878  0.6825 
   00702    0.4375   -1285.2314  0.6764 
   00703    0.3900   -1270.6325  0.6639 
   00704    0.4300   -1273.0657  0.6752 
   00705    0.4125   -1314.9514  0.6829 
   00706    0.3550   -1304.9542  0.6924 
   00707    0.4000   -1287.4789  0.6990 
   00708    0.3900   -1272.0888  0.6844 
   00709    0.4550   -1262.4940  0.6659 
   00710    0.4025   -1255.9787  0.6658 
   00711    0.4200   -1241.3134  0.6593 
   00712    0.3925   -1258.0482  0.6599 
   00713    0.3900   -1281.0325  0.6663 
   00714    0.4050   -1267.7934  0.6672 
   00715    0.4125   -1264.0755  0.6770 
   00716    0.3600   -1270.3687  0.6778 
   00717    0.4050   -1256.0816  0.6883 
   00718    0.3950   -1260.9566  0.6698 
   00719    0.3725   -1264.4742  0.6753 
   00720    0.3850   -1271.9814  0.6757 
   00721    0.4375   -1257.6680  0.6570 
   00722    0.3950   -1233.3189  0.6677 
   00723    0.4250   -1263.2982  0.6736 
   00724    0.4450   -1259.2711  0.6766 
   00725    0.4625   -1248.7271  0.6820 
   00726    0.3775   -1245.6743  0.6588 
   00727    0.4250   -1232.8746  0.6730 
   00728    0.4200   -1215.2427  0.6502 
   00729    0.3700   -1254.4332  0.6738 
   00730    0.3700   -1253.3029  0.6811 
   00731    0.3900   -1271.7422  0.6774 
   00732    0.4125   -1260.1012  0.6574 
   00733    0.4100   -1268.6897  0.6569 
   00734    0.3675   -1274.8584  0.6657 
   00735    0.4150   -1280.2246  0.6589 
   00736    0.4050   -1275.5027  0.6564 
   00737    0.4100   -1244.9051  0.6446 
   00738    0.4400   -1261.0901  0.6570 
   00739    0.3925   -1275.6159  0.6756 
   00740    0.3775   -1265.2037  0.6658 
   00741    0.4275   -1235.7561  0.6549 
   00742    0.4400   -1228.0353  0.6491 
   00743    0.4525   -1222.3665  0.6534 
   00744    0.4300   -1241.4444  0.6593 
   00745    0.4375   -1248.2959  0.6616 
   00746    0.4250   -1262.4346  0.6525 
   00747    0.4550   -1238.4764  0.6365 
   00748    0.4000   -1245.0777  0.6257 
   00749    0.3775   -1214.1824  0.6396 
   00750    0.4025   -1236.8273  0.6569 
   00751    0.4250   -1240.3780  0.6736 
   00752    0.4075   -1226.4113  0.6663 
   00753    0.4375   -1216.0610  0.6623 
   00754    0.3850   -1239.6445  0.6696 
   00755    0.4200   -1223.9042  0.6691 
   00756    0.4225   -1208.8260  0.6605 
   00757    0.4500   -1242.4045  0.6555 
   00758    0.4050   -1215.8872  0.6642 
   00759    0.4000   -1235.8696  0.6797 
   00760    0.4375   -1249.3694  0.6925 
   00761    0.4200   -1251.5890  0.6715 
   00762    0.3600   -1279.9212  0.6835 
   00763    0.3675   -1281.8360  0.6784 
   00764    0.3925   -1263.7396  0.6691 
   00765    0.3600   -1271.1804  0.6741 
   00766    0.4075   -1271.9403  0.6747 
   00767    0.4000   -1252.2462  0.6777 
   00768    0.3950   -1260.6709  0.6846 
   00769    0.4100   -1258.3255  0.6809 
   00770    0.4175   -1263.8677  0.6641 
   00771    0.3925   -1250.7242  0.6537 
   00772    0.4325   -1239.5909  0.6583 
   00773    0.3850   -1254.3341  0.6515 
   00774    0.3700   -1280.8017  0.6696 
   00775    0.4275   -1250.1238  0.6765 
   00776    0.3800   -1254.3338  0.6813 
   00777    0.4125   -1264.0364  0.7012 
   00778    0.3675   -1273.2719  0.7122 
   00779    0.4050   -1258.4747  0.7038 
   00780    0.4375   -1272.3697  0.7006 
   00781    0.4050   -1274.4417  0.6919 
   00782    0.3925   -1275.1903  0.6956 
   00783    0.4375   -1284.2995  0.7089 
   00784    0.3900   -1274.1302  0.6994 
   00785    0.4000   -1269.2808  0.6924 
   00786    0.3750   -1255.9130  0.6839 
   00787    0.3825   -1228.0277  0.6765 
   00788    0.4650   -1225.4067  0.6870 
   00789    0.4525   -1232.6649  0.6883 
   00790    0.3975   -1230.0275  0.7029 
   00791    0.4225   -1247.2570  0.7061 
   00792    0.3975   -1241.3688  0.7052 
   00793    0.3850   -1235.0046  0.7123 
   00794    0.3750   -1257.7136  0.7214 
   00795    0.3975   -1250.0673  0.7211 
   00796    0.3650   -1274.8835  0.7340 
   00797    0.3850   -1260.1258  0.7275 
   00798    0.4275   -1262.2355  0.7334 
   00799    0.4150   -1271.7839  0.7325 
   00800    0.3875   -1275.3528  0.7369 
   00801    0.3975   -1276.3742  0.7344 
   00802    0.3825   -1255.8705  0.7281 
   00803    0.4050   -1264.0606  0.7358 
   00804    0.4100   -1280.5411  0.7477 
   00805    0.3975   -1268.1122  0.7548 
   00806    0.4100   -1291.4023  0.7372 
   00807    0.3875   -1270.0524  0.7519 
   00808    0.4425   -1247.4123  0.7294 
   00809    0.3950   -1248.2774  0.7406 
   00810    0.4150   -1262.6248  0.7541 
   00811    0.4275   -1288.2034  0.7616 
   00812    0.4200   -1273.5643  0.7632 
   00813    0.4050   -1280.8487  0.7767 
   00814    0.4225   -1257.9939  0.7545 
   00815    0.4350   -1242.0673  0.7575 
   00816    0.4125   -1229.4241  0.7489 
   00817    0.3575   -1236.7208  0.7510 
   00818    0.3725   -1221.5130  0.7463 
   00819    0.4400   -1220.3495  0.7495 
   00820    0.4000   -1225.8435  0.7447 
   00821    0.3625   -1244.2997  0.7390 
   00822    0.4250   -1279.5164  0.7542 
   00823    0.4000   -1293.8490  0.7621 
   00824    0.3500   -1292.5976  0.7579 
   00825    0.4050   -1293.9545  0.7539 
   00826    0.4475   -1298.3173  0.7483 
   00827    0.3875   -1311.6007  0.7637 
   00828    0.3900   -1322.4155  0.7680 
   00829    0.3625   -1298.3630  0.7469 
   00830    0.3475   -1303.0478  0.7648 
   00831    0.3750   -1313.1041  0.7744 
   00832    0.3975   -1305.2677  0.7542 
   00833    0.3925   -1306.5895  0.7606 
   00834    0.3625   -1323.4555  0.7708 
   00835    0.3450   -1314.2790  0.7598 
   00836    0.3825   -1322.3244  0.7706 
   00837    0.4300   -1328.8374  0.7870 
   00838    0.4325   -1336.2665  0.7972 
   00839    0.3875   -1345.0914  0.8069 
   00840    0.3650   -1343.6961  0.8124 
   00841    0.3950   -1321.4368  0.8000 
   00842    0.3825   -1329.2832  0.7994 
   00843    0.4025   -1321.2990  0.8066 
   00844    0.4100   -1313.9874  0.7969 
   00845    0.4125   -1302.5644  0.8085 
   00846    0.3675   -1300.2531  0.8053 
   00847    0.4125   -1291.4268  0.8053 
   00848    0.4175   -1281.2777  0.7889 
   00849    0.4275   -1303.3016  0.7962 
   00850    0.4100   -1299.0913  0.7941 
   00851    0.3875   -1290.3544  0.7871 
   00852    0.4200   -1302.6872  0.7813 
   00853    0.3650   -1308.3390  0.7833 
   00854    0.3700   -1290.3579  0.7691 
   00855    0.3775   -1269.5240  0.7521 
   00856    0.4125   -1267.3548  0.7525 
   00857    0.4525   -1258.4994  0.7522 
   00858    0.4275   -1226.6203  0.7356 
   00859    0.3850   -1232.1340  0.7283 
   00860    0.4200   -1244.1645  0.7369 
   00861    0.4300   -1231.9478  0.7365 
   00862    0.4125   -1250.9600  0.7384 
   00863    0.4125   -1287.5129  0.7602 
   00864    0.3675   -1287.8114  0.7689 
   00865    0.3825   -1292.5554  0.7664 
   00866    0.4350   -1294.0426  0.7703 
   00867    0.3975   -1309.3884  0.7863 
   00868    0.3625   -1301.8353  0.7889 
   00869    0.3950   -1307.2393  0.7915 
   00870    0.4025   -1295.3371  0.7935 
   00871    0.3925   -1297.4343  0.7920 
   00872    0.4100   -1310.7972  0.7955 
   00873    0.4175   -1295.0437  0.7981 
   00874    0.3600   -1285.0224  0.7912 
   00875    0.3800   -1293.6518  0.7993 
   00876    0.3925   -1295.5646  0.8085 
   00877    0.3925   -1279.4282  0.8021 
   00878    0.3925   -1280.6530  0.8026 
   00879    0.4150   -1303.5151  0.8099 
   00880    0.3775   -1309.8088  0.8135 
   00881    0.3925   -1313.0634  0.8003 
   00882    0.3825   -1321.8698  0.7927 
   00883    0.3375   -1323.5842  0.7963 
   00884    0.3700   -1313.3300  0.7922 
   00885    0.3875   -1291.1615  0.7813 
   00886    0.4100   -1301.3042  0.7844 
   00887    0.3525   -1318.5025  0.7944 
   00888    0.4075   -1315.1951  0.7973 
   00889    0.3800   -1311.5170  0.7923 
   00890    0.3675   -1323.7200  0.7987 
   00891    0.3425   -1338.6547  0.8043 
   00892    0.3500   -1316.4289  0.7859 
   00893    0.4400   -1310.8623  0.7818 
   00894    0.3675   -1313.1644  0.7893 
   00895    0.3525   -1302.9731  0.7898 
   00896    0.4050   -1289.1546  0.7958 
   00897    0.4300   -1291.6089  0.7981 
   00898    0.3800   -1300.1928  0.8024 
   00899    0.3725   -1278.9947  0.7919 
   00900    0.4350   -1314.9562  0.8104 
   00901    0.3700   -1314.5741  0.8161 
   00902    0.3925   -1312.5706  0.8270 
   00903    0.3900   -1298.6265  0.8289 
   00904    0.3950   -1311.1200  0.8245 
   00905    0.3575   -1323.5564  0.8389 
   00906    0.3975   -1304.2013  0.8227 
   00907    0.3600   -1295.2455  0.8128 
   00908    0.4025   -1268.6106  0.8074 
   00909    0.4025   -1270.1538  0.8063 
   00910    0.3450   -1287.5140  0.8030 
   00911    0.3900   -1290.3388  0.7928 
   00912    0.4025   -1290.4560  0.8027 
   00913    0.3675   -1274.0408  0.7866 
   00914    0.3350   -1257.5387  0.7829 
   00915    0.3750   -1250.0143  0.7801 
   00916    0.3775   -1256.5493  0.7777 
   00917    0.4300   -1247.9524  0.7703 
   00918    0.4075   -1276.2119  0.7848 
   00919    0.4200   -1275.9848  0.7910 
   00920    0.4325   -1276.3737  0.7831 
   00921    0.4000   -1251.6094  0.7788 
   00922    0.4025   -1259.8081  0.7774 
   00923    0.4050   -1252.5870  0.7944 
   00924    0.4150   -1252.1829  0.8006 
   00925    0.4000   -1245.6302  0.8045 
   00926    0.4000   -1254.0061  0.8065 
   00927    0.4100   -1252.0719  0.8073 
   00928    0.3325   -1274.4500  0.8129 
   00929    0.4000   -1240.4318  0.7993 
   00930    0.4250   -1268.5120  0.7874 
   00931    0.4125   -1267.6309  0.7840 
   00932    0.4325   -1275.8885  0.7819 
   00933    0.3800   -1249.8595  0.7787 
   00934    0.4275   -1239.2589  0.7656 
   00935    0.4025   -1243.3155  0.7683 
   00936    0.4250   -1252.1149  0.7754 
   00937    0.3600   -1281.8757  0.7645 
   00938    0.3875   -1290.2247  0.7789 
   00939    0.4350   -1276.0304  0.7728 
   00940    0.3900   -1256.5644  0.7552 
   00941    0.4075   -1262.2725  0.7674 
   00942    0.4450   -1260.0559  0.7618 
   00943    0.3875   -1254.9858  0.7630 
   00944    0.3875   -1260.4311  0.7516 
   00945    0.4175   -1247.2233  0.7540 
   00946    0.3925   -1265.4031  0.7640 
   00947    0.4200   -1276.9616  0.7721 
   00948    0.4400   -1256.5926  0.7702 
   00949    0.4825   -1282.8740  0.7638 
   00950    0.4050   -1265.5552  0.7574 
   00951    0.4100   -1272.3471  0.7669 
   00952    0.3925   -1274.7259  0.7641 
   00953    0.3825   -1241.3682  0.7526 
   00954    0.4175   -1272.5095  0.7509 
   00955    0.3975   -1242.7918  0.7456 
   00956    0.4125   -1257.9019  0.7536 
   00957    0.4425   -1242.7762  0.7441 
   00958    0.3900   -1264.4232  0.7517 
   00959    0.4050   -1266.0633  0.7547 
   00960    0.3850   -1275.0031  0.7619 
   00961    0.4225   -1298.5629  0.7677 
   00962    0.3625   -1307.7146  0.7634 
   00963    0.4000   -1299.1706  0.7588 
   00964    0.3875   -1255.0826  0.7466 
   00965    0.3725   -1250.3043  0.7407 
   00966    0.4475   -1243.3194  0.7310 
   00967    0.3775   -1246.4099  0.7331 
   00968    0.4475   -1258.9128  0.7332 
   00969    0.4100   -1267.8938  0.7441 
   00970    0.4050   -1264.7016  0.7542 
   00971    0.3925   -1278.9939  0.7595 
   00972    0.3875   -1281.7273  0.7576 
   00973    0.4025   -1300.2110  0.7602 
   00974    0.4350   -1278.7020  0.7467 
   00975    0.4150   -1273.9288  0.7400 
   00976    0.3625   -1277.4936  0.7311 
   00977    0.4200   -1264.3106  0.7073 
   00978    0.3900   -1283.2508  0.7118 
   00979    0.3550   -1286.5911  0.7143 
   00980    0.4025   -1290.1261  0.7085 
   00981    0.3975   -1301.8167  0.7083 
   00982    0.3975   -1276.4698  0.7001 
   00983    0.3950   -1286.5280  0.7100 
   00984    0.3700   -1286.8718  0.7119 
   00985    0.3775   -1291.1315  0.7129 
   00986    0.4250   -1297.2169  0.7281 
   00987    0.3800   -1309.0187  0.7388 
   00988    0.3800   -1309.1270  0.7423 
   00989    0.3950   -1314.5429  0.7429 
   00990    0.3700   -1323.3697  0.7417 
   00991    0.4200   -1310.4206  0.7361 
   00992    0.3825   -1313.8544  0.7505 
   00993    0.3800   -1307.6198  0.7490 
   00994    0.3975   -1322.4563  0.7605 
   00995    0.3900   -1322.1079  0.7579 
   00996    0.3550   -1321.1220  0.7557 
   00997    0.3900   -1321.9823  0.7613 
   00998    0.4200   -1329.3380  0.7551 
   00999    0.3700   -1324.8549  0.7518 
   01000    0.4025   -1317.5298  0.7592 
