#=====================================================
# File created:        Mon-16-Feb-2026-at-01-38-13PM
# Size of lattice:     20x20
# Number of MC steps:  1000
# Reduced temperature: 0.650
# Run time (s):        2.749579
#=====================================================
# MC step:  Ratio:     Energy:   Order:
#=====================================================
   00000    0.5000    -360.3649  0.2682 
   00001    0.7175    -605.3548  0.3022 
   00002    0.5775    -710.0142  0.2937 
   00003    0.5800    -766.2956  0.3021 
   00004    0.5475    -841.4507  0.2959 
   00005    0.5275    -875.8587  0.3223 
   00006    0.5375    -902.8225  0.3146 
   00007    0.4700    -945.2412  0.3110 
   00008    0.5350    -958.0638  0.3083 
   00009    0.4725    -966.8717  0.2976 
   00010    0.5225    -998.4164  0.3053 
   00011    0.4725   -1040.4248  0.3168 
   00012    0.4550   -1061.8411  0.3172 
   00013    0.4725   -1071.3587  0.3226 
   00014    0.4475   -1086.1315  0.3142 
   00015    0.4825   -1102.9162  0.3117 
   00016    0.4375   -1132.7403  0.3083 
   00017    0.4550   -1139.5245  0.3169 
   00018    0.4075   -1140.1136  0.3188 
   00019    0.4500   -1141.5750  0.3129 
   00020    0.4750   -1145.2518  0.3160 
   00021    0.4475   -1156.4176  0.3234 
   00022    0.4375   -1141.1402  0.3444 
   00023    0.4225   -1115.1765  0.3173 
   00024    0.4225   -1112.8986  0.3274 
   00025    0.4575   -1136.5277  0.3301 
   00026    0.4450   -1141.8651  0.3378 
   00027    0.4225   -1141.2587  0.3187 
   00028    0.4450   -1161.8323  0.3493 
   00029    0.4400   -1139.8697  0.3558 
   00030    0.4325   -1151.5532  0.3514 
   00031    0.4050   -1180.5786  0.3595 
   00032    0.4275   -1159.7430  0.3440 
   00033    0.4200   -1159.6884  0.3381 
   00034    0.4275   -1167.9519  0.3442 
   00035    0.4325   -1166.4915  0.3373 
   00036    0.4650   -1166.8410  0.3709 
   00037    0.4050   -1142.9436  0.3776 
   00038    0.4175   -1135.9070  0.3783 
   00039    0.4425   -1139.5481  0.4052 
   00040    0.4450   -1160.7624  0.3880 
   00041    0.4300   -1159.1941  0.4173 
   00042    0.4100   -1169.4380  0.3981 
   00043    0.4550   -1179.3870  0.4017 
   00044    0.4175   -1195.4906  0.3889 
   00045    0.3775   -1170.5393  0.4013 
   00046    0.4350   -1192.3300  0.3868 
   00047    0.4450   -1195.0542  0.4038 
   00048    0.4025   -1194.5035  0.4043 
   00049    0.4425   -1183.0823  0.4002 
   00050    0.4375   -1174.4421  0.4218 
   00051    0.4025   -1188.4765  0.4297 
   00052    0.4275   -1195.8764  0.4451 
   00053    0.4250   -1217.7927  0.4498 
   00054    0.3975   -1206.1161  0.4476 
   00055    0.4150   -1183.8552  0.4602 
   00056    0.4125   -1164.0874  0.4344 
   00057    0.4325   -1181.1271  0.4260 
   00058    0.3975   -1182.1336  0.4222 
   00059    0.4000   -1189.5400  0.4209 
   00060    0.4425   -1212.4507  0.4311 
   00061    0.4375   -1206.8441  0.4352 
   00062    0.4100   -1211.6842  0.4276 
   00063    0.4175   -1199.3408  0.4271 
   00064    0.4425   -1218.1637  0.4262 
   00065    0.4550   -1229.7591  0.4304 
   00066    0.4175   -1223.9575  0.4008 
   00067    0.3900   -1242.0943  0.3953 
   00068    0.4150   -1240.4060  0.3891 
   00069    0.4150   -1214.5510  0.4122 
   00070    0.3750   -1246.7203  0.4172 
   00071    0.4350   -1240.5736  0.4222 
   00072    0.4350   -1250.3531  0.4236 
   00073    0.3675   -1239.9334  0.4207 
   00074    0.4250   -1268.8901  0.4188 
   00075    0.4375   -1268.7347  0.4181 
   00076    0.4050   -1262.2099  0.4119 
   00077    0.4350   -1229.9969  0.3979 
   00078    0.4000   -1206.6308  0.4033 
   00079    0.4050   -1228.1851  0.3721 
   00080    0.3925   -1241.7336  0.3511 
   00081    0.4500   -1273.5749  0.3538 
   00082    0.4200   -1268.4901  0.3614 
   00083    0.4050   -1233.8608  0.3756 
   00084    0.3975   -1210.6353  0.3663 
   00085    0.4350   -1208.9586  0.3626 
   00086    0.3725   -1215.1565  0.3588 
   00087    0.4175   -1233.9763  0.3655 
   00088    0.4400   -1211.9762  0.3484 
   00089    0.4325   -1209.3691  0.3577 
   00090    0.4100   -1221.9786  0.3545 
   00091    0.3950   -1193.4077  0.3585 
   00092    0.4275   -1170.0305  0.3549 
   00093    0.4350   -1177.2095  0.3368 
   00094    0.4300   -1174.3285  0.3323 
   00095    0.4025   -1174.1293  0.3353 
   00096    0.4600   -1193.1487  0.3362 
   00097    0.4350   -1187.5948  0.3181 
   00098    0.4000   -1196.3864  0.3121 
   00099    0.4425   -1174.4182  0.3235 
   00100    0.4275   -1204.3011  0.3304 
   00101    0.4050   -1197.8245  0.3212 
   00102    0.3925   -1186.6789  0.3384 
   00103    0.4550   -1220.5954  0.3432 
   00104    0.4175   -1187.9231  0.3261 
   00105    0.4275   -1179.1455  0.3435 
   00106    0.3875   -1208.8638  0.3404 
   00107    0.4275   -1187.9875  0.3329 
   00108    0.3625   -1203.6063  0.3317 
   00109    0.4625   -1196.0746  0.3129 
   00110    0.4175   -1223.0617  0.3111 
   00111    0.4675   -1211.7046  0.3296 
   00112    0.4250   -1199.1003  0.3216 
   00113    0.4400   -1196.7450  0.3146 
   00114    0.4250   -1210.4833  0.3057 
   00115    0.4350   -1220.1696  0.3118 
   00116    0.4300   -1254.0240  0.3120 
   00117    0.4200   -1228.1866  0.3138 
   00118    0.4600   -1232.4062  0.3190 
   00119    0.4250   -1239.3520  0.3205 
   00120    0.4650   -1225.5775  0.3405 
   00121    0.4250   -1233.0039  0.3545 
   00122    0.3800   -1227.8865  0.3484 
   00123    0.4250   -1226.9533  0.3438 
   00124    0.4350   -1202.3630  0.3265 
   00125    0.4250   -1226.5808  0.3319 
   00126    0.3850   -1248.6366  0.3331 
   00127    0.4300   -1246.4321  0.3219 
   00128    0.4125   -1214.5304  0.3056 
   00129    0.3925   -1218.3614  0.3118 
   00130    0.3700   -1227.8394  0.3152 
   00131    0.4025   -1246.7908  0.3126 
   00132    0.4050   -1234.7187  0.3029 
   00133    0.3850   -1231.7011  0.3182 
   00134    0.4125   -1237.7632  0.3312 
   00135    0.3975   -1232.6048  0.3292 
   00136    0.4075   -1223.9900  0.3195 
   00137    0.4150   -1220.9568  0.3206 
   00138    0.4425   -1235.7364  0.3207 
   00139    0.4375   -1227.4114  0.3056 
   00140    0.3875   -1219.1764  0.2963 
   00141    0.4150   -1241.6537  0.3083 
   00142    0.3950   -1241.5300  0.3267 
   00143    0.4600   -1209.7010  0.3365 
   00144    0.4050   -1210.8945  0.3210 
   00145    0.3975   -1226.1214  0.3369 
   00146    0.4075   -1224.6660  0.3417 
   00147    0.4000   -1227.7446  0.3243 
   00148    0.4450   -1215.8055  0.3099 
   00149    0.4525   -1223.2282  0.3017 
   00150    0.4125   -1201.1058  0.2924 
   00151    0.4175   -1208.5766  0.2858 
   00152    0.4075   -1195.6226  0.3028 
   00153    0.4550   -1188.6284  0.3089 
   00154    0.4700   -1208.4072  0.3135 
   00155    0.3600   -1216.1399  0.3166 
   00156    0.4250   -1236.2507  0.3228 
   00157    0.4525   -1225.3536  0.3475 
   00158    0.4400   -1226.4082  0.3342 
   00159    0.4525   -1203.5790  0.3511 
   00160    0.4325   -1209.0883  0.3259 
   00161    0.4300   -1198.8116  0.3164 
   00162    0.4350   -1210.1640  0.3162 
   00163    0.4575   -1212.9151  0.2866 
   00164    0.3650   -1214.2198  0.3031 
   00165    0.4175   -1231.6289  0.3063 
   00166    0.4375   -1231.1065  0.3195 
   00167    0.4050   -1205.8800  0.3227 
   00168    0.3650   -1206.8391  0.3222 
   00169    0.4450   -1206.5050  0.3201 
   00170    0.4075   -1192.4452  0.3283 
   00171    0.3950   -1185.4639  0.3185 
   00172    0.4475   -1169.0256  0.3458 
   00173    0.4000   -1159.7984  0.3498 
   00174    0.4425   -1165.3262  0.3623 
   00175    0.4375   -1177.0730  0.3696 
   00176    0.4275   -1180.6441  0.3491 
   00177    0.4600   -1202.9569  0.3299 
   00178    0.3625   -1208.7263  0.3304 
   00179    0.4575   -1232.1217  0.3580 
   00180    0.4300   -1233.4374  0.3452 
   00181    0.4275   -1231.7120  0.3499 
   00182    0.4475   -1210.5990  0.3604 
   00183    0.4250   -1203.9253  0.3584 
   00184    0.4375   -1209.4539  0.3682 
   00185    0.4450   -1204.5066  0.4032 
   00186    0.3775   -1213.7319  0.4028 
   00187    0.4150   -1222.7606  0.3901 
   00188    0.4250   -1219.4228  0.3850 
   00189    0.4225   -1201.9741  0.4085 
   00190    0.4425   -1201.5891  0.4193 
   00191    0.4450   -1220.7412  0.4064 
   00192    0.4100   -1195.3760  0.3899 
   00193    0.4325   -1213.9606  0.3868 
   00194    0.4175   -1232.6186  0.3865 
   00195    0.3850   -1221.0320  0.4113 
   00196    0.4075   -1222.1496  0.4127 
   00197    0.4300   -1213.0350  0.4148 
   00198    0.4325   -1196.6580  0.4034 
   00199    0.4675   -1221.8249  0.4316 
   00200    0.3950   -1190.9046  0.4267 
   00201    0.4350   -1202.6909  0.4366 
   00202    0.4450   -1220.2156  0.4316 
   00203    0.4250   -1244.0231  0.4604 
   00204    0.4350   -1239.4157  0.4426 
   00205    0.4125   -1268.5170  0.4631 
   00206    0.3825   -1261.0993  0.4573 
   00207    0.3975   -1244.6948  0.4626 
   00208    0.3700   -1238.7469  0.4619 
   00209    0.4275   -1252.0760  0.4352 
   00210    0.4150   -1231.6899  0.4262 
   00211    0.4150   -1229.3824  0.4111 
   00212    0.4000   -1230.9889  0.4098 
   00213    0.4325   -1239.3552  0.4063 
   00214    0.3950   -1236.9381  0.4135 
   00215    0.4275   -1227.3869  0.4218 
   00216    0.4350   -1218.6630  0.4308 
   00217    0.4075   -1239.9555  0.4535 
   00218    0.4525   -1214.7747  0.4423 
   00219    0.4500   -1190.6322  0.4316 
   00220    0.4575   -1200.1036  0.4264 
   00221    0.4375   -1197.1463  0.4277 
   00222    0.4350   -1202.3085  0.4221 
   00223    0.3975   -1180.6717  0.4371 
   00224    0.4300   -1178.1388  0.4395 
   00225    0.4250   -1186.7612  0.4384 
   00226    0.4475   -1196.8104  0.4427 
   00227    0.4275   -1201.2546  0.4554 
   00228    0.4875   -1182.9996  0.4548 
   00229    0.4275   -1201.5837  0.4412 
   00230    0.4225   -1216.3062  0.4181 
   00231    0.4300   -1241.5108  0.4172 
   00232    0.3950   -1243.3087  0.4213 
   00233    0.3775   -1248.9243  0.4367 
   00234    0.4075   -1237.5947  0.4427 
   00235    0.4825   -1221.8956  0.4476 
   00236    0.4050   -1231.7963  0.4453 
   00237    0.4175   -1226.4602  0.4483 
   00238    0.3575   -1234.2587  0.4460 
   00239    0.4275   -1233.2403  0.4485 
   00240    0.4300   -1242.3659  0.4571 
   00241    0.3975   -1249.4398  0.4543 
   00242    0.4175   -1257.7329  0.4332 
   00243    0.4625   -1241.4943  0.4362 
   00244    0.4000   -1243.5280  0.4328 
   00245    0.4375   -1234.5829  0.4519 
   00246    0.3800   -1229.4514  0.4471 
   00247    0.4050   -1218.4666  0.4648 
   00248    0.4600   -1210.1770  0.4724 
   00249    0.4350   -1223.4222  0.4669 
   00250    0.4575   -1229.2111  0.4783 
   00251    0.4150   -1231.1132  0.4642 
   00252    0.3850   -1222.6143  0.4757 
   00253    0.4400   -1213.7691  0.4721 
   00254    0.4025   -1219.5886  0.4729 
   00255    0.3700   -1219.3475  0.4841 
   00256    0.4250   -1228.0954  0.5103 
   00257    0.4700   -1209.3510  0.5091 
   00258    0.4000   -1214.5306  0.5102 
   00259    0.4225   -1224.6894  0.5090 
   00260    0.3925   -1232.0476  0.5253 
   00261    0.4100   -1201.6842  0.5240 
   00262    0.4475   -1217.5931  0.5171 
   00263    0.4200   -1221.3891  0.5233 
   00264    0.3675   -1186.9384  0.4844 
   00265    0.4125   -1182.6734  0.4710 
   00266    0.3825   -1192.5242  0.4858 
   00267    0.4675   -1188.5404  0.5050 
   00268    0.4225   -1201.8082  0.5146 
   00269    0.4550   -1186.1099  0.5084 
   00270    0.4200   -1197.2594  0.5294 
   00271    0.4600   -1189.3142  0.5330 
   00272    0.4725   -1142.0022  0.5363 
   00273    0.4125   -1164.6069  0.5393 
   00274    0.4125   -1190.0837  0.5277 
   00275    0.4550   -1217.8976  0.5263 
   00276    0.3825   -1242.9627  0.5231 
   00277    0.4175   -1232.2434  0.5389 
   00278    0.4300   -1223.7671  0.5383 
   00279    0.4275   -1223.7341  0.5305 
   00280    0.4100   -1223.9361  0.5420 
   00281    0.4300   -1248.6241  0.5473 
   00282    0.4175   -1234.1705  0.5475 
   00283    0.3800   -1241.2898  0.5627 
   00284    0.4275   -1252.1360  0.5623 
   00285    0.4175   -1244.3133  0.5491 
   00286    0.4075   -1193.1819  0.5412 
   00287    0.4050   -1203.6266  0.5442 
   00288    0.4175   -1205.6598  0.5261 
   00289    0.4350   -1173.5909  0.5348 
   00290    0.4625   -1146.7096  0.5342 
   00291    0.4175   -1164.8396  0.5350 
   00292    0.4300   -1154.2378  0.5332 
   00293    0.4475   -1175.0510  0.5434 
   00294    0.4250   -1186.6876  0.5476 
   00295    0.4575   -1205.2513  0.5725 
   00296    0.4125   -1194.3377  0.5793 
   00297    0.4600   -1214.7012  0.5838 
   00298    0.3975   -1216.2670  0.5842 
   00299    0.4450   -1208.3075  0.5934 
   00300    0.4575   -1197.8253  0.5964 
   00301    0.4525   -1222.7616  0.6225 
   00302    0.4375   -1223.4106  0.6301 
   00303    0.3975   -1244.6113  0.6212 
   00304    0.3825   -1250.1906  0.6073 
   00305    0.4400   -1249.9477  0.6121 
   00306    0.3900   -1247.5394  0.6096 
   00307    0.4625   -1242.0552  0.6060 
   00308    0.4300   -1243.7752  0.6059 
   00309    0.4400   -1241.7033  0.6026 
   00310    0.4050   -1242.1194  0.6001 
   00311    0.4450   -1235.0999  0.6065 
   00312    0.4300   -1215.6856  0.5934 
   00313    0.4275   -1241.3905  0.5987 
   00314    0.4275   -1246.4647  0.6036 
   00315    0.4225   -1269.8034  0.6080 
   00316    0.4200   -1262.9551  0.6065 
   00317    0.3525   -1261.4691  0.6208 
   00318    0.4200   -1250.7886  0.6004 
   00319    0.4000   -1260.2023  0.5994 
   00320    0.3900   -1255.6013  0.5895 
   00321    0.3850   -1235.9056  0.5910 
   00322    0.3825   -1222.6717  0.5871 
   00323    0.4250   -1215.6361  0.5960 
   00324    0.4225   -1224.6335  0.5760 
   00325    0.3975   -1235.6507  0.5883 
   00326    0.4250   -1219.2779  0.5988 
   00327    0.3975   -1230.2072  0.6011 
   00328    0.4450   -1224.7667  0.6066 
   00329    0.4275   -1236.2084  0.6099 
   00330    0.4675   -1239.3149  0.6146 
   00331    0.3975   -1210.4966  0.6126 
   00332    0.4225   -1218.5087  0.6087 
   00333    0.4000   -1226.8765  0.6179 
   00334    0.4175   -1249.6116  0.6151 
   00335    0.3975   -1253.3777  0.6060 
   00336    0.4100   -1236.0027  0.5869 
   00337    0.4125   -1254.0596  0.5927 
   00338    0.3975   -1250.1474  0.5920 
   00339    0.4125   -1250.3632  0.5917 
   00340    0.4000   -1240.8093  0.5967 
   00341    0.4025   -1249.1823  0.6148 
   00342    0.4100   -1262.7538  0.6251 
   00343    0.3850   -1252.8064  0.6169 
   00344    0.4350   -1250.5622  0.6061 
   00345    0.3825   -1246.6282  0.6187 
   00346    0.4150   -1249.8040  0.6241 
   00347    0.4125   -1255.1159  0.6116 
   00348    0.4025   -1270.3060  0.6330 
   00349    0.3700   -1253.4247  0.6353 
   00350    0.4175   -1247.3645  0.6514 
   00351    0.3900   -1259.1382  0.6557 
   00352    0.4675   -1263.5465  0.6749 
   00353    0.4000   -1262.9862  0.6686 
   00354    0.4050   -1248.5186  0.6744 
   00355    0.4000   -1287.3343  0.6850 
   00356    0.3925   -1290.6411  0.6903 
   00357    0.4000   -1277.8929  0.6793 
   00358    0.4075   -1278.4704  0.6832 
   00359    0.3875   -1285.0638  0.6937 
   00360    0.3725   -1285.3452  0.6846 
   00361    0.4150   -1285.2956  0.6872 
   00362    0.4175   -1272.7345  0.6892 
   00363    0.4175   -1239.2665  0.7059 
   00364    0.3525   -1259.3952  0.7101 
   00365    0.3950   -1258.2072  0.7310 
   00366    0.4150   -1278.3666  0.7387 
   00367    0.3975   -1279.1001  0.7339 
   00368    0.4175   -1287.0288  0.7523 
   00369    0.4050   -1278.7828  0.7662 
   00370    0.4000   -1305.0565  0.7649 
   00371    0.4050   -1313.1490  0.7681 
   00372    0.4100   -1269.9956  0.7473 
   00373    0.3575   -1278.2940  0.7509 
   00374    0.4250   -1290.1185  0.7572 
   00375    0.3875   -1294.4135  0.7523 
   00376    0.4025   -1278.1912  0.7462 
   00377    0.4000   -1289.3374  0.7837 
   00378    0.4000   -1297.0141  0.7928 
   00379    0.3900   -1277.7526  0.7830 
   00380    0.4075   -1294.9946  0.7822 
   00381    0.4400   -1295.5446  0.7840 
   00382    0.3825   -1310.2560  0.7845 
   00383    0.3500   -1326.3764  0.7909 
   00384    0.3850   -1330.7871  0.8015 
   00385    0.3775   -1325.3516  0.7988 
   00386    0.4200   -1338.1129  0.7927 
   00387    0.4000   -1302.9522  0.7841 
   00388    0.3900   -1319.1335  0.7954 
   00389    0.3450   -1308.3570  0.7939 
   00390    0.3475   -1299.0086  0.7872 
   00391    0.4050   -1319.8701  0.7926 
   00392    0.4500   -1306.4383  0.7886 
   00393    0.3825   -1304.0693  0.7783 
   00394    0.3900   -1295.0008  0.7656 
   00395    0.4300   -1292.6680  0.7933 
   00396    0.4100   -1301.1894  0.8050 
   00397    0.3650   -1291.2591  0.7986 
   00398    0.4500   -1280.0690  0.7962 
   00399    0.4250   -1260.4974  0.7849 
   00400    0.3900   -1269.7801  0.7761 
   00401    0.4125   -1276.7817  0.7788 
   00402    0.3900   -1288.1066  0.7889 
   00403    0.4000   -1280.2717  0.7848 
   00404    0.4000   -1285.7972  0.7897 
   00405    0.4125   -1284.3352  0.7963 
   00406    0.3700   -1290.4220  0.7849 
   00407    0.3875   -1305.7643  0.7768 
   00408    0.3375   -1288.2906  0.7780 
   00409    0.4050   -1284.3756  0.7846 
   00410    0.3925   -1263.7165  0.7744 
   00411    0.3900   -1263.2081  0.7706 
   00412    0.4175   -1274.3547  0.7743 
   00413    0.3975   -1269.3338  0.7827 
   00414    0.3550   -1270.2044  0.7824 
   00415    0.3925   -1313.0710  0.7988 
   00416    0.4075   -1321.2342  0.8042 
   00417    0.4350   -1299.5498  0.8054 
   00418    0.3800   -1299.0437  0.8068 
   00419    0.3875   -1284.0908  0.8015 
   00420    0.4000   -1280.5207  0.7930 
   00421    0.3950   -1284.3737  0.7934 
   00422    0.4100   -1271.2205  0.8072 
   00423    0.4225   -1278.4766  0.8150 
   00424    0.4125   -1295.9220  0.8199 
   00425    0.4300   -1292.0058  0.8168 
   00426    0.3875   -1292.7406  0.8141 
   00427    0.3975   -1294.5518  0.8241 
   00428    0.3900   -1319.4364  0.8334 
   00429    0.4125   -1280.5422  0.8096 
   00430    0.4100   -1283.7753  0.8142 
   00431    0.3975   -1263.0124  0.8113 
   00432    0.4125   -1264.9067  0.8178 
   00433    0.3975   -1257.3659  0.8146 
   00434    0.3850   -1259.4541  0.8150 
   00435    0.4400   -1256.1331  0.8209 
   00436    0.4050   -1266.1733  0.8284 
   00437    0.3525   -1281.6612  0.8323 
   00438    0.3675   -1297.1961  0.8289 
   00439    0.4025   -1310.6752  0.8428 
   00440    0.3625   -1284.1880  0.8334 
   00441    0.4250   -1291.9227  0.8377 
   00442    0.3925   -1278.7093  0.8352 
   00443    0.4075   -1281.7498  0.8400 
   00444    0.4075   -1294.2490  0.8410 
   00445    0.3875   -1287.3085  0.8403 
   00446    0.4175   -1266.1155  0.8248 
   00447    0.4250   -1275.7861  0.8279 
   00448    0.3900   -1267.0353  0.8212 
   00449    0.4025   -1267.7719  0.8256 
   00450    0.4175   -1266.6899  0.8320 
   00451    0.4200   -1287.2798  0.8400 
   00452    0.4600   -1295.8261  0.8389 
   00453    0.3975   -1298.1798  0.8426 
   00454    0.3800   -1292.8921  0.8338 
   00455    0.4050   -1291.8472  0.8415 
   00456    0.3525   -1290.7841  0.8373 
   00457    0.4225   -1259.2237  0.8218 
   00458    0.3725   -1291.7937  0.8288 
   00459    0.4325   -1304.3578  0.8315 
   00460    0.4050   -1311.2235  0.8330 
   00461    0.4000   -1292.1019  0.8248 
   00462    0.3400   -1291.2980  0.8211 
   00463    0.4600   -1278.0694  0.8186 
   00464    0.3950   -1260.6080  0.8138 
   00465    0.3875   -1280.4289  0.8236 
   00466    0.4200   -1294.0467  0.8446 
   00467    0.4225   -1314.3992  0.8389 
   00468    0.4150   -1301.7517  0.8406 
   00469    0.3800   -1308.4294  0.8322 
   00470    0.3975   -1301.1398  0.8370 
   00471    0.3575   -1318.1555  0.8516 
   00472    0.4150   -1311.1302  0.8476 
   00473    0.3875   -1306.7291  0.8430 
   00474    0.3950   -1311.1704  0.8392 
   00475    0.3825   -1310.9183  0.8395 
   00476    0.4300   -1312.9938  0.8373 
   00477    0.4200   -1322.4184  0.8449 
   00478    0.3825   -1327.1468  0.8445 
   00479    0.3675   -1294.6985  0.8378 
   00480    0.4350   -1313.2674  0.8429 
   00481    0.4275   -1313.3471  0.8405 
   00482    0.4100   -1321.0835  0.8412 
   00483    0.3500   -1329.1420  0.8409 
   00484    0.3925   -1330.5057  0.8459 
   00485    0.4025   -1325.6589  0.8512 
   00486    0.4000   -1313.9591  0.8430 
   00487    0.3975   -1299.0030  0.8449 
   00488    0.3825   -1264.4716  0.8322 
   00489    0.4025   -1272.0192  0.8296 
   00490    0.3675   -1258.5642  0.8094 
   00491    0.4175   -1245.2860  0.7947 
   00492    0.3900   -1256.5637  0.7957 
   00493    0.3875   -1249.8768  0.7928 
   00494    0.4025   -1250.9885  0.8036 
   00495    0.4450   -1268.6796  0.8184 
   00496    0.4000   -1261.2612  0.8202 
   00497    0.4400   -1286.9304  0.8241 
   00498    0.4175   -1264.7045  0.8205 
   00499    0.4250   -1277.2986  0.8121 
   00500    0.4175   -1270.4152  0.8072 
   00501    0.3800   -1269.6987  0.8009 
   00502    0.4475   -1291.3891  0.8135 
   00503    0.4100   -1298.3479  0.8133 
   00504    0.4050   -1294.5744  0.8122 
   00505    0.3875   -1296.5120  0.8249 
   00506    0.3750   -1282.1063  0.8242 
   00507    0.3975   -1313.5887  0.8414 
   00508    0.3575   -1312.5630  0.8474 
   00509    0.3675   -1320.9766  0.8531 
   00510    0.3875   -1304.9666  0.8534 
   00511    0.3700   -1316.8125  0.8559 
   00512    0.4150   -1312.7678  0.8458 
   00513    0.3550   -1311.3406  0.8520 
   00514    0.3725   -1316.9301  0.8477 
   00515    0.3750   -1317.0330  0.8407 
   00516    0.3650   -1322.0008  0.8469 
   00517    0.3825   -1304.1281  0.8398 
   00518    0.4175   -1317.5751  0.8509 
   00519    0.3725   -1312.8820  0.8521 
   00520    0.3900   -1304.0121  0.8587 
   00521    0.4100   -1285.8214  0.8469 
   00522    0.3475   -1275.5546  0.8411 
   00523    0.4075   -1258.6029  0.8246 
   00524    0.3950   -1273.4096  0.8377 
   00525    0.4675   -1275.2867  0.8337 
   00526    0.4250   -1289.0442  0.8333 
   00527    0.3900   -1294.4014  0.8328 
   00528    0.4475   -1250.8342  0.8148 
   00529    0.4200   -1263.2125  0.8110 
   00530    0.4200   -1254.3142  0.8100 
   00531    0.4600   -1251.0006  0.8152 
   00532    0.4000   -1273.4267  0.8157 
   00533    0.4050   -1274.6310  0.8144 
   00534    0.3900   -1288.8624  0.8211 
   00535    0.4075   -1279.7618  0.8171 
   00536    0.4075   -1267.6307  0.8094 
   00537    0.4050   -1252.7861  0.8096 
   00538    0.4075   -1258.0485  0.8172 
   00539    0.4250   -1278.9617  0.8206 
   00540    0.3700   -1268.3652  0.8209 
   00541    0.3825   -1265.7874  0.8185 
   00542    0.4175   -1273.6454  0.8163 
   00543    0.3975   -1281.7512  0.8149 
   00544    0.3925   -1283.3813  0.8236 
   00545    0.4150   -1263.0485  0.8277 
   00546    0.4150   -1257.8986  0.8236 
   00547    0.3800   -1275.9836  0.8307 
   00548    0.4100   -1286.1903  0.8342 
   00549    0.4050   -1305.2542  0.8306 
   00550    0.4050   -1337.0619  0.8453 
   00551    0.4125   -1318.5017  0.8360 
   00552    0.4575   -1323.7146  0.8354 
   00553    0.3775   -1334.5042  0.8413 
   00554    0.3850   -1325.5049  0.8394 
   00555    0.4250   -1318.8852  0.8353 
   00556    0.4075   -1297.3931  0.8350 
   00557    0.4250   -1290.5358  0.8259 
   00558    0.4325   -1279.3337  0.8226 
   00559    0.4000   -1263.5433  0.8252 
   00560    0.4050   -1262.7875  0.8196 
   00561    0.4300   -1283.0032  0.8187 
   00562    0.4025   -1275.9303  0.8286 
   00563    0.4425   -1290.5802  0.8406 
   00564    0.4025   -1298.9495  0.8339 
   00565    0.3900   -1289.3469  0.8376 
   00566    0.3800   -1291.2385  0.8495 
   00567    0.3700   -1301.3263  0.8478 
   00568    0.4025   -1302.9673  0.8506 
   00569    0.4200   -1294.9720  0.8407 
   00570    0.3775   -1295.9871  0.8361 
   00571    0.4050   -1279.8780  0.8427 
   00572    0.3850   -1280.3627  0.8402 
   00573    0.4050   -1301.4088  0.8363 
   00574    0.3775   -1299.4166  0.8306 
   00575    0.3800   -1319.2139  0.8385 
   00576    0.3725   -1353.6047  0.8370 
   00577    0.4050   -1339.1634  0.8328 
   00578    0.4325   -1311.0224  0.8236 
   00579    0.3925   -1293.1414  0.8140 
   00580    0.3275   -1295.0764  0.8262 
   00581    0.4200   -1287.6896  0.8197 
   00582    0.3675   -1261.7862  0.8072 
   00583    0.3600   -1276.2952  0.8000 
   00584    0.3975   -1253.7278  0.7842 
   00585    0.4150   -1275.9587  0.7948 
   00586    0.4125   -1288.6871  0.7887 
   00587    0.3725   -1294.3423  0.8053 
   00588    0.3925   -1286.7545  0.8031 
   00589    0.3975   -1291.7302  0.8024 
   00590    0.3600   -1278.2243  0.8027 
   00591    0.4325   -1287.6245  0.8112 
   00592    0.3800   -1294.4422  0.8187 
   00593    0.4025   -1288.4176  0.8134 
   00594    0.4025   -1278.4998  0.8142 
   00595    0.3825   -1312.4395  0.8204 
   00596    0.3900   -1333.6908  0.8369 
   00597    0.4125   -1311.7761  0.8204 
   00598    0.4250   -1322.0936  0.8261 
   00599    0.3975   -1311.3796  0.8195 
   00600    0.4175   -1284.7525  0.8168 
   00601    0.3775   -1282.5499  0.8123 
   00602    0.4000   -1262.7895  0.7991 
   00603    0.3775   -1266.3793  0.7896 
   00604    0.3975   -1257.6175  0.7839 
   00605    0.4025   -1260.5789  0.7909 
   00606    0.4350   -1275.4222  0.7990 
   00607    0.4000   -1272.4839  0.7939 
   00608    0.3500   -1275.6223  0.7973 
   00609    0.3950   -1260.0426  0.7982 
   00610    0.3600   -1280.2853  0.8106 
   00611    0.3775   -1284.1817  0.8121 
   00612    0.3925   -1276.1760  0.8074 
   00613    0.4175   -1279.0701  0.8041 
   00614    0.4125   -1291.3973  0.8084 
   00615    0.4050   -1289.4466  0.8004 
   00616    0.4100   -1287.0213  0.8100 
   00617    0.3825   -1288.4336  0.8066 
   00618    0.4200   -1289.1882  0.8164 
   00619    0.3600   -1268.1734  0.8227 
   00620    0.4025   -1288.2131  0.8251 
   00621    0.4025   -1301.2183  0.8344 
   00622    0.4325   -1322.6706  0.8372 
   00623    0.3625   -1295.6688  0.8313 
   00624    0.3950   -1277.6072  0.8180 
   00625    0.3950   -1257.5351  0.8011 
   00626    0.3800   -1278.0017  0.7878 
   00627    0.4050   -1278.7470  0.7905 
   00628    0.4175   -1277.5470  0.8054 
   00629    0.4675   -1263.1956  0.7963 
   00630    0.3725   -1276.7643  0.8072 
   00631    0.4075   -1293.8412  0.8104 
   00632    0.4075   -1271.7747  0.7932 
   00633    0.3975   -1287.3152  0.7969 
   00634    0.3850   -1302.4061  0.7962 
   00635    0.3600   -1288.2714  0.7923 
   00636    0.3825   -1281.4117  0.7927 
   00637    0.3800   -1270.8035  0.7806 
   00638    0.3875   -1287.0565  0.7764 
   00639    0.3850   -1273.9528  0.7735 
   00640    0.4175   -1259.7133  0.7575 
   00641    0.4250   -1267.4986  0.7595 
   00642    0.4325   -1263.7748  0.7569 
   00643    0.4025   -1286.4685  0.7593 
   00644    0.3650   -1301.7875  0.7663 
   00645    0.3425   -1293.6806  0.7627 
   00646    0.3800   -1276.2563  0.7680 
   00647    0.3575   -1280.8773  0.7790 
   00648    0.3825   -1287.1006  0.7811 
   00649    0.4000   -1281.5010  0.7824 
   00650    0.3925   -1284.9483  0.7763 
   00651    0.4000   -1281.5053  0.7840 
   00652    0.3700   -1282.6350  0.7615 
   00653    0.3800   -1279.3262  0.7623 
   00654    0.4125   -1268.6474  0.7646 
   00655    0.3800   -1282.7091  0.7601 
   00656    0.3800   -1299.8038  0.7657 
   00657    0.3800   -1279.7717  0.7542 
   00658    0.4300   -1283.7751  0.7545 
   00659    0.4225   -1266.9946  0.7605 
   00660    0.4025   -1298.3474  0.7546 
   00661    0.3950   -1301.7958  0.7721 
   00662    0.3975   -1295.5906  0.7718 
   00663    0.4275   -1317.8733  0.7760 
   00664    0.3875   -1289.2903  0.7666 
   00665    0.4025   -1269.6510  0.7679 
   00666    0.4025   -1256.5340  0.7630 
   00667    0.4650   -1263.3136  0.7550 
   00668    0.4075   -1271.8667  0.7580 
   00669    0.3600   -1294.8261  0.7749 
   00670    0.4225   -1315.9863  0.7767 
   00671    0.3800   -1289.5765  0.7745 
   00672    0.3550   -1299.4393  0.7713 
   00673    0.3625   -1276.1016  0.7695 
   00674    0.3675   -1281.0181  0.7602 
   00675    0.3900   -1282.8591  0.7595 
   00676    0.4325   -1282.7769  0.7461 
   00677    0.3550   -1295.9885  0.7488 
   00678    0.3700   -1274.4091  0.7478 
   00679    0.4075   -1274.1813  0.7612 
   00680    0.4025   -1275.9174  0.7486 
   00681    0.3750   -1276.1567  0.7557 
   00682    0.3950   -1270.9923  0.7458 
   00683    0.3675   -1282.1077  0.7410 
   00684    0.3325   -1258.9731  0.7250 
   00685    0.3775   -1260.2116  0.7221 
   00686    0.4150   -1248.6149  0.7050 
   00687    0.4200   -1253.8040  0.6976 
   00688    0.3925   -1252.2284  0.6979 
   00689    0.3650   -1247.2343  0.6964 
   00690    0.4325   -1258.9577  0.7028 
   00691    0.4000   -1266.2124  0.6816 
   00692    0.3800   -1266.1387  0.6872 
   00693    0.3925   -1277.8719  0.6940 
   00694    0.4000   -1268.4249  0.6829 
   00695    0.4425   -1234.4254  0.7131 
   00696    0.4075   -1241.5229  0.7248 
   00697    0.3550   -1253.9880  0.7302 
   00698    0.4175   -1271.6495  0.7492 
   00699    0.4025   -1275.4092  0.7512 
   00700    0.3900   -1255.6486  0.7527 
   00701    0.4250   -1262.0175  0.7405 
   00702    0.3800   -1285.2154  0.7552 
   00703    0.4425   -1269.7755  0.7303 
   00704    0.3925   -1285.0381  0.7342 
   00705    0.4575   -1298.1454  0.7400 
   00706    0.3500   -1291.2437  0.7486 
   00707    0.4050   -1307.3893  0.7532 
   00708    0.4450   -1298.2463  0.7531 
   00709    0.4000   -1322.3015  0.7694 
   00710    0.3325   -1306.3370  0.7623 
   00711    0.3825   -1292.7840  0.7452 
   00712    0.3625   -1291.8832  0.7556 
   00713    0.3975   -1311.3900  0.7756 
   00714    0.3925   -1321.9866  0.7849 
   00715    0.4350   -1293.3402  0.7706 
   00716    0.3900   -1299.6755  0.7666 
   00717    0.3850   -1299.6457  0.7659 
   00718    0.4175   -1290.6722  0.7731 
   00719    0.4025   -1321.0505  0.7781 
   00720    0.4150   -1295.4308  0.7557 
   00721    0.4125   -1271.0968  0.7509 
   00722    0.4075   -1247.6820  0.7531 
   00723    0.4000   -1278.0566  0.7692 
   00724    0.3800   -1293.5195  0.7844 
   00725    0.4200   -1308.3340  0.7978 
   00726    0.3800   -1299.6380  0.7918 
   00727    0.3950   -1307.6900  0.7946 
   00728    0.3925   -1328.8183  0.7956 
   00729    0.3950   -1345.5718  0.7974 
   00730    0.4125   -1328.6757  0.7877 
   00731    0.4075   -1329.6530  0.7979 
   00732    0.3575   -1323.3742  0.7968 
   00733    0.3675   -1299.1518  0.7782 
   00734    0.4075   -1280.8910  0.7709 
   00735    0.3925   -1287.2708  0.7629 
   00736    0.4500   -1287.5343  0.7652 
   00737    0.3750   -1294.0949  0.7699 
   00738    0.4075   -1280.1144  0.7707 
   00739    0.3700   -1287.9616  0.7726 
   00740    0.4000   -1283.6805  0.7912 
   00741    0.4175   -1249.5757  0.7969 
   00742    0.3950   -1269.4256  0.8043 
   00743    0.3925   -1274.2455  0.7980 
   00744    0.4175   -1283.9540  0.8143 
   00745    0.3850   -1294.6189  0.7972 
   00746    0.4125   -1299.0862  0.7890 
   00747    0.3775   -1328.0222  0.7965 
   00748    0.3600   -1297.6184  0.7962 
   00749    0.3775   -1298.8494  0.7835 
   00750    0.3775   -1296.5994  0.7804 
   00751    0.4000   -1264.0385  0.7527 
   00752    0.3875   -1271.7636  0.7611 
   00753    0.4150   -1284.8942  0.7602 
   00754    0.3800   -1302.5192  0.7572 
   00755    0.3875   -1290.7129  0.7694 
   00756    0.4350   -1272.5475  0.7514 
   00757    0.3950   -1300.2541  0.7583 
   00758    0.4125   -1296.9259  0.7719 
   00759    0.4200   -1294.0295  0.7650 
   00760    0.3725   -1291.1659  0.7665 
   00761    0.3875   -1280.8796  0.7611 
   00762    0.3600   -1306.3344  0.7715 
   00763    0.4050   -1291.6245  0.7567 
   00764    0.3975   -1287.3440  0.7679 
   00765    0.3600   -1259.2001  0.7622 
   00766    0.4500   -1254.7414  0.7577 
   00767    0.4050   -1250.2639  0.7623 
   00768    0.4150   -1247.5467  0.7613 
   00769    0.3500   -1235.2299  0.7524 
   00770    0.4275   -1249.7633  0.7441 
   00771    0.4125   -1269.7003  0.7508 
   00772    0.3900   -1281.7266  0.7768 
   00773    0.4100   -1308.9896  0.7976 
   00774    0.3800   -1307.7566  0.8004 
   00775    0.4125   -1322.2341  0.8101 
   00776    0.4200   -1325.1432  0.8059 
   00777    0.4125   -1346.1663  0.8116 
   00778    0.3650   -1348.9477  0.8140 
   00779    0.3675   -1346.3225  0.8172 
   00780    0.4000   -1340.0489  0.8173 
   00781    0.3950   -1343.2428  0.8103 
   00782    0.3525   -1335.4705  0.8083 
   00783    0.3950   -1312.7610  0.7916 
   00784    0.3775   -1280.3034  0.7881 
   00785    0.4175   -1302.4805  0.7951 
   00786    0.3775   -1295.7352  0.7915 
   00787    0.4025   -1297.5630  0.7934 
   00788    0.4025   -1276.1557  0.7804 
   00789    0.4075   -1280.5614  0.7721 
   00790    0.3600   -1294.2032  0.7647 
   00791    0.4050   -1289.6817  0.7644 
   00792    0.4075   -1276.1823  0.7546 
   00793    0.4250   -1282.1178  0.7727 
   00794    0.4125   -1245.1933  0.7840 
   00795    0.4775   -1299.4970  0.8008 
   00796    0.3300   -1294.7646  0.7979 
   00797    0.4125   -1314.1115  0.8198 
   00798    0.3550   -1290.2420  0.8067 
   00799    0.4050   -1301.7666  0.8250 
   00800    0.3700   -1305.0775  0.8308 
   00801    0.3575   -1331.3396  0.8377 
   00802    0.3425   -1313.7568  0.8336 
   00803    0.3975   -1318.8085  0.8373 
   00804    0.4225   -1298.6228  0.8302 
   00805    0.3850   -1285.3818  0.8235 
   00806    0.3625   -1304.9946  0.8217 
   00807    0.3700   -1319.8444  0.8237 
   00808    0.3500   -1326.8976  0.8337 
   00809    0.3525   -1344.9120  0.8484 
   00810    0.3225   -1329.1482  0.8458 
   00811    0.4050   -1329.2203  0.8416 
   00812    0.3975   -1332.2140  0.8409 
   00813    0.3850   -1336.7582  0.8379 
   00814    0.3500   -1308.7106  0.8337 
   00815    0.3525   -1288.9811  0.8284 
   00816    0.4100   -1274.7412  0.8212 
   00817    0.4050   -1288.0430  0.8156 
   00818    0.3900   -1286.1157  0.8129 
   00819    0.3675   -1291.6287  0.8179 
   00820    0.4325   -1287.3793  0.8036 
   00821    0.4075   -1308.4314  0.8117 
   00822    0.3925   -1278.8586  0.7930 
   00823    0.4425   -1280.8954  0.7752 
   00824    0.3800   -1261.1875  0.7701 
   00825    0.4525   -1274.0044  0.7733 
   00826    0.4325   -1268.7005  0.7677 
   00827    0.3925   -1299.5042  0.7860 
   00828    0.4125   -1273.3889  0.7865 
   00829    0.3925   -1316.4159  0.8034 
   00830    0.3925   -1318.0303  0.8003 
   00831    0.3900   -1301.9528  0.7845 
   00832    0.3550   -1290.5520  0.7843 
   00833    0.4125   -1291.5467  0.7708 
   00834    0.4025   -1295.8666  0.7781 
   00835    0.3800   -1304.8928  0.7766 
   00836    0.3625   -1307.6712  0.7801 
   00837    0.3650   -1317.2557  0.7858 
   00838    0.4075   -1293.4221  0.7705 
   00839    0.3500   -1286.2483  0.7570 
   00840    0.4250   -1292.5251  0.7576 
   00841    0.3950   -1291.9507  0.7599 
   00842    0.3925   -1305.2762  0.7646 
   00843    0.3700   -1300.5082  0.7793 
   00844    0.4125   -1282.7626  0.7730 
   00845    0.4125   -1282.4648  0.7724 
   00846    0.4025   -1284.8209  0.7583 
   00847    0.4275   -1290.9645  0.7563 
   00848    0.4175   -1290.4309  0.7601 
   00849    0.3850   -1294.9919  0.7577 
   00850    0.4000   -1300.2888  0.7610 
   00851    0.4075   -1301.1903  0.7699 
   00852    0.4075   -1316.7274  0.7626 
   00853    0.4125   -1319.4854  0.7693 
   00854    0.4000   -1317.8013  0.7560 
   00855    0.4100   -1306.1252  0.7556 
   00856    0.3875   -1300.9021  0.7479 
   00857    0.4300   -1328.6627  0.7547 
   00858    0.3775   -1347.7905  0.7689 
   00859    0.3725   -1332.6565  0.7552 
   00860    0.4100   -1314.9372  0.7633 
   00861    0.3600   -1309.2163  0.7494 
   00862    0.3850   -1297.2210  0.7621 
   00863    0.4250   -1307.1228  0.7815 
   00864    0.3725   -1309.8325  0.7930 
   00865    0.3900   -1327.2676  0.8126 
   00866    0.4025   -1341.3067  0.8320 
   00867    0.3750   -1329.9928  0.8296 
   00868    0.3475   -1318.4677  0.8296 
   00869    0.3625   -1306.5393  0.8284 
   00870    0.4075   -1311.5146  0.8224 
   00871    0.3925   -1299.0597  0.8204 
   00872    0.3925   -1294.0110  0.8115 
   00873    0.3850   -1315.4439  0.8186 
   00874    0.3950   -1314.4113  0.8193 
   00875    0.3900   -1313.3507  0.8172 
   00876    0.4200   -1300.4756  0.8029 
   00877    0.4025   -1308.4484  0.7983 
   00878    0.4025   -1307.4176  0.7993 
   00879    0.3900   -1307.2204  0.8017 
   00880    0.4125   -1304.3012  0.7911 
   00881    0.3975   -1289.9753  0.7802 
   00882    0.3650   -1318.5610  0.7769 
   00883    0.3800   -1316.6811  0.7886 
   00884    0.4600   -1309.9889  0.7856 
   00885    0.3950   -1305.0189  0.7819 
   00886    0.3950   -1297.9893  0.7743 
   00887    0.3850   -1302.2131  0.7738 
   00888    0.4175   -1292.9173  0.7695 
   00889    0.3675   -1289.5862  0.7580 
   00890    0.3825   -1271.7133  0.7381 
   00891    0.3950   -1268.0730  0.7319 
   00892    0.4400   -1258.8100  0.7373 
   00893    0.3975   -1260.6988  0.7400 
   00894    0.4150   -1263.8933  0.7362 
   00895    0.4275   -1275.5368  0.7373 
   00896    0.4400   -1263.8767  0.7288 
   00897    0.4225   -1272.2069  0.7281 
   00898    0.4125   -1275.2114  0.7448 
   00899    0.4100   -1282.7591  0.7370 
   00900    0.3575   -1279.3791  0.7408 
   00901    0.3750   -1282.1623  0.7450 
   00902    0.3900   -1287.5403  0.7450 
   00903    0.3950   -1289.4129  0.7445 
   00904    0.3900   -1251.7217  0.7294 
   00905    0.4500   -1253.0733  0.7250 
   00906    0.4375   -1226.6032  0.7178 
   00907    0.3775   -1239.3985  0.7254 
   00908    0.4450   -1227.5724  0.7242 
   00909    0.4100   -1227.2148  0.7337 
   00910    0.4125   -1244.4471  0.7566 
   00911    0.3850   -1258.1967  0.7595 
   00912    0.3925   -1263.1984  0.7715 
   00913    0.4125   -1265.8973  0.7713 
   00914    0.4050   -1276.6233  0.7872 
   00915    0.3875   -1266.4470  0.7809 
   00916    0.3825   -1289.5062  0.7733 
   00917    0.3475   -1281.9489  0.7684 
   00918    0.4350   -1293.7144  0.7744 
   00919    0.4175   -1301.1488  0.7696 
   00920    0.4075   -1316.3623  0.7594 
   00921    0.3900   -1309.4592  0.7546 
   00922    0.3450   -1293.6006  0.7519 
   00923    0.4275   -1296.3452  0.7501 
   00924    0.4050   -1282.7232  0.7537 
   00925    0.4125   -1280.2934  0.7612 
   00926    0.3825   -1285.0112  0.7825 
   00927    0.3675   -1292.2944  0.7913 
   00928    0.4125   -1299.5069  0.7994 
   00929    0.4200   -1305.2143  0.8006 
   00930    0.4000   -1312.9542  0.8063 
   00931    0.4000   -1296.9763  0.7982 
   00932    0.4125   -1310.1053  0.7918 
   00933    0.3725   -1290.5790  0.7933 
   00934    0.4275   -1279.1396  0.7823 
   00935    0.4125   -1286.0745  0.7797 
   00936    0.4075   -1286.6704  0.7679 
   00937    0.3725   -1258.4358  0.7610 
   00938    0.3800   -1276.8822  0.7802 
   00939    0.3850   -1302.7628  0.7936 
   00940    0.3875   -1288.5630  0.7792 
   00941    0.4375   -1313.3438  0.7888 
   00942    0.4275   -1303.4883  0.7906 
   00943    0.3775   -1290.8584  0.7922 
   00944    0.4350   -1252.3822  0.7843 
   00945    0.3825   -1293.6095  0.7978 
   00946    0.3675   -1293.6219  0.7945 
   00947    0.4450   -1306.7642  0.8043 
   00948    0.4250   -1297.0146  0.8057 
   00949    0.3825   -1289.2705  0.7919 
   00950    0.3950   -1274.3575  0.7861 
   00951    0.4350   -1275.2287  0.7791 
   00952    0.3725   -1280.6883  0.7787 
   00953    0.4525   -1257.2969  0.7657 
   00954    0.4100   -1230.1056  0.7485 
   00955    0.3925   -1241.5541  0.7562 
   00956    0.4025   -1278.9890  0.7857 
   00957    0.4150   -1268.5481  0.7993 
   00958    0.4250   -1270.4056  0.7996 
   00959    0.4125   -1265.5819  0.7914 
   00960    0.3775   -1254.7309  0.7798 
   00961    0.4200   -1253.2315  0.7895 
   00962    0.4250   -1238.8579  0.7968 
   00963    0.3950   -1249.0755  0.8049 
   00964    0.4175   -1267.2255  0.8074 
   00965    0.3925   -1255.5994  0.7945 
   00966    0.3850   -1270.5441  0.8053 
   00967    0.3850   -1260.3748  0.7932 
   00968    0.3575   -1259.0263  0.7825 
   00969    0.4125   -1273.4451  0.7820 
   00970    0.3750   -1289.0445  0.7784 
   00971    0.3700   -1290.1678  0.7805 
   00972    0.4075   -1284.7111  0.7697 
   00973    0.3925   -1284.6474  0.7731 
   00974    0.4100   -1314.9053  0.8075 
   00975    0.3525   -1316.5962  0.8092 
   00976    0.4450   -1305.4365  0.7969 
   00977    0.3375   -1299.5186  0.7918 
   00978    0.4125   -1272.3449  0.7813 
   00979    0.3775   -1264.3914  0.7747 
   00980    0.4175   -1275.6234  0.7837 
   00981    0.3775   -1266.6331  0.7816 
   00982    0.4225   -1262.2168  0.7839 
   00983    0.4150   -1276.2805  0.7905 
   00984    0.3925   -1280.5113  0.7826 
   00985    0.3625   -1281.7843  0.7803 
   00986    0.4250   -1265.7355  0.7726 
   00987    0.4275   -1272.9295  0.7870 
   00988    0.4000   -1284.7103  0.7898 
   00989    0.4350   -1278.7326  0.7875 
   00990    0.4125   -1266.2283  0.7774 
   00991    0.3700   -1292.2583  0.7904 
   00992    0.3875   -1305.5630  0.7849 
   00993    0.3550   -1270.3395  0.7829 
   00994    0.3675   -1263.0687  0.7871 
   00995    0.3900   -1288.3955  0.7973 
   00996    0.3950   -1297.8177  0.7841 
   00997    0.3825   -1310.8074  0.7940 
   00998    0.3575   -1292.9055  0.7885 
   00999    0.3800   -1279.2074  0.7827 
   01000    0.4250   -1281.8487  0.7889 
