#=====================================================
# File created:        Mon-16-Feb-2026-at-01-33-31PM
# Size of lattice:     20x20
# Number of MC steps:  1000
# Reduced temperature: 0.650
# Run time (s):        3.378007
#=====================================================
# MC step:  Ratio:     Energy:   Order:
#=====================================================
   00000    0.5000    -372.0410  0.2722 
   00001    0.7025    -616.1631  0.2973 
   00002    0.6125    -713.6625  0.2781 
   00003    0.5525    -797.3436  0.2845 
   00004    0.5475    -830.0670  0.2939 
   00005    0.5225    -879.3480  0.2863 
   00006    0.5225    -918.7568  0.2821 
   00007    0.5050    -950.5621  0.2801 
   00008    0.4950    -965.2551  0.2931 
   00009    0.5425   -1030.4602  0.2733 
   00010    0.4650   -1037.2128  0.2730 
   00011    0.5025   -1046.6440  0.2821 
   00012    0.5000   -1060.3397  0.2872 
   00013    0.4675   -1061.4424  0.2968 
   00014    0.4450   -1102.7057  0.2991 
   00015    0.4550   -1135.6524  0.3109 
   00016    0.4825   -1138.4170  0.3099 
   00017    0.4275   -1137.9998  0.3133 
   00018    0.4250   -1153.9096  0.3151 
   00019    0.4675   -1115.2720  0.3275 
   00020    0.4425   -1141.0512  0.3438 
   00021    0.4600   -1133.2951  0.3658 
   00022    0.4600   -1133.5381  0.3787 
   00023    0.4100   -1144.8417  0.3839 
   00024    0.4700   -1151.9714  0.3886 
   00025    0.4450   -1166.9782  0.4070 
   00026    0.4325   -1179.1894  0.4258 
   00027    0.4450   -1181.8879  0.4499 
   00028    0.4475   -1192.3960  0.4568 
   00029    0.4150   -1172.6758  0.4646 
   00030    0.4575   -1161.4257  0.4784 
   00031    0.4475   -1184.0940  0.4951 
   00032    0.4500   -1194.0619  0.4968 
   00033    0.4375   -1179.8735  0.4865 
   00034    0.4800   -1172.5055  0.4899 
   00035    0.4025   -1196.6411  0.4876 
   00036    0.4375   -1182.3192  0.4716 
   00037    0.4100   -1177.1793  0.4973 
   00038    0.4600   -1172.2974  0.4795 
   00039    0.4175   -1179.8429  0.4737 
   00040    0.4275   -1170.3090  0.4762 
   00041    0.4275   -1164.2645  0.4798 
   00042    0.4250   -1162.3857  0.4579 
   00043    0.4350   -1183.4023  0.4675 
   00044    0.3750   -1209.8052  0.4739 
   00045    0.4225   -1210.2303  0.4740 
   00046    0.4450   -1187.7894  0.4877 
   00047    0.4300   -1191.1878  0.4888 
   00048    0.4575   -1190.3720  0.4910 
   00049    0.3875   -1193.9635  0.4859 
   00050    0.4275   -1200.1410  0.4825 
   00051    0.3850   -1219.0087  0.4828 
   00052    0.4000   -1233.9590  0.4864 
   00053    0.4075   -1227.0940  0.4811 
   00054    0.3775   -1235.0255  0.5005 
   00055    0.4450   -1243.5661  0.5042 
   00056    0.4375   -1224.0250  0.4882 
   00057    0.3825   -1232.0122  0.4809 
   00058    0.4000   -1211.9794  0.4830 
   00059    0.3775   -1204.2920  0.4903 
   00060    0.4425   -1220.0537  0.5178 
   00061    0.4000   -1213.5637  0.4989 
   00062    0.4000   -1209.9979  0.4844 
   00063    0.4100   -1199.8689  0.4824 
   00064    0.4000   -1193.3733  0.4710 
   00065    0.4325   -1191.4972  0.4584 
   00066    0.4025   -1208.2236  0.4582 
   00067    0.4250   -1203.2825  0.4718 
   00068    0.4225   -1213.9369  0.4729 
   00069    0.3850   -1219.5527  0.4758 
   00070    0.4250   -1224.7284  0.4630 
   00071    0.4225   -1191.6687  0.4392 
   00072    0.3750   -1203.3812  0.4578 
   00073    0.4450   -1201.2006  0.4563 
   00074    0.3850   -1213.4000  0.4797 
   00075    0.4225   -1217.1269  0.4533 
   00076    0.4425   -1211.0707  0.4534 
   00077    0.3775   -1223.5427  0.4495 
   00078    0.4100   -1242.4547  0.4492 
   00079    0.3850   -1211.0946  0.4547 
   00080    0.4250   -1215.2219  0.4540 
   00081    0.4125   -1209.8459  0.4591 
   00082    0.3875   -1204.7008  0.4636 
   00083    0.4525   -1218.2622  0.4597 
   00084    0.4475   -1227.8782  0.4649 
   00085    0.4275   -1234.9573  0.4563 
   00086    0.3725   -1242.3081  0.4547 
   00087    0.4375   -1237.7072  0.4413 
   00088    0.4150   -1230.3543  0.4640 
   00089    0.4200   -1219.5164  0.4738 
   00090    0.4300   -1225.6775  0.4847 
   00091    0.4325   -1240.7706  0.4827 
   00092    0.3900   -1246.7668  0.4905 
   00093    0.3800   -1241.2031  0.4763 
   00094    0.4000   -1227.5590  0.4702 
   00095    0.4625   -1211.0303  0.4582 
   00096    0.4400   -1201.1912  0.4581 
   00097    0.3825   -1203.3798  0.4611 
   00098    0.4300   -1203.0194  0.4705 
   00099    0.4025   -1203.3843  0.4969 
   00100    0.4175   -1213.4798  0.5127 
   00101    0.4200   -1223.7967  0.5405 
   00102    0.4250   -1240.1892  0.5618 
   00103    0.3925   -1227.1310  0.5466 
   00104    0.3875   -1232.8642  0.5696 
   00105    0.3975   -1228.8097  0.5636 
   00106    0.4575   -1235.9661  0.5683 
   00107    0.3775   -1233.7166  0.5641 
   00108    0.4375   -1254.0556  0.5828 
   00109    0.4250   -1242.4560  0.5825 
   00110    0.4025   -1254.8896  0.5802 
   00111    0.4350   -1243.0153  0.5787 
   00112    0.4275   -1241.5388  0.5877 
   00113    0.3900   -1246.8094  0.5815 
   00114    0.3825   -1241.6298  0.5816 
   00115    0.4375   -1240.5096  0.6016 
   00116    0.4075   -1262.4868  0.6245 
   00117    0.4450   -1248.7250  0.6151 
   00118    0.4450   -1234.6349  0.5996 
   00119    0.4000   -1230.3936  0.5863 
   00120    0.3925   -1221.7557  0.5825 
   00121    0.3975   -1218.5585  0.5987 
   00122    0.3850   -1209.6310  0.6043 
   00123    0.3875   -1228.2058  0.6153 
   00124    0.4350   -1221.4600  0.6255 
   00125    0.4550   -1231.9286  0.6190 
   00126    0.4225   -1230.4788  0.6126 
   00127    0.4050   -1208.4378  0.6250 
   00128    0.4050   -1223.1370  0.6390 
   00129    0.3975   -1235.2501  0.6461 
   00130    0.3850   -1250.2882  0.6471 
   00131    0.3750   -1244.8195  0.6520 
   00132    0.3850   -1256.0432  0.6600 
   00133    0.3775   -1247.8401  0.6617 
   00134    0.4100   -1256.7181  0.6672 
   00135    0.3875   -1256.5246  0.6802 
   00136    0.4125   -1264.2637  0.6875 
   00137    0.4025   -1285.9754  0.7017 
   00138    0.4125   -1277.6125  0.7010 
   00139    0.3925   -1299.2043  0.7092 
   00140    0.4275   -1289.3213  0.7239 
   00141    0.3600   -1302.6987  0.7214 
   00142    0.3800   -1274.6057  0.6958 
   00143    0.3950   -1271.5292  0.6978 
   00144    0.4175   -1250.8627  0.6857 
   00145    0.4350   -1257.1634  0.6976 
   00146    0.4075   -1247.5408  0.6825 
   00147    0.4150   -1253.8710  0.6911 
   00148    0.4075   -1240.7490  0.6951 
   00149    0.3950   -1235.0308  0.6926 
   00150    0.4275   -1249.1324  0.6763 
   00151    0.4325   -1247.1425  0.6933 
   00152    0.4350   -1225.3318  0.6804 
   00153    0.4350   -1239.8073  0.6812 
   00154    0.4025   -1222.8842  0.7096 
   00155    0.4225   -1262.1316  0.7326 
   00156    0.3650   -1286.4836  0.7441 
   00157    0.4425   -1281.8834  0.7475 
   00158    0.4175   -1282.4793  0.7578 
   00159    0.3950   -1292.9126  0.7628 
   00160    0.4075   -1309.4541  0.7872 
   00161    0.3825   -1299.9776  0.7923 
   00162    0.3975   -1289.9349  0.7823 
   00163    0.3675   -1278.2866  0.7778 
   00164    0.4275   -1279.2809  0.7838 
   00165    0.4225   -1264.7216  0.7796 
   00166    0.4400   -1289.9586  0.7827 
   00167    0.4100   -1267.0237  0.7813 
   00168    0.4350   -1272.9563  0.7863 
   00169    0.3950   -1270.7400  0.7848 
   00170    0.4150   -1267.3810  0.7886 
   00171    0.4575   -1264.1956  0.8005 
   00172    0.4350   -1279.4987  0.8028 
   00173    0.3950   -1301.1834  0.8139 
   00174    0.3725   -1267.4388  0.7925 
   00175    0.4700   -1258.1325  0.7803 
   00176    0.3600   -1242.6896  0.7784 
   00177    0.4100   -1235.1360  0.7754 
   00178    0.3825   -1253.6598  0.7758 
   00179    0.3950   -1248.5460  0.7695 
   00180    0.3950   -1253.5389  0.7741 
   00181    0.3475   -1256.8138  0.7675 
   00182    0.4150   -1256.9839  0.7689 
   00183    0.3825   -1249.6208  0.7680 
   00184    0.4125   -1235.5948  0.7552 
   00185    0.4325   -1256.5009  0.7609 
   00186    0.3950   -1275.6410  0.7603 
   00187    0.3825   -1277.5091  0.7626 
   00188    0.3675   -1285.7954  0.7655 
   00189    0.4050   -1270.4277  0.7753 
   00190    0.4250   -1270.7731  0.7678 
   00191    0.4150   -1267.0076  0.7766 
   00192    0.3525   -1281.6386  0.7804 
   00193    0.3950   -1267.1867  0.7766 
   00194    0.4025   -1249.0986  0.7697 
   00195    0.4725   -1249.4471  0.7570 
   00196    0.3875   -1245.3898  0.7520 
   00197    0.3350   -1254.6559  0.7495 
   00198    0.4150   -1249.7328  0.7552 
   00199    0.4075   -1234.4593  0.7458 
   00200    0.4200   -1250.0974  0.7493 
   00201    0.4325   -1248.3503  0.7477 
   00202    0.3900   -1231.0519  0.7433 
   00203    0.4225   -1238.9057  0.7626 
   00204    0.4175   -1214.2926  0.7384 
   00205    0.4025   -1221.0702  0.7344 
   00206    0.4000   -1207.9698  0.7365 
   00207    0.4325   -1153.7322  0.7268 
   00208    0.3875   -1168.6932  0.7341 
   00209    0.4525   -1172.5908  0.7289 
   00210    0.4200   -1176.8500  0.7266 
   00211    0.4475   -1161.2798  0.7214 
   00212    0.4225   -1173.3255  0.7221 
   00213    0.4450   -1212.5635  0.7351 
   00214    0.4000   -1219.3592  0.7117 
   00215    0.4500   -1221.4716  0.7049 
   00216    0.4175   -1208.8219  0.7072 
   00217    0.3875   -1233.6592  0.7167 
   00218    0.4025   -1193.3911  0.6917 
   00219    0.4300   -1214.8309  0.7068 
   00220    0.4275   -1221.6179  0.7134 
   00221    0.3900   -1248.8445  0.7251 
   00222    0.3775   -1262.7145  0.7172 
   00223    0.4050   -1260.7097  0.7408 
   00224    0.4050   -1253.3792  0.7420 
   00225    0.4200   -1242.9742  0.7393 
   00226    0.4100   -1253.0086  0.7446 
   00227    0.4300   -1274.7312  0.7649 
   00228    0.4225   -1281.1784  0.7550 
   00229    0.4475   -1243.4140  0.7429 
   00230    0.3925   -1244.8971  0.7464 
   00231    0.4450   -1254.5334  0.7648 
   00232    0.4275   -1260.5907  0.7667 
   00233    0.3750   -1275.4614  0.7672 
   00234    0.3775   -1273.2731  0.7657 
   00235    0.3550   -1280.8271  0.7747 
   00236    0.4000   -1281.7658  0.7906 
   00237    0.4350   -1287.0558  0.7913 
   00238    0.4050   -1292.6215  0.8017 
   00239    0.4375   -1278.1126  0.8020 
   00240    0.3650   -1272.0477  0.8109 
   00241    0.4150   -1277.8282  0.8095 
   00242    0.3725   -1297.7333  0.8174 
   00243    0.3750   -1288.3756  0.8216 
   00244    0.3950   -1266.1291  0.8106 
   00245    0.3975   -1252.9538  0.8059 
   00246    0.4075   -1244.7788  0.8102 
   00247    0.4425   -1258.8577  0.8085 
   00248    0.4075   -1288.5117  0.8046 
   00249    0.4550   -1264.9071  0.8027 
   00250    0.3775   -1281.9336  0.8105 
   00251    0.3850   -1252.6250  0.7968 
   00252    0.3775   -1274.1650  0.8067 
   00253    0.3575   -1278.3669  0.7907 
   00254    0.3675   -1276.6360  0.7889 
   00255    0.4175   -1288.4398  0.7911 
   00256    0.3500   -1275.8369  0.7866 
   00257    0.3875   -1298.7655  0.8016 
   00258    0.4125   -1296.0294  0.7940 
   00259    0.4250   -1252.0603  0.7827 
   00260    0.4350   -1262.9751  0.7910 
   00261    0.3875   -1277.0593  0.8026 
   00262    0.4000   -1287.9398  0.8109 
   00263    0.3925   -1297.1873  0.8148 
   00264    0.3875   -1320.0575  0.8168 
   00265    0.3675   -1323.0481  0.8169 
   00266    0.3250   -1328.1321  0.8233 
   00267    0.3575   -1335.9285  0.8208 
   00268    0.3750   -1343.0444  0.8188 
   00269    0.4225   -1316.4140  0.8216 
   00270    0.3900   -1324.7455  0.8347 
   00271    0.3475   -1322.6306  0.8260 
   00272    0.3900   -1310.6058  0.8209 
   00273    0.3450   -1326.5216  0.8270 
   00274    0.4300   -1301.4856  0.8163 
   00275    0.3575   -1296.9648  0.8132 
   00276    0.4175   -1293.9048  0.8106 
   00277    0.4275   -1296.5242  0.8197 
   00278    0.4075   -1298.1250  0.8300 
   00279    0.4050   -1303.7923  0.8298 
   00280    0.3775   -1305.8589  0.8418 
   00281    0.3975   -1310.3372  0.8360 
   00282    0.3825   -1286.0271  0.8211 
   00283    0.3925   -1305.3484  0.8347 
   00284    0.4050   -1320.3706  0.8388 
   00285    0.3425   -1298.3527  0.8298 
   00286    0.4075   -1300.7480  0.8265 
   00287    0.4325   -1290.1665  0.8153 
   00288    0.4025   -1276.5205  0.8220 
   00289    0.3825   -1286.6502  0.8241 
   00290    0.4050   -1279.3753  0.8187 
   00291    0.3725   -1280.7425  0.8160 
   00292    0.4250   -1288.3689  0.8150 
   00293    0.4175   -1279.2914  0.8125 
   00294    0.4075   -1282.8553  0.8154 
   00295    0.4275   -1273.7744  0.8064 
   00296    0.3675   -1287.7420  0.8127 
   00297    0.3725   -1293.6945  0.8100 
   00298    0.3925   -1295.7057  0.8100 
   00299    0.4200   -1300.1738  0.8043 
   00300    0.3675   -1291.1269  0.8052 
   00301    0.3775   -1283.0188  0.8157 
   00302    0.3600   -1278.0651  0.8210 
   00303    0.4075   -1289.0466  0.8258 
   00304    0.3750   -1276.6895  0.8341 
   00305    0.4050   -1275.5113  0.8255 
   00306    0.3650   -1255.0195  0.8206 
   00307    0.3875   -1267.1807  0.8137 
   00308    0.4050   -1292.0555  0.8219 
   00309    0.3900   -1294.0240  0.8294 
   00310    0.4050   -1299.2251  0.8253 
   00311    0.3875   -1294.6106  0.8321 
   00312    0.3725   -1304.6744  0.8322 
   00313    0.3775   -1295.0558  0.8200 
   00314    0.4025   -1315.2127  0.8245 
   00315    0.3875   -1295.6780  0.8254 
   00316    0.4275   -1283.0092  0.8160 
   00317    0.3900   -1266.0737  0.8066 
   00318    0.4100   -1292.7641  0.8069 
   00319    0.3975   -1293.1946  0.8063 
   00320    0.4175   -1309.6707  0.8050 
   00321    0.3675   -1301.1609  0.8031 
   00322    0.4250   -1313.4132  0.8106 
   00323    0.4250   -1303.6723  0.8003 
   00324    0.3950   -1302.1294  0.8091 
   00325    0.4150   -1286.2774  0.7983 
   00326    0.4575   -1277.1799  0.7869 
   00327    0.4350   -1271.5345  0.7867 
   00328    0.3775   -1271.9098  0.7826 
   00329    0.4050   -1263.8177  0.7781 
   00330    0.4175   -1252.9440  0.7716 
   00331    0.3300   -1266.1900  0.7828 
   00332    0.3925   -1275.2369  0.7806 
   00333    0.4075   -1273.0147  0.7775 
   00334    0.4025   -1274.8839  0.7869 
   00335    0.4175   -1293.4145  0.7958 
   00336    0.4050   -1283.0279  0.7938 
   00337    0.4075   -1267.1283  0.7864 
   00338    0.4075   -1273.9350  0.7924 
   00339    0.4025   -1284.4639  0.7830 
   00340    0.3800   -1285.6582  0.7853 
   00341    0.4675   -1285.5185  0.7948 
   00342    0.3925   -1274.4705  0.7914 
   00343    0.3925   -1282.5184  0.7923 
   00344    0.3700   -1296.0798  0.7944 
   00345    0.3800   -1326.5922  0.8125 
   00346    0.3900   -1321.1900  0.8159 
   00347    0.4025   -1309.7869  0.7982 
   00348    0.4475   -1315.1211  0.8026 
   00349    0.4200   -1297.7442  0.7941 
   00350    0.3600   -1286.2508  0.7731 
   00351    0.4150   -1273.5917  0.7755 
   00352    0.4050   -1282.9880  0.7644 
   00353    0.3775   -1290.2110  0.7647 
   00354    0.4225   -1290.2619  0.7693 
   00355    0.3725   -1266.0447  0.7552 
   00356    0.4075   -1267.7381  0.7613 
   00357    0.4050   -1268.9106  0.7578 
   00358    0.3850   -1256.7416  0.7583 
   00359    0.4275   -1255.4513  0.7572 
   00360    0.4250   -1288.0270  0.7841 
   00361    0.3950   -1295.1717  0.7780 
   00362    0.3675   -1280.3905  0.7876 
   00363    0.4125   -1276.6012  0.7886 
   00364    0.3825   -1290.3738  0.8166 
   00365    0.4150   -1269.2267  0.7980 
   00366    0.3950   -1292.5703  0.8004 
   00367    0.4450   -1289.7790  0.7875 
   00368    0.4325   -1302.5472  0.8013 
   00369    0.3950   -1294.6347  0.7899 
   00370    0.3625   -1305.1279  0.7916 
   00371    0.4100   -1292.6355  0.7932 
   00372    0.3875   -1279.0712  0.7817 
   00373    0.3525   -1294.9700  0.7793 
   00374    0.3625   -1291.1212  0.7807 
   00375    0.3800   -1299.0092  0.7879 
   00376    0.3775   -1315.1356  0.7925 
   00377    0.3750   -1308.1220  0.7881 
   00378    0.3450   -1302.4128  0.7970 
   00379    0.4000   -1319.4067  0.8177 
   00380    0.3625   -1287.3980  0.8148 
   00381    0.4225   -1290.9214  0.8191 
   00382    0.4350   -1309.4480  0.8361 
   00383    0.4200   -1304.4475  0.8261 
   00384    0.3550   -1323.7012  0.8237 
   00385    0.3400   -1320.7010  0.8260 
   00386    0.3575   -1330.7570  0.8259 
   00387    0.3600   -1339.1730  0.8256 
   00388    0.4275   -1354.2081  0.8371 
   00389    0.3725   -1330.8723  0.8376 
   00390    0.4000   -1333.9942  0.8469 
   00391    0.3975   -1338.6924  0.8488 
   00392    0.3900   -1339.7565  0.8506 
   00393    0.3925   -1338.9849  0.8386 
   00394    0.3575   -1346.5161  0.8368 
   00395    0.3550   -1322.0415  0.8193 
   00396    0.3950   -1319.2821  0.8155 
   00397    0.4025   -1301.3838  0.8263 
   00398    0.3700   -1310.2713  0.8234 
   00399    0.3900   -1305.8646  0.8229 
   00400    0.4050   -1281.8471  0.8188 
   00401    0.4425   -1275.5011  0.8192 
   00402    0.4200   -1291.5760  0.8168 
   00403    0.4025   -1306.7376  0.8224 
   00404    0.3750   -1312.2716  0.8208 
   00405    0.3900   -1301.9636  0.8104 
   00406    0.3675   -1301.2525  0.8134 
   00407    0.4000   -1315.4847  0.8199 
   00408    0.4025   -1306.8066  0.8169 
   00409    0.4175   -1298.4858  0.8136 
   00410    0.3775   -1272.1152  0.8077 
   00411    0.3650   -1269.8844  0.7965 
   00412    0.4300   -1256.9691  0.7854 
   00413    0.3600   -1256.4033  0.7849 
   00414    0.3950   -1223.1597  0.7715 
   00415    0.4225   -1232.8380  0.7772 
   00416    0.3950   -1245.4901  0.7791 
   00417    0.4525   -1241.9313  0.7863 
   00418    0.3825   -1244.9723  0.7924 
   00419    0.4225   -1269.4022  0.7931 
   00420    0.4200   -1268.0841  0.7984 
   00421    0.4275   -1253.8803  0.7920 
   00422    0.3500   -1250.8370  0.7829 
   00423    0.3775   -1253.3897  0.7758 
   00424    0.4125   -1269.1148  0.7742 
   00425    0.4275   -1248.2284  0.7748 
   00426    0.4175   -1256.9297  0.7726 
   00427    0.4100   -1261.6716  0.7757 
   00428    0.4250   -1287.0764  0.7817 
   00429    0.3800   -1282.5038  0.7838 
   00430    0.4050   -1254.3444  0.7754 
   00431    0.3925   -1270.6811  0.7851 
   00432    0.4000   -1267.2988  0.7838 
   00433    0.4200   -1288.6774  0.7851 
   00434    0.4275   -1271.9967  0.7953 
   00435    0.3925   -1284.1144  0.7842 
   00436    0.3950   -1297.9085  0.7990 
   00437    0.4225   -1282.7180  0.7951 
   00438    0.4225   -1293.2032  0.8057 
   00439    0.4075   -1279.9863  0.7849 
   00440    0.3600   -1299.5952  0.7805 
   00441    0.4125   -1292.3351  0.7958 
   00442    0.3775   -1305.0386  0.7929 
   00443    0.3900   -1298.6765  0.7919 
   00444    0.3900   -1298.0607  0.8014 
   00445    0.3750   -1308.8935  0.8025 
   00446    0.3725   -1310.1932  0.8101 
   00447    0.3825   -1314.2184  0.8121 
   00448    0.3825   -1323.1714  0.8177 
   00449    0.4025   -1319.5537  0.8138 
   00450    0.4125   -1301.1335  0.8184 
   00451    0.4225   -1291.3676  0.8024 
   00452    0.3475   -1300.9696  0.8086 
   00453    0.4425   -1288.1592  0.8079 
   00454    0.3500   -1305.7083  0.8059 
   00455    0.4225   -1299.7206  0.8104 
   00456    0.4125   -1271.8607  0.7918 
   00457    0.4200   -1276.5145  0.7878 
   00458    0.3775   -1269.4246  0.7767 
   00459    0.4050   -1251.3946  0.7747 
   00460    0.4275   -1289.2844  0.7881 
   00461    0.4175   -1302.9192  0.7796 
   00462    0.3850   -1280.4526  0.7784 
   00463    0.3575   -1303.2738  0.7849 
   00464    0.3775   -1295.6314  0.7874 
   00465    0.4000   -1273.2870  0.7782 
   00466    0.4150   -1276.5479  0.7814 
   00467    0.3675   -1260.9833  0.7848 
   00468    0.4375   -1316.7435  0.8101 
   00469    0.3900   -1301.8664  0.8060 
   00470    0.3825   -1303.9007  0.8067 
   00471    0.4275   -1304.6568  0.7982 
   00472    0.3750   -1296.2652  0.7996 
   00473    0.3825   -1305.0594  0.8001 
   00474    0.3950   -1303.4884  0.8026 
   00475    0.3800   -1312.3275  0.8135 
   00476    0.3700   -1321.8281  0.8180 
   00477    0.3850   -1300.8104  0.8070 
   00478    0.3650   -1266.1722  0.7884 
   00479    0.3750   -1267.0616  0.8009 
   00480    0.4225   -1288.2470  0.8071 
   00481    0.3700   -1288.9783  0.8034 
   00482    0.4100   -1282.8201  0.7917 
   00483    0.3800   -1306.2169  0.8014 
   00484    0.4075   -1309.3313  0.8108 
   00485    0.4075   -1307.6699  0.8213 
   00486    0.3675   -1286.2433  0.7962 
   00487    0.4450   -1284.7075  0.7807 
   00488    0.4275   -1297.5988  0.7786 
   00489    0.3525   -1279.2835  0.7691 
   00490    0.3775   -1283.4769  0.7725 
   00491    0.3850   -1279.8343  0.7844 
   00492    0.3925   -1308.1126  0.7994 
   00493    0.4000   -1274.2027  0.7829 
   00494    0.3850   -1283.5107  0.7936 
   00495    0.4325   -1294.7575  0.8070 
   00496    0.4500   -1283.1416  0.7983 
   00497    0.3950   -1292.7743  0.8029 
   00498    0.3750   -1278.7183  0.7957 
   00499    0.3825   -1298.7763  0.7993 
   00500    0.3850   -1302.0556  0.8045 
   00501    0.3900   -1278.6028  0.7960 
   00502    0.4325   -1296.6546  0.7912 
   00503    0.4000   -1317.2483  0.8019 
   00504    0.3950   -1310.6623  0.8144 
   00505    0.4000   -1315.6977  0.8160 
   00506    0.4200   -1309.3761  0.8230 
   00507    0.4025   -1340.3478  0.8402 
   00508    0.4025   -1339.0615  0.8437 
   00509    0.4200   -1337.0602  0.8386 
   00510    0.3825   -1338.0974  0.8449 
   00511    0.4200   -1339.9880  0.8449 
   00512    0.4375   -1322.2674  0.8335 
   00513    0.4225   -1312.0002  0.8295 
   00514    0.3850   -1310.1301  0.8354 
   00515    0.3800   -1320.2510  0.8306 
   00516    0.3650   -1323.8393  0.8299 
   00517    0.3700   -1322.8959  0.8286 
   00518    0.3925   -1330.3444  0.8343 
   00519    0.3775   -1319.6367  0.8297 
   00520    0.3675   -1311.1164  0.8146 
   00521    0.3650   -1304.6478  0.8068 
   00522    0.3900   -1299.9613  0.7974 
   00523    0.4100   -1319.7390  0.8063 
   00524    0.4025   -1284.5934  0.7984 
   00525    0.4175   -1277.1234  0.7906 
   00526    0.3875   -1282.2053  0.8070 
   00527    0.4225   -1287.9769  0.8071 
   00528    0.4075   -1270.7315  0.7886 
   00529    0.3975   -1273.2166  0.7911 
   00530    0.4000   -1271.1502  0.7848 
   00531    0.3950   -1288.9281  0.7972 
   00532    0.3725   -1312.9767  0.8022 
   00533    0.3775   -1309.8146  0.8008 
   00534    0.4175   -1281.0370  0.7960 
   00535    0.4200   -1289.2795  0.7995 
   00536    0.3975   -1260.2339  0.7892 
   00537    0.4125   -1271.4913  0.7860 
   00538    0.3725   -1303.8284  0.7979 
   00539    0.3825   -1302.6009  0.8070 
   00540    0.3325   -1286.8244  0.8062 
   00541    0.4325   -1287.0637  0.8083 
   00542    0.3800   -1297.9529  0.8050 
   00543    0.4075   -1302.6046  0.8069 
   00544    0.3800   -1301.8831  0.7985 
   00545    0.4300   -1301.4988  0.7989 
   00546    0.4000   -1289.4853  0.8007 
   00547    0.3675   -1287.0053  0.8083 
   00548    0.3650   -1300.8069  0.8041 
   00549    0.3775   -1294.3558  0.8066 
   00550    0.3800   -1296.0458  0.8034 
   00551    0.3950   -1292.1595  0.8064 
   00552    0.4175   -1307.7026  0.8091 
   00553    0.3875   -1289.7816  0.8021 
   00554    0.3650   -1270.5958  0.8028 
   00555    0.4125   -1277.8104  0.8029 
   00556    0.4300   -1284.6776  0.7997 
   00557    0.4325   -1293.1773  0.8129 
   00558    0.4100   -1309.1991  0.8158 
   00559    0.4100   -1290.6148  0.8151 
   00560    0.3400   -1280.3851  0.8024 
   00561    0.4350   -1277.1018  0.8141 
   00562    0.4200   -1274.2628  0.8068 
   00563    0.3925   -1295.1782  0.8195 
   00564    0.4000   -1291.5615  0.8163 
   00565    0.4075   -1275.8377  0.8186 
   00566    0.4125   -1285.0484  0.8311 
   00567    0.4000   -1295.1028  0.8321 
   00568    0.4275   -1313.2131  0.8480 
   00569    0.3325   -1324.3220  0.8435 
   00570    0.4300   -1329.1810  0.8449 
   00571    0.3600   -1327.2617  0.8476 
   00572    0.4175   -1330.6147  0.8595 
   00573    0.4350   -1313.6169  0.8568 
   00574    0.3725   -1305.1107  0.8524 
   00575    0.3750   -1297.0665  0.8411 
   00576    0.4125   -1274.4710  0.8300 
   00577    0.4550   -1251.1469  0.8198 
   00578    0.4300   -1250.9888  0.8143 
   00579    0.4025   -1247.5230  0.8060 
   00580    0.4400   -1264.1083  0.8152 
   00581    0.4300   -1265.6379  0.8105 
   00582    0.3800   -1284.3904  0.8303 
   00583    0.4050   -1293.6602  0.8256 
   00584    0.3775   -1320.2849  0.8267 
   00585    0.3625   -1325.4871  0.8265 
   00586    0.3850   -1312.3161  0.8247 
   00587    0.4025   -1295.1056  0.8230 
   00588    0.3750   -1290.3988  0.8280 
   00589    0.4225   -1295.3885  0.8253 
   00590    0.3825   -1303.6337  0.8191 
   00591    0.3700   -1299.2986  0.8160 
   00592    0.4150   -1284.9947  0.8027 
   00593    0.4300   -1268.6341  0.7848 
   00594    0.4175   -1295.6892  0.8063 
   00595    0.4125   -1293.8205  0.8133 
   00596    0.3525   -1308.3476  0.8173 
   00597    0.4000   -1307.5033  0.8167 
   00598    0.4300   -1289.5962  0.8114 
   00599    0.3950   -1275.7082  0.8036 
   00600    0.4150   -1278.6302  0.8170 
   00601    0.3850   -1287.2065  0.8180 
   00602    0.3725   -1296.6402  0.8206 
   00603    0.3725   -1302.2859  0.8305 
   00604    0.3925   -1287.3252  0.8218 
   00605    0.4550   -1282.2258  0.8117 
   00606    0.4100   -1294.0700  0.8205 
   00607    0.4050   -1318.5141  0.8279 
   00608    0.3925   -1320.5777  0.8369 
   00609    0.3550   -1337.8827  0.8378 
   00610    0.3625   -1335.8132  0.8335 
   00611    0.3900   -1317.8475  0.8248 
   00612    0.3875   -1322.0096  0.8302 
   00613    0.4100   -1323.9090  0.8245 
   00614    0.3900   -1319.2934  0.8117 
   00615    0.3700   -1328.9350  0.8211 
   00616    0.4000   -1309.1461  0.8137 
   00617    0.4525   -1301.2883  0.8073 
   00618    0.3950   -1301.9305  0.8046 
   00619    0.3925   -1317.1884  0.8020 
   00620    0.3875   -1290.0362  0.7892 
   00621    0.4375   -1288.3829  0.7834 
   00622    0.4000   -1296.3766  0.7908 
   00623    0.3675   -1292.0044  0.7904 
   00624    0.3875   -1301.4752  0.7955 
   00625    0.4125   -1288.1932  0.7933 
   00626    0.3850   -1284.3251  0.7759 
   00627    0.4125   -1287.0297  0.7715 
   00628    0.3675   -1255.7930  0.7686 
   00629    0.3925   -1256.5322  0.7753 
   00630    0.4150   -1270.8837  0.7868 
   00631    0.4400   -1270.5881  0.8028 
   00632    0.4225   -1301.0012  0.8216 
   00633    0.4025   -1285.8630  0.8136 
   00634    0.3400   -1260.8704  0.8014 
   00635    0.4225   -1277.2079  0.8053 
   00636    0.4275   -1282.9501  0.8115 
   00637    0.4025   -1314.1886  0.8383 
   00638    0.3875   -1305.4620  0.8289 
   00639    0.3750   -1279.4826  0.8246 
   00640    0.4250   -1267.5272  0.8261 
   00641    0.3950   -1264.5675  0.8122 
   00642    0.4050   -1295.9705  0.8255 
   00643    0.4050   -1292.8451  0.8314 
   00644    0.3975   -1295.9919  0.8299 
   00645    0.4200   -1319.4119  0.8363 
   00646    0.4025   -1326.1221  0.8365 
   00647    0.3850   -1311.5756  0.8374 
   00648    0.3825   -1306.8099  0.8325 
   00649    0.3850   -1316.9855  0.8469 
   00650    0.3850   -1330.5032  0.8542 
   00651    0.3450   -1336.3776  0.8587 
   00652    0.3800   -1320.4754  0.8414 
   00653    0.3850   -1304.6741  0.8339 
   00654    0.3475   -1292.0947  0.8325 
   00655    0.3800   -1302.0964  0.8251 
   00656    0.4175   -1312.9153  0.8224 
   00657    0.4000   -1302.9667  0.8140 
   00658    0.3925   -1308.7633  0.8297 
   00659    0.3600   -1333.5496  0.8264 
   00660    0.3725   -1318.2191  0.8174 
   00661    0.3900   -1283.1592  0.8015 
   00662    0.4175   -1260.7078  0.7927 
   00663    0.3875   -1275.7228  0.8025 
   00664    0.3975   -1272.7331  0.8055 
   00665    0.4075   -1252.1143  0.7985 
   00666    0.4000   -1273.3288  0.8129 
   00667    0.4100   -1305.0349  0.8363 
   00668    0.3800   -1314.8210  0.8450 
   00669    0.3825   -1313.0618  0.8414 
   00670    0.4125   -1337.6715  0.8516 
   00671    0.4075   -1331.1265  0.8520 
   00672    0.3825   -1329.0146  0.8553 
   00673    0.3975   -1318.4767  0.8523 
   00674    0.3875   -1331.9365  0.8610 
   00675    0.4400   -1343.5725  0.8618 
   00676    0.3800   -1343.0931  0.8598 
   00677    0.3925   -1352.7010  0.8629 
   00678    0.3225   -1359.1203  0.8593 
   00679    0.4175   -1338.3658  0.8543 
   00680    0.4050   -1298.5247  0.8322 
   00681    0.3975   -1306.2340  0.8358 
   00682    0.3825   -1305.7172  0.8305 
   00683    0.3950   -1289.9084  0.8285 
   00684    0.4025   -1297.4549  0.8301 
   00685    0.4250   -1275.5248  0.8096 
   00686    0.4050   -1256.6369  0.8019 
   00687    0.4300   -1256.6633  0.8048 
   00688    0.3725   -1267.3895  0.7976 
   00689    0.3950   -1256.7478  0.7894 
   00690    0.3775   -1258.6880  0.7920 
   00691    0.4050   -1252.7976  0.7915 
   00692    0.4075   -1248.7527  0.7906 
   00693    0.4200   -1216.8652  0.7830 
   00694    0.3850   -1202.3217  0.7825 
   00695    0.4325   -1201.6311  0.7801 
   00696    0.4225   -1215.1537  0.7790 
   00697    0.4025   -1232.0076  0.7890 
   00698    0.4000   -1239.6880  0.7968 
   00699    0.3800   -1272.6231  0.7977 
   00700    0.4425   -1273.2025  0.7969 
   00701    0.3575   -1286.9376  0.7902 
   00702    0.4175   -1285.4377  0.7892 
   00703    0.4450   -1285.5549  0.7877 
   00704    0.4000   -1297.6431  0.7831 
   00705    0.3850   -1287.8677  0.7836 
   00706    0.3925   -1265.3606  0.7788 
   00707    0.4150   -1282.8187  0.7767 
   00708    0.4350   -1287.6688  0.7777 
   00709    0.4300   -1287.9656  0.7932 
   00710    0.4075   -1291.6110  0.7956 
   00711    0.4175   -1294.4428  0.8042 
   00712    0.4250   -1312.2392  0.8179 
   00713    0.4000   -1303.3211  0.8117 
   00714    0.3725   -1287.2731  0.8110 
   00715    0.3900   -1314.1677  0.8236 
   00716    0.3900   -1314.2288  0.8217 
   00717    0.3975   -1296.7315  0.8051 
   00718    0.3700   -1289.6855  0.8097 
   00719    0.3675   -1287.9414  0.8058 
   00720    0.3950   -1301.5716  0.8071 
   00721    0.3750   -1295.5218  0.7920 
   00722    0.4175   -1290.4844  0.7743 
   00723    0.4250   -1283.6526  0.7636 
   00724    0.3950   -1298.2230  0.7826 
   00725    0.3825   -1307.6900  0.7945 
   00726    0.3775   -1293.2437  0.7741 
   00727    0.3500   -1294.4101  0.7632 
   00728    0.4150   -1282.1604  0.7658 
   00729    0.3650   -1292.9333  0.7704 
   00730    0.3800   -1297.4513  0.7861 
   00731    0.3825   -1298.5915  0.7839 
   00732    0.3750   -1283.1584  0.7771 
   00733    0.4150   -1285.8803  0.7722 
   00734    0.4125   -1282.0445  0.7606 
   00735    0.4000   -1263.3180  0.7506 
   00736    0.3975   -1268.6737  0.7590 
   00737    0.3675   -1250.8777  0.7469 
   00738    0.4000   -1259.2997  0.7360 
   00739    0.4175   -1287.2752  0.7423 
   00740    0.3975   -1310.7967  0.7525 
   00741    0.3700   -1305.9207  0.7546 
   00742    0.3925   -1299.9402  0.7460 
   00743    0.3800   -1276.7212  0.7258 
   00744    0.3950   -1286.8671  0.7378 
   00745    0.4275   -1276.4070  0.7407 
   00746    0.4050   -1291.0486  0.7331 
   00747    0.3975   -1277.6157  0.7312 
   00748    0.4425   -1272.0782  0.7262 
   00749    0.4550   -1278.2611  0.7222 
   00750    0.3925   -1245.2142  0.7041 
   00751    0.4350   -1251.3815  0.7032 
   00752    0.4125   -1272.3509  0.7137 
   00753    0.4075   -1271.5216  0.7287 
   00754    0.4050   -1282.1360  0.7281 
   00755    0.3525   -1301.8857  0.7534 
   00756    0.4150   -1284.7642  0.7678 
   00757    0.4175   -1286.3269  0.7661 
   00758    0.4375   -1309.3992  0.7789 
   00759    0.3850   -1293.5657  0.7820 
   00760    0.4400   -1285.5342  0.7861 
   00761    0.3900   -1308.5649  0.7909 
   00762    0.3800   -1318.3886  0.7949 
   00763    0.4250   -1300.1374  0.7976 
   00764    0.4000   -1299.4187  0.7854 
   00765    0.3850   -1269.0829  0.7903 
   00766    0.3875   -1279.7802  0.7946 
   00767    0.4025   -1303.5768  0.8123 
   00768    0.4575   -1301.2370  0.8219 
   00769    0.3550   -1296.9697  0.8305 
   00770    0.4025   -1292.5261  0.8262 
   00771    0.3750   -1285.3051  0.8202 
   00772    0.3925   -1291.4017  0.8137 
   00773    0.3825   -1295.2067  0.8127 
   00774    0.3975   -1300.2632  0.8143 
   00775    0.4000   -1295.0474  0.8176 
   00776    0.3675   -1307.2007  0.8072 
   00777    0.4050   -1290.9071  0.8094 
   00778    0.4150   -1296.8183  0.8145 
   00779    0.3900   -1271.2836  0.8144 
   00780    0.3925   -1284.7723  0.8208 
   00781    0.4400   -1270.9343  0.8110 
   00782    0.4275   -1277.6348  0.8153 
   00783    0.4150   -1284.9172  0.8119 
   00784    0.3875   -1281.6309  0.8058 
   00785    0.3950   -1289.9298  0.7974 
   00786    0.3850   -1305.3366  0.8030 
   00787    0.3700   -1305.7099  0.8080 
   00788    0.3900   -1292.2155  0.8017 
   00789    0.4025   -1301.3951  0.8001 
   00790    0.3700   -1300.2527  0.8009 
   00791    0.3925   -1276.7804  0.7857 
   00792    0.3900   -1287.6167  0.7974 
   00793    0.4350   -1267.3832  0.7961 
   00794    0.4075   -1265.3718  0.7961 
   00795    0.3825   -1269.7112  0.7929 
   00796    0.3925   -1287.3416  0.7997 
   00797    0.4025   -1304.2159  0.8081 
   00798    0.3775   -1312.9757  0.8044 
   00799    0.3650   -1331.7263  0.8193 
   00800    0.3950   -1284.3168  0.7995 
   00801    0.4350   -1268.1546  0.7994 
   00802    0.3925   -1264.5604  0.8101 
   00803    0.4225   -1284.5827  0.8162 
   00804    0.3850   -1293.3886  0.8202 
   00805    0.4050   -1292.2245  0.8211 
   00806    0.3725   -1305.8990  0.8233 
   00807    0.4250   -1276.0824  0.8187 
   00808    0.4150   -1259.8526  0.8037 
   00809    0.4275   -1250.7358  0.7932 
   00810    0.3600   -1299.8935  0.8101 
   00811    0.3975   -1285.0287  0.8125 
   00812    0.4150   -1268.5083  0.7943 
   00813    0.4100   -1252.7019  0.8018 
   00814    0.3850   -1235.4670  0.7911 
   00815    0.4125   -1234.7396  0.7989 
   00816    0.4275   -1241.1010  0.7969 
   00817    0.4450   -1227.7675  0.7942 
   00818    0.3900   -1252.0697  0.8057 
   00819    0.3200   -1288.6011  0.8170 
   00820    0.4275   -1271.9658  0.8133 
   00821    0.3825   -1297.2121  0.8289 
   00822    0.3725   -1318.0635  0.8419 
   00823    0.3825   -1298.8999  0.8365 
   00824    0.3775   -1318.8597  0.8386 
   00825    0.3400   -1317.4085  0.8416 
   00826    0.4250   -1310.8839  0.8313 
   00827    0.3625   -1313.3562  0.8283 
   00828    0.3975   -1316.2118  0.8297 
   00829    0.4350   -1309.5867  0.8254 
   00830    0.3650   -1309.9552  0.8351 
   00831    0.4375   -1304.4772  0.8333 
   00832    0.4125   -1293.0950  0.8265 
   00833    0.4475   -1269.4869  0.8073 
   00834    0.3900   -1262.4011  0.7953 
   00835    0.3600   -1268.9340  0.7901 
   00836    0.3900   -1259.8058  0.7945 
   00837    0.3875   -1262.6152  0.7907 
   00838    0.4275   -1265.5839  0.7958 
   00839    0.4000   -1263.9331  0.7994 
   00840    0.4275   -1271.4397  0.8109 
   00841    0.4225   -1264.7737  0.8051 
   00842    0.4025   -1267.6849  0.8086 
   00843    0.4150   -1257.9459  0.8155 
   00844    0.4050   -1225.6564  0.7939 
   00845    0.4175   -1228.9774  0.7999 
   00846    0.3800   -1236.4105  0.8000 
   00847    0.3950   -1242.7849  0.8014 
   00848    0.4075   -1229.3377  0.7979 
   00849    0.3975   -1238.3961  0.8015 
   00850    0.4325   -1243.9706  0.7906 
   00851    0.4425   -1228.1261  0.7851 
   00852    0.4100   -1265.2488  0.8085 
   00853    0.3800   -1281.4740  0.8114 
   00854    0.3875   -1295.0172  0.8188 
   00855    0.3950   -1289.1723  0.8168 
   00856    0.3750   -1298.8718  0.8149 
   00857    0.3950   -1311.7014  0.8128 
   00858    0.4075   -1305.8284  0.8178 
   00859    0.3875   -1295.7882  0.8089 
   00860    0.4325   -1283.8116  0.7966 
   00861    0.4125   -1264.8399  0.7872 
   00862    0.4025   -1266.2523  0.7957 
   00863    0.4125   -1276.0735  0.8009 
   00864    0.4050   -1259.1134  0.7907 
   00865    0.4125   -1242.9786  0.7766 
   00866    0.4000   -1230.3905  0.7815 
   00867    0.4200   -1223.1083  0.7684 
   00868    0.4200   -1214.9739  0.7533 
   00869    0.3775   -1237.0567  0.7552 
   00870    0.4050   -1227.7933  0.7513 
   00871    0.4150   -1272.6904  0.7785 
   00872    0.4100   -1279.6981  0.7854 
   00873    0.4200   -1268.8532  0.7774 
   00874    0.4225   -1270.0312  0.7738 
   00875    0.3825   -1248.4646  0.7595 
   00876    0.3875   -1262.5886  0.7683 
   00877    0.4250   -1249.5659  0.7639 
   00878    0.3950   -1239.3221  0.7591 
   00879    0.4550   -1230.8084  0.7496 
   00880    0.4000   -1265.2032  0.7667 
   00881    0.4100   -1240.5991  0.7572 
   00882    0.3950   -1264.3938  0.7548 
   00883    0.4275   -1240.7325  0.7458 
   00884    0.4375   -1225.3403  0.7322 
   00885    0.4225   -1247.3498  0.7518 
   00886    0.4775   -1235.1653  0.7526 
   00887    0.4200   -1239.9838  0.7478 
   00888    0.4075   -1270.2416  0.7632 
   00889    0.3700   -1258.0830  0.7644 
   00890    0.4000   -1263.1756  0.7778 
   00891    0.3975   -1283.0258  0.7814 
   00892    0.4000   -1282.6352  0.7817 
   00893    0.3900   -1316.6325  0.7945 
   00894    0.3775   -1293.1815  0.7975 
   00895    0.3800   -1293.2476  0.7975 
   00896    0.3950   -1292.8937  0.8082 
   00897    0.3900   -1282.3171  0.8043 
   00898    0.4125   -1297.6243  0.8049 
   00899    0.4075   -1273.7913  0.7937 
   00900    0.4000   -1312.6724  0.8029 
   00901    0.4050   -1301.6159  0.7971 
   00902    0.4350   -1296.0939  0.7863 
   00903    0.3825   -1296.9082  0.7911 
   00904    0.4100   -1260.7184  0.7647 
   00905    0.4200   -1229.4180  0.7584 
   00906    0.4150   -1237.7895  0.7497 
   00907    0.4200   -1227.8140  0.7414 
   00908    0.4425   -1265.5991  0.7616 
   00909    0.4275   -1250.5337  0.7622 
   00910    0.3750   -1239.5127  0.7575 
   00911    0.3825   -1235.1906  0.7599 
   00912    0.4475   -1240.9227  0.7647 
   00913    0.4300   -1264.5424  0.7658 
   00914    0.4125   -1265.2182  0.7659 
   00915    0.4000   -1279.1383  0.7677 
   00916    0.4150   -1274.9785  0.7690 
   00917    0.3525   -1307.2909  0.7825 
   00918    0.4175   -1288.9371  0.7769 
   00919    0.4250   -1311.3609  0.8070 
   00920    0.4325   -1307.4300  0.8098 
   00921    0.4000   -1291.6590  0.8041 
   00922    0.3650   -1266.0104  0.7942 
   00923    0.3875   -1263.3594  0.7934 
   00924    0.4075   -1258.5757  0.7814 
   00925    0.4225   -1263.5026  0.7761 
   00926    0.4125   -1300.9600  0.8053 
   00927    0.4025   -1277.2608  0.7941 
   00928    0.4200   -1283.7014  0.7968 
   00929    0.3700   -1300.0165  0.8051 
   00930    0.3800   -1275.5906  0.7986 
   00931    0.4725   -1277.4497  0.8066 
   00932    0.4200   -1294.0161  0.8067 
   00933    0.4200   -1296.6864  0.8117 
   00934    0.3900   -1286.4010  0.8095 
   00935    0.3600   -1293.0530  0.8105 
   00936    0.3875   -1302.6105  0.8214 
   00937    0.3975   -1301.1746  0.8247 
   00938    0.4075   -1295.4071  0.8071 
   00939    0.4175   -1287.5985  0.7980 
   00940    0.3700   -1286.3453  0.7998 
   00941    0.4050   -1276.4974  0.7997 
   00942    0.4000   -1277.4323  0.7969 
   00943    0.4450   -1296.5364  0.8063 
   00944    0.3875   -1292.5711  0.8104 
   00945    0.3825   -1301.5505  0.8190 
   00946    0.3875   -1301.5679  0.8231 
   00947    0.3575   -1308.2317  0.8380 
   00948    0.3725   -1291.9765  0.8249 
   00949    0.4150   -1291.2543  0.8203 
   00950    0.4000   -1292.2773  0.8246 
   00951    0.4000   -1283.5232  0.8220 
   00952    0.3700   -1303.1785  0.8171 
   00953    0.3900   -1282.2253  0.8082 
   00954    0.4075   -1279.6304  0.8101 
   00955    0.4225   -1256.9670  0.8050 
   00956    0.4100   -1272.5179  0.8173 
   00957    0.4100   -1264.8764  0.8231 
   00958    0.3725   -1255.0544  0.8148 
   00959    0.4075   -1273.2197  0.8282 
   00960    0.3575   -1238.3755  0.8130 
   00961    0.4050   -1235.5212  0.8094 
   00962    0.3800   -1248.3570  0.8143 
   00963    0.3975   -1250.2708  0.8205 
   00964    0.4300   -1252.6128  0.8137 
   00965    0.4400   -1255.7876  0.8282 
   00966    0.4350   -1267.3265  0.8280 
   00967    0.4050   -1283.2101  0.8389 
   00968    0.4425   -1288.4134  0.8389 
   00969    0.3975   -1304.1819  0.8479 
   00970    0.4175   -1281.3561  0.8431 
   00971    0.4025   -1286.9188  0.8437 
   00972    0.4175   -1245.7470  0.8203 
   00973    0.3900   -1261.5545  0.8406 
   00974    0.4250   -1296.0215  0.8504 
   00975    0.4075   -1297.2666  0.8504 
   00976    0.4300   -1267.1005  0.8250 
   00977    0.4100   -1266.1372  0.8170 
   00978    0.4425   -1266.9940  0.8041 
   00979    0.4275   -1269.3178  0.8081 
   00980    0.4000   -1253.6522  0.8037 
   00981    0.4075   -1256.4198  0.8001 
   00982    0.4325   -1292.6778  0.8246 
   00983    0.4300   -1297.0986  0.8178 
   00984    0.3850   -1323.4175  0.8273 
   00985    0.3700   -1295.5970  0.8171 
   00986    0.3700   -1291.1939  0.8093 
   00987    0.4300   -1288.3829  0.8018 
   00988    0.3725   -1296.8351  0.8082 
   00989    0.3525   -1291.0946  0.8109 
   00990    0.3925   -1287.6767  0.8147 
   00991    0.3700   -1276.8933  0.8060 
   00992    0.3925   -1302.2451  0.8096 
   00993    0.3800   -1294.5585  0.8107 
   00994    0.3925   -1287.2774  0.8004 
   00995    0.4400   -1300.2290  0.8100 
   00996    0.3775   -1304.5866  0.8099 
   00997    0.3525   -1296.5534  0.8167 
   00998    0.4200   -1291.2676  0.8082 
   00999    0.4200   -1289.2010  0.8058 
   01000    0.4225   -1312.0615  0.8033 
