#=====================================================
# File created:        Tue-03-Mar-2026-at-11-34-27PM
# Size of lattice:     20x20
# Number of MC steps:  1000
# Reduced temperature: 0.800
# Run time (s):        9.563274
#=====================================================
# MC step:  Ratio:     Energy:   Order:
#=====================================================
   00000    0.5000    -435.4726  0.2887 
   00001    0.6800    -598.6700  0.2944 
   00002    0.6025    -736.0217  0.2835 
   00003    0.5600    -826.3208  0.2893 
   00004    0.5300    -881.1838  0.2998 
   00005    0.5200    -882.5126  0.2983 
   00006    0.5100    -913.6982  0.2805 
   00007    0.4950    -936.6354  0.2747 
   00008    0.5025    -946.3238  0.2821 
   00009    0.4975    -935.8835  0.3004 
   00010    0.4800    -972.1880  0.2905 
   00011    0.4525    -977.0297  0.2932 
   00012    0.4650    -991.0674  0.3080 
   00013    0.4800    -976.3454  0.3360 
   00014    0.4425   -1003.7864  0.3433 
   00015    0.4500   -1017.3148  0.3608 
   00016    0.5050   -1027.2661  0.3583 
   00017    0.4550   -1032.8721  0.3659 
   00018    0.4350   -1014.5929  0.3438 
   00019    0.4525   -1035.4972  0.3710 
   00020    0.4850   -1021.1214  0.3358 
   00021    0.4950   -1027.8579  0.3482 
   00022    0.4550   -1039.7362  0.3712 
   00023    0.4500   -1030.0547  0.3698 
   00024    0.5000    -987.6855  0.3840 
   00025    0.4650    -962.9574  0.3684 
   00026    0.4900    -982.9106  0.3883 
   00027    0.4825    -998.0075  0.3819 
   00028    0.4725    -998.7173  0.3686 
   00029    0.4575   -1024.0177  0.4215 
   00030    0.4450   -1043.6613  0.4364 
   00031    0.4775   -1028.1873  0.4509 
   00032    0.4650   -1058.9339  0.4719 
   00033    0.4575   -1043.1707  0.5018 
   00034    0.4525   -1052.5298  0.5084 
   00035    0.5000   -1048.8794  0.4912 
   00036    0.5050   -1064.1735  0.4927 
   00037    0.4600   -1061.5294  0.4886 
   00038    0.4275   -1048.2525  0.4843 
   00039    0.4400   -1064.3200  0.4604 
   00040    0.4625   -1086.0770  0.4728 
   00041    0.4150   -1077.0800  0.4874 
   00042    0.4275   -1075.8162  0.4723 
   00043    0.4550   -1089.5012  0.4873 
   00044    0.4500   -1083.9564  0.4955 
   00045    0.4750   -1114.5190  0.5155 
   00046    0.4375   -1086.0078  0.4998 
   00047    0.4375   -1085.4547  0.5151 
   00048    0.4250   -1096.5493  0.5136 
   00049    0.4350   -1128.8461  0.5248 
   00050    0.4550   -1165.5115  0.5424 
   00051    0.3950   -1174.3057  0.5377 
   00052    0.4000   -1154.2775  0.5350 
   00053    0.4525   -1117.2861  0.5054 
   00054    0.4450   -1107.4263  0.5214 
   00055    0.4400   -1098.9845  0.5212 
   00056    0.4000   -1118.9318  0.5413 
   00057    0.4425   -1120.9489  0.5567 
   00058    0.4300   -1099.8873  0.5495 
   00059    0.4325   -1103.8800  0.5366 
   00060    0.4925   -1083.8484  0.5439 
   00061    0.4425   -1092.0335  0.5710 
   00062    0.4175   -1093.5836  0.5577 
   00063    0.4450   -1131.9376  0.5761 
   00064    0.4200   -1117.3050  0.5715 
   00065    0.3850   -1093.3503  0.5654 
   00066    0.3925   -1115.7962  0.5854 
   00067    0.4500   -1119.2425  0.5834 
   00068    0.4550   -1106.6654  0.6030 
   00069    0.4525   -1091.9240  0.5630 
   00070    0.4425   -1103.9531  0.5732 
   00071    0.4325   -1120.9343  0.5833 
   00072    0.4325   -1134.2268  0.5745 
   00073    0.4400   -1118.3145  0.5704 
   00074    0.4775   -1109.5317  0.5787 
   00075    0.4125   -1091.8945  0.5590 
   00076    0.4250   -1100.1280  0.5589 
   00077    0.4100   -1147.3745  0.5757 
   00078    0.4100   -1152.5890  0.5515 
   00079    0.4250   -1136.3173  0.5365 
   00080    0.4000   -1139.5676  0.5415 
   00081    0.4250   -1159.1354  0.5553 
   00082    0.3925   -1135.8646  0.5530 
   00083    0.4300   -1114.3725  0.5418 
   00084    0.4550   -1125.7409  0.5630 
   00085    0.4675   -1115.2901  0.5727 
   00086    0.4050   -1084.2339  0.5675 
   00087    0.4275   -1095.9534  0.5868 
   00088    0.4625   -1089.1239  0.5837 
   00089    0.4400   -1107.0604  0.5845 
   00090    0.4250   -1142.3144  0.5699 
   00091    0.4250   -1138.9434  0.5722 
   00092    0.4350   -1145.7584  0.5708 
   00093    0.3825   -1122.8369  0.5603 
   00094    0.4350   -1151.8012  0.5648 
   00095    0.4450   -1135.4632  0.5802 
   00096    0.4275   -1169.2766  0.5923 
   00097    0.4100   -1144.4475  0.5712 
   00098    0.4475   -1132.9744  0.5695 
   00099    0.4375   -1132.3377  0.5743 
   00100    0.4700   -1125.4950  0.6182 
   00101    0.4275   -1121.1081  0.6238 
   00102    0.4150   -1143.1937  0.6291 
   00103    0.4075   -1147.1271  0.6137 
   00104    0.3950   -1146.4801  0.6015 
   00105    0.4275   -1134.6502  0.5973 
   00106    0.4350   -1129.7481  0.6071 
   00107    0.4025   -1150.2468  0.6046 
   00108    0.4600   -1121.7581  0.6154 
   00109    0.4450   -1116.7965  0.6178 
   00110    0.4475   -1082.1586  0.6141 
   00111    0.4175   -1114.5754  0.6047 
   00112    0.4675   -1126.6004  0.6031 
   00113    0.4025   -1122.0971  0.5798 
   00114    0.4375   -1104.3225  0.5518 
   00115    0.4525   -1147.7065  0.5529 
   00116    0.4275   -1130.1909  0.5614 
   00117    0.4325   -1142.5993  0.5797 
   00118    0.4125   -1130.1334  0.6051 
   00119    0.4375   -1123.9927  0.6271 
   00120    0.4575   -1108.5339  0.6015 
   00121    0.4225   -1146.1942  0.6135 
   00122    0.3325   -1175.3764  0.6125 
   00123    0.4250   -1195.8106  0.6403 
   00124    0.4000   -1183.6711  0.6522 
   00125    0.4350   -1192.4640  0.6637 
   00126    0.3625   -1181.1369  0.6731 
   00127    0.4425   -1184.2912  0.6765 
   00128    0.3975   -1189.8387  0.6801 
   00129    0.4175   -1178.3014  0.6560 
   00130    0.4400   -1144.8826  0.6439 
   00131    0.4600   -1158.6895  0.6621 
   00132    0.4150   -1169.4618  0.6792 
   00133    0.4600   -1132.0897  0.6782 
   00134    0.4450   -1105.9118  0.6851 
   00135    0.4475   -1102.1439  0.7070 
   00136    0.4150   -1124.3372  0.6958 
   00137    0.4750   -1160.0639  0.7045 
   00138    0.4150   -1166.2330  0.7289 
   00139    0.4125   -1181.7976  0.7317 
   00140    0.3925   -1180.9991  0.7163 
   00141    0.4400   -1194.3136  0.7463 
   00142    0.4225   -1184.9855  0.7273 
   00143    0.3575   -1193.6758  0.7251 
   00144    0.3750   -1206.0311  0.7356 
   00145    0.4225   -1195.2936  0.7384 
   00146    0.4100   -1189.9533  0.7497 
   00147    0.3950   -1187.1104  0.7470 
   00148    0.3950   -1176.2259  0.7254 
   00149    0.3825   -1199.4317  0.7326 
   00150    0.4400   -1194.6521  0.7439 
   00151    0.3775   -1173.6197  0.7370 
   00152    0.4200   -1156.8979  0.7281 
   00153    0.4325   -1171.5680  0.7246 
   00154    0.4050   -1153.9901  0.7239 
   00155    0.4250   -1126.8107  0.7240 
   00156    0.4475   -1151.9430  0.7323 
   00157    0.4250   -1146.9961  0.7260 
   00158    0.4425   -1138.9370  0.7304 
   00159    0.4300   -1144.8549  0.7322 
   00160    0.4075   -1161.8240  0.7457 
   00161    0.4175   -1173.6013  0.7556 
   00162    0.4350   -1208.4404  0.7657 
   00163    0.4050   -1202.1083  0.7577 
   00164    0.4350   -1199.3370  0.7620 
   00165    0.3975   -1189.6163  0.7641 
   00166    0.4300   -1220.3840  0.7801 
   00167    0.3700   -1218.6356  0.7709 
   00168    0.4050   -1206.0962  0.7671 
   00169    0.4075   -1200.4026  0.7584 
   00170    0.3700   -1191.4987  0.7430 
   00171    0.3925   -1182.9762  0.7370 
   00172    0.4200   -1164.3635  0.7353 
   00173    0.4025   -1126.4789  0.7217 
   00174    0.4050   -1118.9712  0.7280 
   00175    0.4375   -1139.5925  0.7304 
   00176    0.4000   -1143.7055  0.7212 
   00177    0.4350   -1114.2933  0.7068 
   00178    0.4025   -1110.0554  0.6992 
   00179    0.4350   -1119.9775  0.7082 
   00180    0.3800   -1137.2352  0.7140 
   00181    0.4000   -1167.5964  0.7127 
   00182    0.4225   -1169.1333  0.7089 
   00183    0.4700   -1149.7853  0.7018 
   00184    0.4025   -1134.4674  0.6963 
   00185    0.4650   -1137.2124  0.6865 
   00186    0.4075   -1126.6049  0.6904 
   00187    0.4275   -1141.2498  0.7028 
   00188    0.4175   -1156.7032  0.7143 
   00189    0.4250   -1140.2102  0.7125 
   00190    0.3850   -1154.6912  0.7036 
   00191    0.4150   -1168.9723  0.6960 
   00192    0.4250   -1166.7865  0.6991 
   00193    0.4075   -1166.8786  0.6827 
   00194    0.4250   -1147.3256  0.6570 
   00195    0.4400   -1151.3869  0.6729 
   00196    0.4075   -1161.9171  0.7027 
   00197    0.4750   -1146.8928  0.6957 
   00198    0.4425   -1114.3364  0.6660 
   00199    0.4225   -1142.5360  0.6586 
   00200    0.4550   -1132.4226  0.6817 
   00201    0.3600   -1109.7999  0.6630 
   00202    0.4450   -1115.0251  0.6624 
   00203    0.4225   -1123.8420  0.6865 
   00204    0.4575   -1120.0307  0.6891 
   00205    0.4425   -1156.3270  0.6840 
   00206    0.3775   -1159.5211  0.6924 
   00207    0.4400   -1132.3162  0.6784 
   00208    0.4300   -1108.4553  0.6747 
   00209    0.4375   -1092.2395  0.6614 
   00210    0.4325   -1084.4605  0.6692 
   00211    0.4000   -1091.1743  0.6594 
   00212    0.4250   -1063.9923  0.6382 
   00213    0.4400   -1100.9865  0.6603 
   00214    0.4750   -1083.1128  0.6579 
   00215    0.4675   -1089.2588  0.6422 
   00216    0.4325   -1111.0380  0.6379 
   00217    0.4600   -1115.0676  0.6276 
   00218    0.4100   -1106.0366  0.5998 
   00219    0.4825   -1087.6529  0.6001 
   00220    0.4375   -1125.6024  0.6018 
   00221    0.4475   -1107.3444  0.6053 
   00222    0.4250   -1122.0436  0.6262 
   00223    0.4275   -1095.4704  0.6078 
   00224    0.4225   -1071.4281  0.5883 
   00225    0.4000   -1079.9298  0.6060 
   00226    0.4650   -1094.4494  0.6251 
   00227    0.4800   -1093.9052  0.6114 
   00228    0.4325   -1100.6665  0.6221 
   00229    0.4650   -1093.1084  0.6231 
   00230    0.4475   -1131.2261  0.6208 
   00231    0.4475   -1133.6293  0.6188 
   00232    0.4200   -1138.2395  0.6114 
   00233    0.4225   -1135.3516  0.6106 
   00234    0.4000   -1145.5390  0.6292 
   00235    0.4000   -1139.6310  0.6577 
   00236    0.4325   -1108.0398  0.6436 
   00237    0.4400   -1101.1122  0.6475 
   00238    0.4000   -1105.7160  0.6505 
   00239    0.4200   -1123.4457  0.6575 
   00240    0.4525   -1102.5987  0.6588 
   00241    0.4075   -1089.0136  0.6400 
   00242    0.4300   -1110.4724  0.6574 
   00243    0.4075   -1122.1934  0.6669 
   00244    0.3650   -1131.6694  0.6853 
   00245    0.4100   -1116.1707  0.6623 
   00246    0.4250   -1138.0369  0.6677 
   00247    0.4250   -1145.2306  0.6638 
   00248    0.4250   -1147.2066  0.6684 
   00249    0.3925   -1159.8007  0.6676 
   00250    0.4150   -1183.5715  0.6728 
   00251    0.4300   -1174.5401  0.6825 
   00252    0.3450   -1193.7764  0.6902 
   00253    0.3775   -1166.1717  0.6827 
   00254    0.3800   -1165.8412  0.6910 
   00255    0.4075   -1186.2552  0.6971 
   00256    0.3850   -1212.5425  0.7274 
   00257    0.3950   -1215.5312  0.7144 
   00258    0.4075   -1207.5081  0.7104 
   00259    0.4125   -1207.5341  0.7252 
   00260    0.3950   -1195.0213  0.7359 
   00261    0.4025   -1203.7664  0.7327 
   00262    0.4025   -1196.2866  0.7150 
   00263    0.4225   -1190.8531  0.6957 
   00264    0.4200   -1178.3089  0.6922 
   00265    0.4300   -1163.5283  0.6786 
   00266    0.3800   -1160.2153  0.6945 
   00267    0.4325   -1155.0328  0.6884 
   00268    0.3900   -1159.3520  0.6756 
   00269    0.4375   -1140.8793  0.6874 
   00270    0.4175   -1125.8481  0.6888 
   00271    0.4450   -1130.2790  0.6757 
   00272    0.4450   -1111.9079  0.6744 
   00273    0.4125   -1105.4677  0.6606 
   00274    0.4150   -1111.3040  0.6700 
   00275    0.3775   -1129.3140  0.6783 
   00276    0.4250   -1128.2280  0.6568 
   00277    0.3975   -1126.6879  0.6598 
   00278    0.4200   -1134.6085  0.6680 
   00279    0.4800   -1110.1190  0.6699 
   00280    0.4150   -1159.1991  0.6849 
   00281    0.4525   -1177.5359  0.7146 
   00282    0.4275   -1179.6593  0.7237 
   00283    0.4325   -1187.9794  0.7305 
   00284    0.3850   -1183.6596  0.7172 
   00285    0.4175   -1184.9417  0.7061 
   00286    0.4325   -1174.4385  0.6860 
   00287    0.4200   -1158.7324  0.6852 
   00288    0.4175   -1188.3003  0.6817 
   00289    0.4000   -1173.1979  0.6804 
   00290    0.3625   -1163.7215  0.6836 
   00291    0.3875   -1166.8298  0.6779 
   00292    0.3875   -1157.3182  0.6689 
   00293    0.3925   -1138.4742  0.6655 
   00294    0.3850   -1147.6596  0.6751 
   00295    0.4075   -1182.4597  0.6856 
   00296    0.4200   -1194.4510  0.7140 
   00297    0.4000   -1179.3518  0.7045 
   00298    0.3775   -1186.8831  0.7008 
   00299    0.4075   -1191.0939  0.7031 
   00300    0.3725   -1170.1670  0.6997 
   00301    0.4500   -1191.3565  0.7243 
   00302    0.4125   -1221.3453  0.7482 
   00303    0.3750   -1220.9557  0.7530 
   00304    0.3400   -1258.7495  0.7632 
   00305    0.3725   -1225.6800  0.7574 
   00306    0.4150   -1212.1475  0.7432 
   00307    0.3650   -1217.7208  0.7531 
   00308    0.4050   -1190.7002  0.7443 
   00309    0.3475   -1195.9515  0.7502 
   00310    0.4175   -1222.1166  0.7487 
   00311    0.4175   -1189.8203  0.7437 
   00312    0.3925   -1168.6359  0.7324 
   00313    0.4100   -1163.5748  0.7379 
   00314    0.4025   -1178.3255  0.7518 
   00315    0.4150   -1160.5347  0.7382 
   00316    0.4050   -1150.7441  0.7267 
   00317    0.3950   -1133.4553  0.7116 
   00318    0.4275   -1111.2257  0.6890 
   00319    0.4075   -1121.9854  0.7048 
   00320    0.4350   -1158.8591  0.7069 
   00321    0.3575   -1164.0110  0.7216 
   00322    0.3975   -1144.5362  0.7110 
   00323    0.4450   -1151.1101  0.7055 
   00324    0.4275   -1171.2899  0.7001 
   00325    0.4075   -1161.5642  0.7120 
   00326    0.3800   -1183.5694  0.7207 
   00327    0.4375   -1202.0219  0.7205 
   00328    0.3825   -1195.9423  0.7072 
   00329    0.4325   -1201.4206  0.7076 
   00330    0.4200   -1179.6615  0.6943 
   00331    0.3925   -1156.1909  0.6858 
   00332    0.4150   -1111.9465  0.6781 
   00333    0.3825   -1134.7662  0.6924 
   00334    0.4375   -1133.7175  0.6766 
   00335    0.4100   -1167.2313  0.6901 
   00336    0.3800   -1174.0991  0.6892 
   00337    0.4150   -1153.2952  0.6881 
   00338    0.4100   -1169.8597  0.6902 
   00339    0.4575   -1130.5737  0.6607 
   00340    0.4225   -1122.4499  0.6484 
   00341    0.4250   -1133.7408  0.6696 
   00342    0.4600   -1132.0134  0.6806 
   00343    0.3875   -1148.4207  0.6932 
   00344    0.4475   -1173.6802  0.6991 
   00345    0.4275   -1199.2356  0.6781 
   00346    0.4325   -1193.7825  0.6866 
   00347    0.4325   -1175.3469  0.6774 
   00348    0.4100   -1151.6567  0.6602 
   00349    0.4075   -1168.1288  0.6547 
   00350    0.4025   -1171.1509  0.6617 
   00351    0.3950   -1165.4733  0.6606 
   00352    0.3975   -1175.5628  0.6732 
   00353    0.3975   -1168.2466  0.6774 
   00354    0.4000   -1152.7737  0.6579 
   00355    0.4200   -1140.5903  0.6640 
   00356    0.3950   -1147.4600  0.6583 
   00357    0.4175   -1126.8357  0.6485 
   00358    0.4450   -1106.2638  0.6454 
   00359    0.4475   -1065.1132  0.6302 
   00360    0.4900   -1066.9374  0.6260 
   00361    0.4825   -1062.3083  0.6276 
   00362    0.4500   -1084.0857  0.6181 
   00363    0.4250   -1072.0594  0.5935 
   00364    0.4275   -1088.0459  0.5809 
   00365    0.4350   -1131.0861  0.5964 
   00366    0.4325   -1099.6226  0.5927 
   00367    0.4700   -1127.4004  0.5811 
   00368    0.4425   -1118.5478  0.5659 
   00369    0.4300   -1116.9583  0.5821 
   00370    0.4725   -1129.2379  0.6000 
   00371    0.4425   -1131.7667  0.6090 
   00372    0.4275   -1134.8083  0.6256 
   00373    0.3975   -1155.8172  0.6313 
   00374    0.3675   -1148.7593  0.6435 
   00375    0.3925   -1168.9311  0.6493 
   00376    0.4250   -1155.0130  0.6393 
   00377    0.4475   -1117.0631  0.6546 
   00378    0.4350   -1129.8804  0.6708 
   00379    0.4250   -1139.7055  0.6682 
   00380    0.4200   -1136.2402  0.6539 
   00381    0.3700   -1118.6678  0.6526 
   00382    0.3850   -1119.9299  0.6458 
   00383    0.3975   -1121.0533  0.6468 
   00384    0.4450   -1124.9128  0.6436 
   00385    0.4025   -1156.8149  0.6625 
   00386    0.3975   -1145.3301  0.6468 
   00387    0.4250   -1140.3095  0.6411 
   00388    0.3975   -1128.6450  0.6339 
   00389    0.4200   -1114.4474  0.6260 
   00390    0.4100   -1115.3524  0.6230 
   00391    0.4300   -1138.2175  0.6240 
   00392    0.4150   -1082.0915  0.5953 
   00393    0.4625   -1073.5336  0.5824 
   00394    0.4575   -1085.3597  0.6114 
   00395    0.4000   -1067.7461  0.5837 
   00396    0.4725   -1093.2167  0.5874 
   00397    0.4375   -1076.8801  0.5905 
   00398    0.4350   -1090.6405  0.5893 
   00399    0.4325   -1094.4434  0.5544 
   00400    0.4575   -1073.8233  0.5520 
   00401    0.4500   -1083.3377  0.5694 
   00402    0.4350   -1101.8594  0.5737 
   00403    0.4200   -1097.7080  0.5786 
   00404    0.4725   -1071.5203  0.5415 
   00405    0.4275   -1092.6984  0.5600 
   00406    0.3950   -1080.8369  0.5658 
   00407    0.4300   -1065.9074  0.5680 
   00408    0.4775   -1031.8961  0.5792 
   00409    0.4425   -1055.2489  0.5983 
   00410    0.4650   -1117.0221  0.6096 
   00411    0.4325   -1145.6732  0.6072 
   00412    0.3825   -1128.0649  0.6176 
   00413    0.4475   -1120.3538  0.6230 
   00414    0.4100   -1110.6068  0.6370 
   00415    0.4075   -1116.5393  0.6459 
   00416    0.4525   -1097.4120  0.6537 
   00417    0.4550   -1099.7441  0.6545 
   00418    0.4100   -1077.5013  0.6385 
   00419    0.4600   -1095.8584  0.6492 
   00420    0.4200   -1095.2035  0.6447 
   00421    0.4225   -1141.2457  0.6721 
   00422    0.3900   -1167.6416  0.6703 
   00423    0.4325   -1167.7661  0.6709 
   00424    0.4150   -1170.8324  0.6715 
   00425    0.4025   -1182.1922  0.6674 
   00426    0.3975   -1189.2004  0.6630 
   00427    0.3850   -1189.4996  0.6650 
   00428    0.3875   -1187.4531  0.6500 
   00429    0.4050   -1165.5341  0.6499 
   00430    0.4325   -1155.2292  0.6284 
   00431    0.3725   -1165.0495  0.6505 
   00432    0.3825   -1185.6474  0.6592 
   00433    0.3925   -1158.6620  0.6637 
   00434    0.4000   -1147.1266  0.6468 
   00435    0.4125   -1147.1836  0.6546 
   00436    0.4100   -1149.1025  0.6498 
   00437    0.4050   -1159.1382  0.6539 
   00438    0.4100   -1176.2611  0.6813 
   00439    0.4200   -1154.0970  0.6623 
   00440    0.4625   -1145.1717  0.6493 
   00441    0.4000   -1143.8507  0.6574 
   00442    0.4200   -1155.9380  0.6633 
   00443    0.4300   -1168.5188  0.6654 
   00444    0.4250   -1157.1654  0.6433 
   00445    0.3875   -1168.2218  0.6584 
   00446    0.4375   -1181.4185  0.6717 
   00447    0.3950   -1183.5164  0.6709 
   00448    0.3900   -1155.3534  0.6555 
   00449    0.4225   -1109.0363  0.6478 
   00450    0.4300   -1127.9365  0.6525 
   00451    0.4200   -1124.2239  0.6524 
   00452    0.4175   -1096.6822  0.6328 
   00453    0.4425   -1103.7148  0.6430 
   00454    0.4250   -1117.9613  0.6434 
   00455    0.4225   -1124.9666  0.6412 
   00456    0.3950   -1083.4302  0.6432 
   00457    0.4175   -1103.9922  0.6600 
   00458    0.4125   -1105.8211  0.6585 
   00459    0.4350   -1093.7439  0.6525 
   00460    0.4800   -1113.9602  0.6661 
   00461    0.4500   -1131.2758  0.6712 
   00462    0.4225   -1118.4407  0.6871 
   00463    0.4125   -1086.5037  0.6880 
   00464    0.3650   -1134.9821  0.7025 
   00465    0.4600   -1111.7260  0.6784 
   00466    0.4050   -1120.6096  0.6597 
   00467    0.4325   -1159.5943  0.6826 
   00468    0.4175   -1162.8220  0.6733 
   00469    0.4450   -1177.6975  0.6651 
   00470    0.4000   -1186.1577  0.6764 
   00471    0.4550   -1226.2839  0.6846 
   00472    0.3425   -1243.9386  0.6969 
   00473    0.4050   -1222.5319  0.7074 
   00474    0.4200   -1188.2870  0.6954 
   00475    0.4100   -1183.3517  0.6871 
   00476    0.4000   -1178.5583  0.6778 
   00477    0.3800   -1183.7686  0.6675 
   00478    0.3775   -1191.4302  0.6530 
   00479    0.3850   -1159.0209  0.6410 
   00480    0.3975   -1171.8682  0.6445 
   00481    0.4150   -1181.1026  0.6401 
   00482    0.4000   -1140.0376  0.6085 
   00483    0.4250   -1123.0236  0.6136 
   00484    0.4050   -1122.6392  0.6038 
   00485    0.4425   -1143.9674  0.6196 
   00486    0.4800   -1168.2512  0.6236 
   00487    0.3650   -1158.0754  0.6233 
   00488    0.4500   -1155.4352  0.6249 
   00489    0.3975   -1160.1305  0.6266 
   00490    0.3900   -1163.1477  0.6153 
   00491    0.4075   -1141.9205  0.6140 
   00492    0.4275   -1140.6753  0.6024 
   00493    0.4300   -1138.6723  0.6036 
   00494    0.4050   -1179.6485  0.6166 
   00495    0.3650   -1164.8128  0.6268 
   00496    0.4275   -1184.9197  0.6184 
   00497    0.4050   -1192.6554  0.6289 
   00498    0.3675   -1189.1421  0.6334 
   00499    0.4275   -1183.4081  0.6492 
   00500    0.4125   -1151.1904  0.6378 
   00501    0.3775   -1137.4277  0.6499 
   00502    0.4050   -1154.1839  0.6703 
   00503    0.4275   -1170.8133  0.6739 
   00504    0.4275   -1187.5431  0.6833 
   00505    0.3775   -1200.5139  0.6794 
   00506    0.4175   -1206.4695  0.6865 
   00507    0.3950   -1178.5622  0.6757 
   00508    0.4075   -1173.4749  0.6557 
   00509    0.4150   -1159.4786  0.6550 
   00510    0.4500   -1138.4913  0.6439 
   00511    0.4250   -1124.6712  0.6375 
   00512    0.4500   -1148.1408  0.6358 
   00513    0.3900   -1144.0015  0.6413 
   00514    0.4575   -1124.3445  0.6372 
   00515    0.4050   -1108.6915  0.6312 
   00516    0.4225   -1089.9821  0.6159 
   00517    0.4275   -1130.4282  0.6329 
   00518    0.4600   -1135.9569  0.6393 
   00519    0.4200   -1135.2005  0.6354 
   00520    0.4650   -1161.1698  0.6309 
   00521    0.4200   -1173.1096  0.6195 
   00522    0.4450   -1190.1920  0.6065 
   00523    0.4175   -1183.8155  0.6318 
   00524    0.4400   -1200.8380  0.6284 
   00525    0.4100   -1190.0105  0.6189 
   00526    0.3900   -1176.4520  0.5984 
   00527    0.4200   -1169.7229  0.5981 
   00528    0.3925   -1175.9931  0.6146 
   00529    0.3675   -1190.1555  0.6087 
   00530    0.4225   -1192.3501  0.6167 
   00531    0.4050   -1155.1983  0.5891 
   00532    0.4175   -1141.4528  0.5922 
   00533    0.4150   -1135.3664  0.5775 
   00534    0.3850   -1160.3574  0.5780 
   00535    0.3950   -1138.0038  0.5696 
   00536    0.4125   -1145.5782  0.5601 
   00537    0.3925   -1116.8854  0.5417 
   00538    0.4400   -1127.2235  0.5477 
   00539    0.4125   -1124.8071  0.5366 
   00540    0.4550   -1134.5649  0.5572 
   00541    0.4375   -1170.2681  0.5629 
   00542    0.3875   -1127.1774  0.5594 
   00543    0.4175   -1141.4613  0.5567 
   00544    0.4100   -1107.2805  0.5762 
   00545    0.4125   -1120.0319  0.5866 
   00546    0.4425   -1110.0899  0.5968 
   00547    0.3975   -1130.3239  0.5767 
   00548    0.3725   -1122.8509  0.5681 
   00549    0.4050   -1159.3843  0.5938 
   00550    0.3925   -1154.6464  0.5854 
   00551    0.4125   -1160.6327  0.5615 
   00552    0.4050   -1171.4463  0.5917 
   00553    0.4325   -1185.1758  0.6015 
   00554    0.3925   -1165.7300  0.6089 
   00555    0.4525   -1147.0355  0.5807 
   00556    0.4225   -1130.0484  0.5823 
   00557    0.4400   -1139.1614  0.5733 
   00558    0.4600   -1136.7187  0.5669 
   00559    0.4175   -1132.0577  0.5661 
   00560    0.4200   -1128.9523  0.5604 
   00561    0.3925   -1130.9336  0.5670 
   00562    0.4300   -1087.2963  0.5494 
   00563    0.4775   -1098.6079  0.5633 
   00564    0.4300   -1143.3153  0.5938 
   00565    0.4150   -1134.6706  0.5987 
   00566    0.4100   -1135.4329  0.5840 
   00567    0.4450   -1116.2182  0.5895 
   00568    0.4675   -1088.5135  0.5970 
   00569    0.4450   -1085.9591  0.5976 
   00570    0.4350   -1092.7264  0.6178 
   00571    0.4525   -1119.5126  0.6167 
   00572    0.4575   -1114.6266  0.5946 
   00573    0.4000   -1136.7108  0.5989 
   00574    0.4225   -1138.1084  0.6232 
   00575    0.4500   -1120.8430  0.6202 
   00576    0.4175   -1108.8725  0.6213 
   00577    0.4175   -1123.5251  0.5960 
   00578    0.4275   -1106.7967  0.6086 
   00579    0.4500   -1150.0745  0.6104 
   00580    0.4025   -1164.7655  0.6170 
   00581    0.4300   -1138.9307  0.6104 
   00582    0.4450   -1099.4974  0.5935 
   00583    0.4550   -1127.2121  0.6138 
   00584    0.3875   -1131.0994  0.6197 
   00585    0.4225   -1147.8723  0.6179 
   00586    0.4300   -1125.5538  0.5944 
   00587    0.4175   -1164.6418  0.5758 
   00588    0.3975   -1155.6771  0.5720 
   00589    0.4175   -1120.2026  0.5784 
   00590    0.4000   -1161.3403  0.5810 
   00591    0.4500   -1196.4238  0.5773 
   00592    0.4225   -1205.5826  0.5841 
   00593    0.4450   -1183.8833  0.5886 
   00594    0.4300   -1175.4328  0.5983 
   00595    0.4250   -1161.0778  0.5938 
   00596    0.4250   -1155.2506  0.5828 
   00597    0.4225   -1149.1546  0.5951 
   00598    0.4175   -1127.3518  0.5845 
   00599    0.4225   -1113.7965  0.5808 
   00600    0.4150   -1130.7234  0.5804 
   00601    0.4550   -1115.5937  0.5806 
   00602    0.3925   -1132.1657  0.5938 
   00603    0.4475   -1118.3620  0.5945 
   00604    0.4425   -1122.1049  0.5772 
   00605    0.4475   -1110.2607  0.5726 
   00606    0.4675   -1127.5510  0.5771 
   00607    0.4300   -1133.2537  0.5828 
   00608    0.4325   -1119.2910  0.5910 
   00609    0.4650   -1106.5688  0.5799 
   00610    0.4375   -1085.3939  0.5682 
   00611    0.4450   -1091.9370  0.5836 
   00612    0.4125   -1069.9726  0.5532 
   00613    0.4500   -1047.1875  0.5369 
   00614    0.4575   -1059.5079  0.5312 
   00615    0.4275   -1093.2584  0.5315 
   00616    0.4025   -1096.7948  0.5034 
   00617    0.4475   -1115.4595  0.5216 
   00618    0.4200   -1125.1242  0.5400 
   00619    0.4300   -1125.6462  0.5381 
   00620    0.4225   -1096.4588  0.5355 
   00621    0.4500   -1093.9240  0.5444 
   00622    0.4125   -1113.1381  0.5599 
   00623    0.4350   -1077.9025  0.5645 
   00624    0.5025   -1114.8214  0.5848 
   00625    0.4300   -1123.4938  0.5905 
   00626    0.4500   -1106.5559  0.5963 
   00627    0.4150   -1099.9354  0.5772 
   00628    0.4525   -1136.5104  0.5962 
   00629    0.4050   -1159.9846  0.5915 
   00630    0.4225   -1166.8975  0.6014 
   00631    0.4025   -1120.4232  0.5881 
   00632    0.4650   -1142.9503  0.6127 
   00633    0.4375   -1161.0657  0.6274 
   00634    0.3925   -1167.3539  0.6128 
   00635    0.4300   -1159.8106  0.6227 
   00636    0.3975   -1160.3325  0.6563 
   00637    0.4350   -1162.4125  0.6587 
   00638    0.4275   -1123.7717  0.6508 
   00639    0.4300   -1091.1045  0.6195 
   00640    0.4625   -1096.5654  0.6169 
   00641    0.4500   -1064.2556  0.6029 
   00642    0.4575   -1087.8782  0.6088 
   00643    0.4600   -1078.6280  0.5877 
   00644    0.4425   -1062.1931  0.5906 
   00645    0.4750   -1095.1857  0.5940 
   00646    0.3750   -1106.1719  0.5792 
   00647    0.4000   -1111.2500  0.5942 
   00648    0.4475   -1127.0272  0.5875 
   00649    0.4075   -1112.3163  0.5929 
   00650    0.4425   -1129.2618  0.6106 
   00651    0.4675   -1110.3583  0.6018 
   00652    0.3725   -1129.4992  0.6104 
   00653    0.4575   -1114.4253  0.5852 
   00654    0.4500   -1120.8591  0.5801 
   00655    0.3950   -1127.7085  0.5682 
   00656    0.4175   -1127.5487  0.5713 
   00657    0.3775   -1144.1606  0.5602 
   00658    0.4000   -1163.1260  0.5756 
   00659    0.4450   -1158.9746  0.6062 
   00660    0.3850   -1164.6062  0.6232 
   00661    0.4450   -1167.6120  0.6118 
   00662    0.4375   -1205.7091  0.5960 
   00663    0.4350   -1183.4814  0.5907 
   00664    0.3825   -1203.2783  0.6241 
   00665    0.3675   -1218.8891  0.6214 
   00666    0.3700   -1227.2177  0.6173 
   00667    0.3875   -1189.1050  0.5999 
   00668    0.3950   -1192.3646  0.6113 
   00669    0.3800   -1206.1153  0.6111 
   00670    0.4025   -1213.7464  0.6335 
   00671    0.4075   -1235.1671  0.6288 
   00672    0.3950   -1237.0544  0.6263 
   00673    0.3600   -1234.9543  0.6168 
   00674    0.4200   -1208.4586  0.6139 
   00675    0.3950   -1209.0157  0.5970 
   00676    0.4425   -1172.3699  0.5825 
   00677    0.4100   -1154.8736  0.5815 
   00678    0.4075   -1192.1595  0.5815 
   00679    0.3975   -1168.4811  0.5739 
   00680    0.4125   -1164.3941  0.5919 
   00681    0.3750   -1171.8302  0.5964 
   00682    0.4500   -1154.8994  0.5903 
   00683    0.4400   -1134.6985  0.5723 
   00684    0.4075   -1168.5303  0.5756 
   00685    0.4250   -1171.8019  0.5707 
   00686    0.3875   -1185.4617  0.5966 
   00687    0.3900   -1162.4409  0.5739 
   00688    0.4175   -1158.0594  0.5741 
   00689    0.4275   -1160.8134  0.5896 
   00690    0.4375   -1138.4713  0.5774 
   00691    0.4125   -1133.5664  0.5925 
   00692    0.4275   -1104.5703  0.5908 
   00693    0.4500   -1146.7413  0.6265 
   00694    0.3725   -1164.1550  0.6432 
   00695    0.4000   -1171.7454  0.6422 
   00696    0.4275   -1197.4650  0.6563 
   00697    0.3975   -1209.2741  0.6588 
   00698    0.3875   -1202.8826  0.6419 
   00699    0.4275   -1191.2777  0.6303 
   00700    0.4025   -1209.1402  0.6581 
   00701    0.3800   -1202.3706  0.6531 
   00702    0.4300   -1193.6463  0.6573 
   00703    0.4300   -1192.3157  0.6318 
   00704    0.3975   -1176.0975  0.6195 
   00705    0.4475   -1181.6351  0.6132 
   00706    0.3875   -1143.5306  0.6109 
   00707    0.3550   -1137.6951  0.6137 
   00708    0.3875   -1143.0936  0.6052 
   00709    0.4375   -1136.7244  0.5948 
   00710    0.4525   -1149.4608  0.5992 
   00711    0.4600   -1184.1522  0.5968 
   00712    0.4125   -1163.2357  0.5919 
   00713    0.4350   -1178.8336  0.5985 
   00714    0.4400   -1181.3289  0.6212 
   00715    0.3925   -1175.6708  0.5912 
   00716    0.3975   -1153.3068  0.5850 
   00717    0.4250   -1161.1882  0.5626 
   00718    0.4225   -1140.0452  0.6049 
   00719    0.4025   -1161.5364  0.6165 
   00720    0.4150   -1193.1616  0.6500 
   00721    0.4350   -1206.7732  0.6606 
   00722    0.4075   -1170.2700  0.6618 
   00723    0.4150   -1160.0064  0.6574 
   00724    0.4200   -1196.8219  0.6805 
   00725    0.4100   -1170.7841  0.6770 
   00726    0.3800   -1196.5789  0.6650 
   00727    0.4150   -1195.1179  0.6769 
   00728    0.3825   -1190.4523  0.6663 
   00729    0.4350   -1193.8195  0.6675 
   00730    0.3825   -1180.1688  0.6495 
   00731    0.4325   -1182.5715  0.6519 
   00732    0.4350   -1180.8334  0.6554 
   00733    0.3600   -1160.9022  0.6548 
   00734    0.4000   -1141.0010  0.6527 
   00735    0.3900   -1147.1533  0.6635 
   00736    0.4125   -1116.9718  0.6356 
   00737    0.4125   -1117.9251  0.6319 
   00738    0.4200   -1118.8016  0.6045 
   00739    0.3925   -1120.8008  0.5911 
   00740    0.4425   -1094.9148  0.5927 
   00741    0.4075   -1093.1476  0.6016 
   00742    0.4350   -1108.5698  0.5944 
   00743    0.4550   -1064.3569  0.5770 
   00744    0.4400   -1087.9219  0.5898 
   00745    0.4575   -1074.6952  0.5884 
   00746    0.4525   -1080.2340  0.5952 
   00747    0.4425   -1073.3962  0.5978 
   00748    0.4525   -1094.8902  0.6045 
   00749    0.3925   -1080.0542  0.5801 
   00750    0.4575   -1066.3955  0.5962 
   00751    0.4375   -1056.0651  0.5829 
   00752    0.4575   -1078.8056  0.5997 
   00753    0.4075   -1108.3061  0.6105 
   00754    0.3825   -1091.0701  0.5918 
   00755    0.4400   -1098.5986  0.5932 
   00756    0.4250   -1051.8559  0.5566 
   00757    0.4750   -1061.8987  0.5450 
   00758    0.4925   -1056.4623  0.5399 
   00759    0.5250   -1092.2372  0.5434 
   00760    0.4175   -1113.6081  0.5592 
   00761    0.4175   -1084.0976  0.5579 
   00762    0.4125   -1129.8967  0.5968 
   00763    0.4175   -1163.3226  0.6080 
   00764    0.4175   -1165.1174  0.6149 
   00765    0.4025   -1132.2053  0.6040 
   00766    0.3950   -1158.6689  0.6163 
   00767    0.4200   -1160.0321  0.6125 
   00768    0.4550   -1168.6353  0.6399 
   00769    0.3950   -1156.5174  0.6304 
   00770    0.4225   -1140.4422  0.6094 
   00771    0.4125   -1164.9447  0.5852 
   00772    0.4150   -1137.3125  0.5762 
   00773    0.4250   -1123.4669  0.5735 
   00774    0.3950   -1109.6224  0.5763 
   00775    0.4675   -1133.8877  0.5635 
   00776    0.4325   -1164.4932  0.5666 
   00777    0.4175   -1173.7059  0.5762 
   00778    0.3950   -1168.5730  0.5806 
   00779    0.4100   -1148.1525  0.5726 
   00780    0.4350   -1139.2631  0.5840 
   00781    0.3800   -1144.0919  0.5838 
   00782    0.4125   -1134.1757  0.5782 
   00783    0.4125   -1142.2446  0.5660 
   00784    0.4050   -1141.4646  0.5676 
   00785    0.3850   -1114.0965  0.5632 
   00786    0.4100   -1136.1417  0.5933 
   00787    0.4375   -1113.7939  0.5725 
   00788    0.4700   -1094.7192  0.5845 
   00789    0.4425   -1119.1240  0.5958 
   00790    0.4550   -1123.2699  0.5961 
   00791    0.4150   -1105.6425  0.5935 
   00792    0.4550   -1064.1239  0.6063 
   00793    0.4425   -1095.8597  0.6357 
   00794    0.4300   -1106.0170  0.6425 
   00795    0.4600   -1084.8714  0.6316 
   00796    0.4725   -1087.4001  0.6305 
   00797    0.4100   -1090.0578  0.6283 
   00798    0.4200   -1099.4312  0.6387 
   00799    0.4225   -1084.0084  0.6456 
   00800    0.4500   -1079.2191  0.6280 
   00801    0.4300   -1103.0649  0.6418 
   00802    0.4250   -1146.1255  0.6413 
   00803    0.4075   -1141.4567  0.6504 
   00804    0.4050   -1138.8296  0.6601 
   00805    0.4175   -1147.0628  0.6584 
   00806    0.3675   -1115.8644  0.6369 
   00807    0.4250   -1118.8945  0.6489 
   00808    0.4450   -1130.2320  0.6396 
   00809    0.4400   -1127.1103  0.6299 
   00810    0.4525   -1124.1909  0.6166 
   00811    0.4200   -1144.2729  0.6241 
   00812    0.4275   -1106.6845  0.6187 
   00813    0.4325   -1108.3213  0.6195 
   00814    0.4250   -1129.5266  0.6104 
   00815    0.4200   -1155.1497  0.6218 
   00816    0.3925   -1179.9858  0.6289 
   00817    0.3900   -1187.4084  0.6433 
   00818    0.4250   -1137.3533  0.6198 
   00819    0.4075   -1101.1519  0.6049 
   00820    0.4250   -1088.3528  0.6108 
   00821    0.4875   -1137.3934  0.6242 
   00822    0.3900   -1145.7495  0.6297 
   00823    0.3800   -1142.4672  0.6241 
   00824    0.3925   -1139.7746  0.6326 
   00825    0.4100   -1140.3034  0.6296 
   00826    0.4600   -1143.0620  0.6309 
   00827    0.4225   -1143.1235  0.6566 
   00828    0.3675   -1152.1310  0.6524 
   00829    0.4200   -1138.2075  0.6332 
   00830    0.4425   -1161.2580  0.6338 
   00831    0.4625   -1161.8919  0.6613 
   00832    0.4150   -1144.5515  0.6638 
   00833    0.4200   -1174.6359  0.6793 
   00834    0.3800   -1186.8919  0.6863 
   00835    0.3450   -1191.0048  0.6844 
   00836    0.4550   -1201.5170  0.6705 
   00837    0.4025   -1194.1583  0.6703 
   00838    0.4550   -1174.7503  0.6679 
   00839    0.4500   -1169.0913  0.6588 
   00840    0.4200   -1155.6905  0.6562 
   00841    0.4375   -1162.0484  0.6580 
   00842    0.4250   -1169.3074  0.6604 
   00843    0.4475   -1147.3941  0.6438 
   00844    0.4375   -1138.6674  0.6474 
   00845    0.4175   -1141.8661  0.6425 
   00846    0.4275   -1120.3942  0.5988 
   00847    0.4000   -1143.2711  0.6029 
   00848    0.4100   -1151.3246  0.6069 
   00849    0.3875   -1148.0024  0.5838 
   00850    0.4225   -1109.4502  0.5523 
   00851    0.3750   -1118.1850  0.5450 
   00852    0.4325   -1112.5388  0.5233 
   00853    0.4400   -1125.5422  0.5441 
   00854    0.4225   -1139.2011  0.5610 
   00855    0.3950   -1141.3306  0.5505 
   00856    0.3900   -1123.7131  0.5748 
   00857    0.4000   -1116.9289  0.5790 
   00858    0.4175   -1102.2773  0.5783 
   00859    0.4475   -1123.7982  0.5938 
   00860    0.4125   -1129.7699  0.6211 
   00861    0.4575   -1136.5577  0.6275 
   00862    0.4125   -1123.1093  0.6342 
   00863    0.4225   -1156.6277  0.6596 
   00864    0.3800   -1141.8021  0.6388 
   00865    0.4375   -1141.7794  0.6406 
   00866    0.4425   -1098.8519  0.6381 
   00867    0.3800   -1148.6815  0.6695 
   00868    0.4925   -1159.6958  0.6896 
   00869    0.4100   -1181.2638  0.7069 
   00870    0.4075   -1174.6292  0.7115 
   00871    0.4175   -1177.7352  0.7120 
   00872    0.4100   -1199.8469  0.7076 
   00873    0.4325   -1183.2322  0.7044 
   00874    0.4050   -1180.5426  0.7111 
   00875    0.4000   -1191.1132  0.7058 
   00876    0.4450   -1188.5776  0.6906 
   00877    0.3725   -1192.0498  0.7197 
   00878    0.3900   -1220.9394  0.7370 
   00879    0.3900   -1204.3866  0.7347 
   00880    0.4025   -1191.6282  0.7222 
   00881    0.4350   -1218.3793  0.7255 
   00882    0.4100   -1199.5378  0.7023 
   00883    0.3650   -1186.1760  0.6712 
   00884    0.4300   -1177.7673  0.6836 
   00885    0.3875   -1204.1433  0.6979 
   00886    0.4200   -1217.3580  0.7056 
   00887    0.4150   -1215.6149  0.7032 
   00888    0.3950   -1218.6856  0.6919 
   00889    0.3875   -1213.0527  0.6938 
   00890    0.4075   -1197.4561  0.6970 
   00891    0.4500   -1191.8210  0.6784 
   00892    0.3975   -1191.9649  0.6671 
   00893    0.3975   -1152.8935  0.6334 
   00894    0.4425   -1130.0992  0.6345 
   00895    0.4350   -1146.5549  0.6384 
   00896    0.4475   -1123.0456  0.6204 
   00897    0.4625   -1122.4505  0.6117 
   00898    0.4025   -1124.9222  0.6078 
   00899    0.4075   -1122.6109  0.6137 
   00900    0.4400   -1126.1330  0.6107 
   00901    0.3650   -1144.7640  0.6195 
   00902    0.4250   -1129.0630  0.6111 
   00903    0.4125   -1106.4868  0.6244 
   00904    0.4050   -1130.2617  0.6494 
   00905    0.4075   -1135.7598  0.6504 
   00906    0.4125   -1124.8996  0.6429 
   00907    0.4225   -1118.9240  0.6494 
   00908    0.3825   -1134.3627  0.6502 
   00909    0.3975   -1160.9345  0.6548 
   00910    0.4525   -1161.4476  0.6534 
   00911    0.4250   -1176.4248  0.6687 
   00912    0.4125   -1193.0428  0.6682 
   00913    0.4050   -1182.4448  0.6515 
   00914    0.3500   -1199.8452  0.6748 
   00915    0.3975   -1212.2507  0.6818 
   00916    0.3975   -1186.3878  0.6716 
   00917    0.4275   -1183.9161  0.6532 
   00918    0.4050   -1150.4679  0.6460 
   00919    0.4100   -1097.5616  0.6490 
   00920    0.4225   -1102.2889  0.6699 
   00921    0.4200   -1119.2858  0.6787 
   00922    0.4275   -1135.6818  0.6946 
   00923    0.4250   -1176.4224  0.7325 
   00924    0.3825   -1200.6795  0.7479 
   00925    0.3850   -1201.2344  0.7379 
   00926    0.3800   -1234.7326  0.7564 
   00927    0.4350   -1222.8302  0.7554 
   00928    0.4050   -1225.6808  0.7606 
   00929    0.3700   -1256.0872  0.7633 
   00930    0.3850   -1252.0603  0.7637 
   00931    0.3650   -1246.8831  0.7651 
   00932    0.4000   -1211.9046  0.7533 
   00933    0.4200   -1212.5129  0.7460 
   00934    0.4250   -1202.3161  0.7526 
   00935    0.3850   -1218.7529  0.7563 
   00936    0.3600   -1212.4644  0.7634 
   00937    0.3675   -1224.7670  0.7776 
   00938    0.4050   -1192.2223  0.7704 
   00939    0.4175   -1187.2403  0.7697 
   00940    0.3950   -1175.2920  0.7568 
   00941    0.4300   -1186.6499  0.7503 
   00942    0.3875   -1185.1538  0.7634 
   00943    0.4300   -1175.6196  0.7597 
   00944    0.4500   -1147.9642  0.7525 
   00945    0.3775   -1137.9183  0.7475 
   00946    0.4175   -1145.3932  0.7501 
   00947    0.4150   -1132.4422  0.7526 
   00948    0.4025   -1162.5489  0.7657 
   00949    0.3550   -1218.6176  0.7811 
   00950    0.3975   -1218.6740  0.7818 
   00951    0.3950   -1205.3108  0.7738 
   00952    0.4050   -1179.3867  0.7454 
   00953    0.4200   -1186.3509  0.7466 
   00954    0.4225   -1174.6508  0.7312 
   00955    0.4625   -1164.9067  0.7298 
   00956    0.4350   -1159.5398  0.7307 
   00957    0.4175   -1132.4303  0.7259 
   00958    0.4075   -1131.0095  0.7096 
   00959    0.4575   -1136.4238  0.7214 
   00960    0.4375   -1131.7547  0.6991 
   00961    0.3925   -1146.3238  0.7143 
   00962    0.4350   -1147.2842  0.7163 
   00963    0.4050   -1172.4652  0.7232 
   00964    0.3850   -1182.4405  0.6976 
   00965    0.4275   -1163.1385  0.6835 
   00966    0.4000   -1146.5981  0.6915 
   00967    0.4575   -1176.7079  0.7115 
   00968    0.3800   -1192.1572  0.7252 
   00969    0.3900   -1192.4577  0.7310 
   00970    0.3850   -1178.1765  0.7158 
   00971    0.4050   -1177.9670  0.7156 
   00972    0.3925   -1196.9420  0.7179 
   00973    0.4800   -1206.2025  0.7113 
   00974    0.3975   -1199.9347  0.7127 
   00975    0.4025   -1229.0533  0.7154 
   00976    0.4150   -1214.9856  0.7077 
   00977    0.3800   -1228.5351  0.7031 
   00978    0.3400   -1225.6809  0.7038 
   00979    0.4475   -1198.2511  0.6875 
   00980    0.4075   -1190.3205  0.6671 
   00981    0.4050   -1189.5435  0.6798 
   00982    0.4075   -1228.6236  0.6970 
   00983    0.3900   -1224.2346  0.6862 
   00984    0.3950   -1189.9465  0.6641 
   00985    0.4225   -1204.1732  0.6461 
   00986    0.3800   -1218.0315  0.6481 
   00987    0.3650   -1200.7296  0.6568 
   00988    0.4175   -1199.9683  0.6660 
   00989    0.3925   -1198.5834  0.6611 
   00990    0.3900   -1187.3026  0.6736 
   00991    0.4375   -1192.7207  0.6618 
   00992    0.3925   -1198.5513  0.6611 
   00993    0.3525   -1200.0719  0.6548 
   00994    0.4150   -1175.6720  0.6499 
   00995    0.4050   -1156.9046  0.6460 
   00996    0.3525   -1138.3169  0.6380 
   00997    0.4000   -1153.7574  0.6730 
   00998    0.4275   -1155.7023  0.6440 
   00999    0.3950   -1147.4008  0.6509 
   01000    0.4275   -1156.6578  0.6445 
