#=====================================================
# File created:        Tue-03-Mar-2026-at-11-32-14PM
# Size of lattice:     20x20
# Number of MC steps:  1000
# Reduced temperature: 0.300
# Run time (s):        10.156775
#=====================================================
# MC step:  Ratio:     Energy:   Order:
#=====================================================
   00000    0.5000    -387.4716  0.3291 
   00001    0.6950    -547.3505  0.3268 
   00002    0.6900    -682.5213  0.3403 
   00003    0.6325    -794.7760  0.3496 
   00004    0.6075    -868.2451  0.3575 
   00005    0.5875    -928.8657  0.3489 
   00006    0.5225    -981.9415  0.3511 
   00007    0.5250   -1013.5517  0.3574 
   00008    0.5100   -1068.9387  0.3611 
   00009    0.5400   -1093.2491  0.3672 
   00010    0.5200   -1125.5903  0.3638 
   00011    0.4900   -1154.3958  0.3561 
   00012    0.5325   -1181.7254  0.3723 
   00013    0.5025   -1195.8648  0.3654 
   00014    0.4625   -1200.8078  0.3772 
   00015    0.4800   -1228.1221  0.3934 
   00016    0.5025   -1232.2576  0.3931 
   00017    0.5100   -1236.7299  0.4124 
   00018    0.4850   -1240.3122  0.3987 
   00019    0.4650   -1262.2557  0.4023 
   00020    0.4575   -1279.7600  0.3968 
   00021    0.4625   -1287.9431  0.4003 
   00022    0.4825   -1292.2781  0.4071 
   00023    0.4725   -1305.7619  0.4096 
   00024    0.5325   -1308.5355  0.4140 
   00025    0.4925   -1316.4344  0.4160 
   00026    0.4425   -1321.2203  0.4196 
   00027    0.4175   -1325.2440  0.4151 
   00028    0.4675   -1329.6675  0.4251 
   00029    0.4900   -1340.2907  0.4204 
   00030    0.4150   -1342.1958  0.4309 
   00031    0.4750   -1342.8960  0.4365 
   00032    0.4700   -1347.0737  0.4365 
   00033    0.4900   -1346.6776  0.4460 
   00034    0.5300   -1350.4987  0.4320 
   00035    0.4650   -1354.3512  0.4332 
   00036    0.4750   -1364.1765  0.4288 
   00037    0.4675   -1370.1928  0.4161 
   00038    0.4550   -1365.4733  0.4221 
   00039    0.4850   -1360.6437  0.4179 
   00040    0.5075   -1361.5182  0.4122 
   00041    0.4450   -1353.5572  0.4213 
   00042    0.4775   -1356.8152  0.4147 
   00043    0.4425   -1358.0356  0.4095 
   00044    0.4475   -1355.8881  0.4240 
   00045    0.4250   -1352.1583  0.4307 
   00046    0.4450   -1361.3443  0.4399 
   00047    0.4450   -1365.7233  0.4348 
   00048    0.4750   -1369.5170  0.4435 
   00049    0.4475   -1377.3003  0.4392 
   00050    0.4850   -1370.1716  0.4496 
   00051    0.4700   -1372.9722  0.4579 
   00052    0.4725   -1384.9430  0.4671 
   00053    0.4675   -1389.0981  0.4640 
   00054    0.4125   -1386.1971  0.4553 
   00055    0.4650   -1388.9184  0.4703 
   00056    0.4850   -1375.6236  0.4717 
   00057    0.4700   -1377.3870  0.4847 
   00058    0.4525   -1380.8695  0.4852 
   00059    0.4675   -1392.9062  0.4890 
   00060    0.4600   -1395.5600  0.4888 
   00061    0.4500   -1396.6922  0.4985 
   00062    0.4250   -1399.6744  0.4945 
   00063    0.4625   -1404.8132  0.4901 
   00064    0.4450   -1406.9142  0.4961 
   00065    0.4400   -1402.3857  0.5035 
   00066    0.4475   -1401.8093  0.5127 
   00067    0.5000   -1396.5099  0.5017 
   00068    0.4150   -1391.8343  0.5015 
   00069    0.5100   -1405.7465  0.5038 
   00070    0.4600   -1397.4157  0.4975 
   00071    0.4150   -1402.4940  0.4967 
   00072    0.4700   -1401.0499  0.4959 
   00073    0.4625   -1404.0566  0.5096 
   00074    0.4675   -1410.0128  0.5037 
   00075    0.4525   -1408.3183  0.5113 
   00076    0.4425   -1417.6499  0.5194 
   00077    0.4200   -1415.2437  0.5203 
   00078    0.4600   -1404.3182  0.5079 
   00079    0.4350   -1408.0169  0.5068 
   00080    0.4200   -1412.0582  0.5076 
   00081    0.4300   -1413.7545  0.5047 
   00082    0.4800   -1420.2893  0.5172 
   00083    0.4725   -1409.3957  0.5102 
   00084    0.4325   -1406.4144  0.5080 
   00085    0.4300   -1412.4962  0.5119 
   00086    0.4425   -1419.0284  0.5098 
   00087    0.4600   -1425.7000  0.5166 
   00088    0.4325   -1419.5981  0.5299 
   00089    0.4575   -1417.2221  0.5377 
   00090    0.4350   -1421.5082  0.5306 
   00091    0.4500   -1418.1517  0.5223 
   00092    0.4425   -1423.2805  0.5378 
   00093    0.4450   -1428.2082  0.5351 
   00094    0.4475   -1422.8026  0.5394 
   00095    0.4825   -1405.3054  0.5465 
   00096    0.4900   -1404.4498  0.5569 
   00097    0.4775   -1417.3616  0.5654 
   00098    0.4200   -1416.2918  0.5598 
   00099    0.5000   -1411.1666  0.5545 
   00100    0.4475   -1417.8327  0.5651 
   00101    0.4250   -1422.9497  0.5742 
   00102    0.4925   -1413.6971  0.5830 
   00103    0.4725   -1431.4012  0.5893 
   00104    0.4800   -1426.9872  0.6041 
   00105    0.4525   -1424.6176  0.6108 
   00106    0.4325   -1424.7939  0.5815 
   00107    0.4225   -1427.8831  0.5830 
   00108    0.4600   -1428.3109  0.5940 
   00109    0.4575   -1438.3634  0.6032 
   00110    0.4650   -1437.8830  0.6045 
   00111    0.4350   -1431.2419  0.6013 
   00112    0.4350   -1426.8083  0.6018 
   00113    0.4675   -1434.3394  0.6029 
   00114    0.4350   -1435.6185  0.5983 
   00115    0.4575   -1440.0661  0.5986 
   00116    0.4625   -1433.5385  0.5837 
   00117    0.4675   -1424.5969  0.5764 
   00118    0.4575   -1435.3609  0.5700 
   00119    0.4575   -1428.6060  0.5680 
   00120    0.4575   -1425.4052  0.5723 
   00121    0.4150   -1428.4127  0.5810 
   00122    0.4250   -1422.5871  0.5848 
   00123    0.4600   -1423.7619  0.5932 
   00124    0.4225   -1421.2734  0.5929 
   00125    0.5025   -1422.5622  0.5910 
   00126    0.4850   -1427.8527  0.5858 
   00127    0.4450   -1431.0232  0.5733 
   00128    0.4475   -1430.8903  0.5657 
   00129    0.4825   -1430.5456  0.5656 
   00130    0.4825   -1427.1974  0.5535 
   00131    0.4625   -1416.0094  0.5581 
   00132    0.4250   -1424.1172  0.5578 
   00133    0.4175   -1421.5552  0.5514 
   00134    0.4400   -1423.4374  0.5558 
   00135    0.4775   -1426.9368  0.5637 
   00136    0.4450   -1429.1264  0.5694 
   00137    0.4175   -1437.9471  0.5728 
   00138    0.4125   -1432.8724  0.5692 
   00139    0.3875   -1430.4521  0.5734 
   00140    0.4575   -1421.3764  0.5753 
   00141    0.4700   -1422.4503  0.5703 
   00142    0.4400   -1424.8543  0.5733 
   00143    0.4700   -1414.5584  0.5612 
   00144    0.4675   -1419.4847  0.5568 
   00145    0.4725   -1418.1687  0.5440 
   00146    0.4575   -1423.3875  0.5538 
   00147    0.4600   -1424.4726  0.5408 
   00148    0.4400   -1428.6574  0.5432 
   00149    0.5075   -1431.4140  0.5582 
   00150    0.4500   -1438.5266  0.5618 
   00151    0.4100   -1437.9523  0.5713 
   00152    0.4625   -1437.9462  0.5561 
   00153    0.4600   -1435.5263  0.5558 
   00154    0.4850   -1439.2824  0.5617 
   00155    0.4800   -1438.3283  0.5539 
   00156    0.4575   -1430.9491  0.5566 
   00157    0.4075   -1445.5641  0.5636 
   00158    0.4375   -1438.3321  0.5685 
   00159    0.4725   -1439.3804  0.5647 
   00160    0.4775   -1442.2718  0.5555 
   00161    0.4625   -1429.5374  0.5435 
   00162    0.4000   -1420.4209  0.5419 
   00163    0.4525   -1425.2860  0.5444 
   00164    0.4400   -1427.8273  0.5455 
   00165    0.5050   -1433.9362  0.5509 
   00166    0.4300   -1433.6765  0.5486 
   00167    0.4450   -1442.1700  0.5420 
   00168    0.4300   -1443.6868  0.5414 
   00169    0.4850   -1429.5171  0.5518 
   00170    0.4825   -1443.8341  0.5622 
   00171    0.4175   -1441.8360  0.5548 
   00172    0.4375   -1443.2028  0.5657 
   00173    0.4450   -1429.9505  0.5541 
   00174    0.4125   -1434.5206  0.5613 
   00175    0.4800   -1429.9970  0.5642 
   00176    0.4150   -1418.4800  0.5683 
   00177    0.4225   -1431.5135  0.5838 
   00178    0.4800   -1436.2448  0.5843 
   00179    0.4050   -1433.3149  0.5694 
   00180    0.4275   -1427.8381  0.5828 
   00181    0.4625   -1424.6621  0.5975 
   00182    0.5100   -1430.3323  0.6023 
   00183    0.4150   -1439.2214  0.6050 
   00184    0.3625   -1437.3473  0.6058 
   00185    0.4525   -1438.1364  0.6055 
   00186    0.4650   -1446.6588  0.6104 
   00187    0.4650   -1453.2268  0.6086 
   00188    0.4350   -1443.5163  0.6146 
   00189    0.4575   -1428.9983  0.6120 
   00190    0.4725   -1428.9490  0.6142 
   00191    0.4200   -1428.2961  0.6119 
   00192    0.4500   -1427.6599  0.6137 
   00193    0.4600   -1423.7757  0.6227 
   00194    0.4550   -1433.0838  0.6231 
   00195    0.4125   -1437.8039  0.6357 
   00196    0.4250   -1430.3422  0.6348 
   00197    0.4225   -1429.3278  0.6383 
   00198    0.4400   -1427.7164  0.6298 
   00199    0.4475   -1423.9274  0.6284 
   00200    0.4275   -1432.4882  0.6291 
   00201    0.5175   -1437.2962  0.6294 
   00202    0.4275   -1422.6758  0.6163 
   00203    0.4775   -1424.9621  0.6197 
   00204    0.4900   -1429.7894  0.6153 
   00205    0.4300   -1424.5239  0.6146 
   00206    0.4950   -1427.4005  0.6082 
   00207    0.4475   -1440.4418  0.6165 
   00208    0.4100   -1435.1412  0.6210 
   00209    0.4250   -1435.5672  0.6277 
   00210    0.4475   -1433.0298  0.6232 
   00211    0.4825   -1435.2860  0.6144 
   00212    0.4475   -1438.7916  0.6076 
   00213    0.4400   -1442.7114  0.6089 
   00214    0.4650   -1448.6354  0.6092 
   00215    0.4250   -1449.3922  0.6141 
   00216    0.4850   -1442.9745  0.6077 
   00217    0.4600   -1446.7868  0.6093 
   00218    0.4450   -1446.9008  0.5998 
   00219    0.4425   -1444.6781  0.6061 
   00220    0.5000   -1449.3502  0.5999 
   00221    0.4700   -1433.0593  0.6018 
   00222    0.4625   -1446.7294  0.5979 
   00223    0.4175   -1434.0352  0.6018 
   00224    0.4575   -1435.8440  0.6089 
   00225    0.4675   -1443.5900  0.6011 
   00226    0.4175   -1443.3280  0.6052 
   00227    0.4600   -1440.6736  0.5926 
   00228    0.4450   -1434.8661  0.5870 
   00229    0.4450   -1442.8828  0.5843 
   00230    0.4100   -1437.1149  0.5864 
   00231    0.4750   -1434.3563  0.5972 
   00232    0.4750   -1437.8583  0.6062 
   00233    0.4475   -1436.0219  0.6082 
   00234    0.4450   -1426.6632  0.5941 
   00235    0.4550   -1428.5173  0.5833 
   00236    0.4350   -1417.3474  0.5854 
   00237    0.4500   -1409.6672  0.5822 
   00238    0.4350   -1415.6823  0.5827 
   00239    0.4825   -1428.7248  0.5779 
   00240    0.4375   -1437.8413  0.5861 
   00241    0.4800   -1431.5827  0.5809 
   00242    0.4700   -1427.6588  0.5724 
   00243    0.4475   -1436.3358  0.5794 
   00244    0.4400   -1434.6699  0.5790 
   00245    0.4475   -1439.9211  0.5881 
   00246    0.4425   -1435.3962  0.5987 
   00247    0.4700   -1424.6569  0.5994 
   00248    0.4675   -1418.1795  0.6079 
   00249    0.4775   -1411.4068  0.6094 
   00250    0.4000   -1415.2587  0.6058 
   00251    0.4500   -1420.2119  0.6135 
   00252    0.4625   -1409.0422  0.5975 
   00253    0.4300   -1414.9668  0.5922 
   00254    0.4475   -1422.9990  0.5923 
   00255    0.4750   -1418.7740  0.5995 
   00256    0.4550   -1422.7707  0.6015 
   00257    0.4650   -1426.2017  0.6059 
   00258    0.4275   -1426.9460  0.6137 
   00259    0.4825   -1436.9650  0.6159 
   00260    0.4475   -1432.1344  0.6105 
   00261    0.4325   -1444.8429  0.6116 
   00262    0.4250   -1431.7589  0.6063 
   00263    0.4675   -1439.2389  0.6108 
   00264    0.4525   -1439.6923  0.6245 
   00265    0.4475   -1430.1563  0.6330 
   00266    0.4500   -1435.3077  0.6359 
   00267    0.4800   -1429.1865  0.6315 
   00268    0.4325   -1435.3655  0.6462 
   00269    0.4475   -1430.9864  0.6450 
   00270    0.4425   -1436.0267  0.6527 
   00271    0.4400   -1427.7663  0.6432 
   00272    0.4375   -1425.3752  0.6360 
   00273    0.4475   -1437.2461  0.6430 
   00274    0.4125   -1433.6251  0.6490 
   00275    0.4500   -1424.1434  0.6476 
   00276    0.4425   -1426.5666  0.6643 
   00277    0.4625   -1422.5864  0.6589 
   00278    0.4400   -1432.3313  0.6692 
   00279    0.5025   -1432.4321  0.6707 
   00280    0.4050   -1433.9578  0.6663 
   00281    0.4650   -1439.6275  0.6637 
   00282    0.4325   -1444.4177  0.6653 
   00283    0.4925   -1436.3190  0.6638 
   00284    0.4275   -1444.3015  0.6712 
   00285    0.4450   -1445.4365  0.6634 
   00286    0.4325   -1441.3966  0.6603 
   00287    0.4250   -1441.0717  0.6697 
   00288    0.4200   -1439.6873  0.6780 
   00289    0.4475   -1441.6289  0.6807 
   00290    0.4450   -1437.3401  0.6835 
   00291    0.4750   -1439.9935  0.6922 
   00292    0.4825   -1443.9210  0.6879 
   00293    0.4700   -1444.3112  0.6858 
   00294    0.4200   -1440.1431  0.6848 
   00295    0.4775   -1437.5499  0.6866 
   00296    0.4025   -1436.0082  0.6788 
   00297    0.4450   -1448.1753  0.6780 
   00298    0.4600   -1450.4057  0.6895 
   00299    0.3950   -1450.3723  0.6871 
   00300    0.4000   -1444.8246  0.6794 
   00301    0.4525   -1436.1785  0.6801 
   00302    0.4375   -1435.9978  0.6851 
   00303    0.4425   -1433.2288  0.6770 
   00304    0.4850   -1437.8045  0.6665 
   00305    0.5000   -1445.9257  0.6707 
   00306    0.4200   -1443.3798  0.6813 
   00307    0.4500   -1443.8437  0.6783 
   00308    0.4175   -1434.0725  0.6756 
   00309    0.4400   -1435.9098  0.6695 
   00310    0.4675   -1444.1596  0.6704 
   00311    0.4650   -1444.7038  0.6672 
   00312    0.4500   -1438.2403  0.6519 
   00313    0.4900   -1446.5379  0.6664 
   00314    0.4475   -1443.2234  0.6552 
   00315    0.4575   -1429.3171  0.6523 
   00316    0.4825   -1436.7074  0.6473 
   00317    0.4175   -1429.1430  0.6373 
   00318    0.4800   -1425.1718  0.6406 
   00319    0.4800   -1435.7862  0.6462 
   00320    0.4225   -1441.8492  0.6375 
   00321    0.4075   -1441.8910  0.6364 
   00322    0.4450   -1442.9009  0.6412 
   00323    0.4250   -1434.8787  0.6438 
   00324    0.4575   -1448.3866  0.6468 
   00325    0.4200   -1439.7779  0.6404 
   00326    0.4350   -1439.0066  0.6352 
   00327    0.4625   -1443.3643  0.6456 
   00328    0.4500   -1442.5267  0.6462 
   00329    0.4600   -1444.1712  0.6435 
   00330    0.4250   -1438.7313  0.6383 
   00331    0.4325   -1438.4831  0.6389 
   00332    0.4050   -1432.1785  0.6435 
   00333    0.4600   -1432.7445  0.6351 
   00334    0.4900   -1437.0530  0.6380 
   00335    0.4175   -1442.7341  0.6344 
   00336    0.4325   -1433.2390  0.6328 
   00337    0.4475   -1447.2617  0.6299 
   00338    0.4425   -1454.0494  0.6248 
   00339    0.4425   -1447.8839  0.6307 
   00340    0.4475   -1450.1227  0.6214 
   00341    0.3800   -1442.9775  0.6181 
   00342    0.4450   -1441.9673  0.6313 
   00343    0.4375   -1433.6770  0.6419 
   00344    0.4075   -1439.0464  0.6499 
   00345    0.4150   -1434.5738  0.6566 
   00346    0.4475   -1434.6428  0.6500 
   00347    0.4350   -1435.2905  0.6495 
   00348    0.4450   -1433.1794  0.6490 
   00349    0.4625   -1436.4812  0.6433 
   00350    0.4500   -1431.1591  0.6427 
   00351    0.4725   -1428.1802  0.6508 
   00352    0.4700   -1420.5710  0.6545 
   00353    0.4475   -1428.1785  0.6641 
   00354    0.4750   -1432.3004  0.6703 
   00355    0.4500   -1437.4314  0.6690 
   00356    0.4450   -1439.0097  0.6817 
   00357    0.4375   -1436.4587  0.6864 
   00358    0.4725   -1435.8970  0.6770 
   00359    0.4850   -1436.7322  0.6742 
   00360    0.4450   -1441.6873  0.6756 
   00361    0.4475   -1443.3773  0.6825 
   00362    0.3950   -1444.5809  0.6920 
   00363    0.4300   -1451.3727  0.7017 
   00364    0.4300   -1444.6634  0.6891 
   00365    0.4350   -1452.6378  0.6896 
   00366    0.4500   -1456.2135  0.6916 
   00367    0.4200   -1461.2418  0.6902 
   00368    0.4400   -1450.9808  0.6896 
   00369    0.4350   -1450.0140  0.6953 
   00370    0.4475   -1449.8799  0.6925 
   00371    0.4750   -1446.5019  0.6873 
   00372    0.4550   -1444.3581  0.6859 
   00373    0.3850   -1451.1211  0.6915 
   00374    0.4375   -1447.3655  0.6855 
   00375    0.4175   -1444.6587  0.6836 
   00376    0.4650   -1435.4487  0.6778 
   00377    0.3925   -1442.8093  0.6652 
   00378    0.3875   -1439.2471  0.6654 
   00379    0.5000   -1439.6729  0.6658 
   00380    0.4625   -1437.0346  0.6612 
   00381    0.4500   -1433.6085  0.6598 
   00382    0.4525   -1430.5566  0.6579 
   00383    0.4550   -1434.8946  0.6742 
   00384    0.4525   -1432.0283  0.6740 
   00385    0.4400   -1428.6202  0.6688 
   00386    0.4650   -1428.2820  0.6686 
   00387    0.4800   -1415.0051  0.6638 
   00388    0.4525   -1416.1597  0.6793 
   00389    0.4500   -1422.9576  0.6819 
   00390    0.4400   -1422.3167  0.6721 
   00391    0.4650   -1429.7736  0.6739 
   00392    0.4650   -1434.0353  0.6853 
   00393    0.5175   -1434.1161  0.6861 
   00394    0.4525   -1435.1204  0.6811 
   00395    0.4475   -1427.9622  0.6791 
   00396    0.4225   -1434.8975  0.6914 
   00397    0.4400   -1438.3566  0.6972 
   00398    0.4550   -1432.8180  0.6959 
   00399    0.4875   -1434.2977  0.6964 
   00400    0.3800   -1430.6967  0.6946 
   00401    0.4800   -1430.5526  0.7023 
   00402    0.4250   -1423.2064  0.6917 
   00403    0.4625   -1416.6107  0.6933 
   00404    0.4425   -1422.9827  0.6934 
   00405    0.4375   -1422.8237  0.6888 
   00406    0.4325   -1422.7114  0.6913 
   00407    0.4700   -1439.5884  0.7037 
   00408    0.4150   -1442.6784  0.7120 
   00409    0.4875   -1453.1289  0.7200 
   00410    0.4525   -1446.1458  0.7224 
   00411    0.4450   -1449.4494  0.7243 
   00412    0.4375   -1453.0997  0.7345 
   00413    0.4650   -1453.7323  0.7429 
   00414    0.4700   -1452.2534  0.7297 
   00415    0.4150   -1448.5078  0.7273 
   00416    0.4550   -1446.9793  0.7388 
   00417    0.4200   -1456.7965  0.7463 
   00418    0.4450   -1451.6728  0.7421 
   00419    0.4575   -1462.5304  0.7452 
   00420    0.4525   -1451.2573  0.7333 
   00421    0.4725   -1455.9567  0.7433 
   00422    0.4650   -1460.6498  0.7468 
   00423    0.4200   -1448.2342  0.7472 
   00424    0.4550   -1441.3806  0.7464 
   00425    0.4350   -1436.5451  0.7432 
   00426    0.4375   -1436.9471  0.7386 
   00427    0.4500   -1436.3991  0.7471 
   00428    0.4775   -1446.0066  0.7552 
   00429    0.3950   -1439.6716  0.7474 
   00430    0.4475   -1432.2316  0.7460 
   00431    0.4400   -1443.7839  0.7536 
   00432    0.3825   -1428.1620  0.7485 
   00433    0.4575   -1442.7519  0.7531 
   00434    0.4225   -1438.5161  0.7549 
   00435    0.4600   -1436.6411  0.7475 
   00436    0.4475   -1427.8339  0.7452 
   00437    0.4550   -1425.7384  0.7411 
   00438    0.4475   -1424.4106  0.7359 
   00439    0.4925   -1435.7883  0.7341 
   00440    0.4800   -1434.2104  0.7310 
   00441    0.4575   -1437.8837  0.7424 
   00442    0.4325   -1446.0878  0.7438 
   00443    0.4425   -1440.1303  0.7349 
   00444    0.3950   -1430.6513  0.7291 
   00445    0.4175   -1438.9715  0.7271 
   00446    0.4975   -1442.6106  0.7292 
   00447    0.4675   -1444.3012  0.7471 
   00448    0.4500   -1448.2788  0.7442 
   00449    0.4400   -1448.1118  0.7503 
   00450    0.4225   -1452.1509  0.7517 
   00451    0.4000   -1446.6033  0.7481 
   00452    0.4450   -1453.7231  0.7564 
   00453    0.5150   -1442.6282  0.7632 
   00454    0.3925   -1445.8767  0.7682 
   00455    0.4650   -1437.9528  0.7683 
   00456    0.4700   -1431.8151  0.7572 
   00457    0.4150   -1435.0257  0.7627 
   00458    0.4150   -1439.6852  0.7643 
   00459    0.4025   -1433.0582  0.7537 
   00460    0.4525   -1437.9742  0.7564 
   00461    0.4675   -1436.2574  0.7522 
   00462    0.4100   -1433.1826  0.7607 
   00463    0.4375   -1443.7781  0.7676 
   00464    0.4625   -1437.3448  0.7724 
   00465    0.4550   -1433.6907  0.7635 
   00466    0.4575   -1431.3442  0.7490 
   00467    0.4525   -1437.0400  0.7563 
   00468    0.4625   -1436.8468  0.7561 
   00469    0.4550   -1439.4963  0.7591 
   00470    0.4650   -1436.0247  0.7574 
   00471    0.4650   -1450.1988  0.7556 
   00472    0.4550   -1450.5233  0.7680 
   00473    0.4600   -1452.2229  0.7725 
   00474    0.4500   -1448.7243  0.7643 
   00475    0.4400   -1449.7564  0.7666 
   00476    0.4625   -1454.9030  0.7748 
   00477    0.4225   -1455.4075  0.7798 
   00478    0.4225   -1453.5381  0.7790 
   00479    0.4125   -1446.0251  0.7749 
   00480    0.4250   -1437.1058  0.7805 
   00481    0.4700   -1441.1784  0.7834 
   00482    0.4550   -1454.2201  0.7906 
   00483    0.4050   -1441.2425  0.8005 
   00484    0.4125   -1439.2969  0.8044 
   00485    0.4150   -1429.8370  0.7933 
   00486    0.4650   -1432.9522  0.7952 
   00487    0.4450   -1436.3579  0.7990 
   00488    0.4550   -1444.7494  0.8045 
   00489    0.4150   -1444.0028  0.8040 
   00490    0.4650   -1440.7742  0.8003 
   00491    0.4425   -1439.4444  0.8065 
   00492    0.4725   -1433.4164  0.8084 
   00493    0.4125   -1444.7652  0.8063 
   00494    0.4475   -1439.2229  0.8102 
   00495    0.4750   -1439.0280  0.8094 
   00496    0.4600   -1439.5312  0.8054 
   00497    0.4550   -1443.0014  0.8093 
   00498    0.4650   -1447.4963  0.8137 
   00499    0.4475   -1446.3936  0.8027 
   00500    0.4300   -1440.3581  0.7980 
   00501    0.4500   -1443.8685  0.7986 
   00502    0.4500   -1455.4141  0.8092 
   00503    0.4600   -1453.3009  0.8119 
   00504    0.4000   -1458.0135  0.8159 
   00505    0.4150   -1449.1511  0.8119 
   00506    0.4750   -1447.4542  0.8132 
   00507    0.4675   -1454.1464  0.8196 
   00508    0.4625   -1452.3756  0.8237 
   00509    0.4650   -1458.5599  0.8237 
   00510    0.4325   -1449.8181  0.8290 
   00511    0.4650   -1448.3294  0.8260 
   00512    0.4825   -1454.1068  0.8291 
   00513    0.4675   -1463.8364  0.8346 
   00514    0.4575   -1464.6948  0.8486 
   00515    0.4600   -1467.5551  0.8524 
   00516    0.4500   -1474.2706  0.8557 
   00517    0.4275   -1477.1572  0.8564 
   00518    0.4400   -1469.7200  0.8596 
   00519    0.4200   -1472.6924  0.8668 
   00520    0.4350   -1468.4255  0.8655 
   00521    0.4175   -1466.7085  0.8683 
   00522    0.4675   -1467.9935  0.8711 
   00523    0.4075   -1453.6978  0.8655 
   00524    0.4275   -1459.0952  0.8718 
   00525    0.4425   -1461.0205  0.8796 
   00526    0.4450   -1475.7190  0.8867 
   00527    0.4725   -1468.2661  0.8901 
   00528    0.4425   -1462.4282  0.8903 
   00529    0.5075   -1471.3660  0.8920 
   00530    0.3950   -1466.0469  0.8924 
   00531    0.4425   -1464.4988  0.8977 
   00532    0.4225   -1468.4287  0.8992 
   00533    0.4475   -1470.6056  0.8976 
   00534    0.3675   -1461.4936  0.8968 
   00535    0.4300   -1464.0944  0.8972 
   00536    0.5075   -1451.6178  0.8886 
   00537    0.4150   -1461.4898  0.8901 
   00538    0.4175   -1468.5802  0.8943 
   00539    0.4625   -1473.5117  0.8895 
   00540    0.4425   -1454.0080  0.8798 
   00541    0.4750   -1451.2702  0.8702 
   00542    0.4225   -1461.9204  0.8674 
   00543    0.4350   -1456.5587  0.8717 
   00544    0.4575   -1468.2822  0.8829 
   00545    0.4225   -1459.3890  0.8782 
   00546    0.4475   -1458.4562  0.8711 
   00547    0.4150   -1459.5699  0.8833 
   00548    0.4600   -1463.7497  0.8815 
   00549    0.3750   -1467.0490  0.8820 
   00550    0.4250   -1452.7348  0.8800 
   00551    0.5275   -1459.1574  0.8826 
   00552    0.4575   -1447.8815  0.8822 
   00553    0.4175   -1458.7500  0.8870 
   00554    0.4125   -1455.7276  0.8793 
   00555    0.4700   -1463.0081  0.8875 
   00556    0.4450   -1453.4925  0.8756 
   00557    0.4100   -1435.8545  0.8685 
   00558    0.4475   -1447.3453  0.8667 
   00559    0.4325   -1457.2701  0.8647 
   00560    0.4250   -1459.8614  0.8675 
   00561    0.4175   -1454.8922  0.8729 
   00562    0.4125   -1455.3817  0.8735 
   00563    0.4225   -1457.9932  0.8701 
   00564    0.4175   -1468.5513  0.8815 
   00565    0.4200   -1457.1008  0.8853 
   00566    0.4575   -1454.7761  0.8830 
   00567    0.4650   -1447.9394  0.8880 
   00568    0.4300   -1463.5376  0.8902 
   00569    0.4475   -1469.5752  0.8958 
   00570    0.3800   -1467.4192  0.8916 
   00571    0.4850   -1455.7102  0.8866 
   00572    0.4525   -1450.2461  0.8881 
   00573    0.4325   -1440.2375  0.8832 
   00574    0.4575   -1446.3749  0.8906 
   00575    0.4200   -1470.7780  0.9024 
   00576    0.4625   -1456.4683  0.8955 
   00577    0.4575   -1450.8507  0.8889 
   00578    0.4600   -1459.3487  0.8938 
   00579    0.4650   -1458.7535  0.8919 
   00580    0.4350   -1456.5282  0.8980 
   00581    0.5125   -1454.8492  0.9044 
   00582    0.4300   -1469.2113  0.9054 
   00583    0.4525   -1471.9230  0.9009 
   00584    0.4325   -1460.3067  0.8989 
   00585    0.4450   -1472.1195  0.9043 
   00586    0.4525   -1470.2406  0.9040 
   00587    0.4350   -1475.3097  0.9065 
   00588    0.4300   -1470.8360  0.9022 
   00589    0.3850   -1460.3521  0.8968 
   00590    0.4175   -1461.0913  0.8956 
   00591    0.4400   -1460.5626  0.8955 
   00592    0.4300   -1463.0816  0.9005 
   00593    0.4425   -1470.2372  0.9029 
   00594    0.4125   -1471.9101  0.9017 
   00595    0.4775   -1469.4131  0.9025 
   00596    0.4400   -1473.0850  0.9033 
   00597    0.4475   -1475.8766  0.9022 
   00598    0.4525   -1481.7270  0.9020 
   00599    0.4650   -1490.2025  0.9053 
   00600    0.4100   -1482.5294  0.9057 
   00601    0.4475   -1476.3152  0.9063 
   00602    0.4225   -1481.1381  0.9078 
   00603    0.4200   -1477.8987  0.9095 
   00604    0.4550   -1478.8889  0.9060 
   00605    0.3975   -1468.4105  0.9009 
   00606    0.4675   -1479.4291  0.9014 
   00607    0.4575   -1482.0414  0.9053 
   00608    0.4150   -1481.1677  0.9070 
   00609    0.4275   -1478.9611  0.9001 
   00610    0.4175   -1475.2389  0.9009 
   00611    0.4525   -1477.7903  0.8987 
   00612    0.4325   -1486.7775  0.9027 
   00613    0.4375   -1484.6690  0.9065 
   00614    0.4375   -1490.0287  0.9037 
   00615    0.4325   -1488.2633  0.9061 
   00616    0.4125   -1488.3463  0.9034 
   00617    0.4550   -1483.1257  0.8974 
   00618    0.4525   -1485.6317  0.8996 
   00619    0.4375   -1470.3219  0.8892 
   00620    0.4775   -1473.4626  0.8907 
   00621    0.4150   -1482.8674  0.8880 
   00622    0.4550   -1476.6968  0.8840 
   00623    0.4500   -1475.7970  0.8875 
   00624    0.4250   -1473.9909  0.8827 
   00625    0.4175   -1471.8599  0.8830 
   00626    0.4575   -1466.7322  0.8816 
   00627    0.4150   -1474.9402  0.8760 
   00628    0.4100   -1474.3414  0.8766 
   00629    0.4400   -1473.5436  0.8769 
   00630    0.4600   -1468.6965  0.8765 
   00631    0.4275   -1463.9012  0.8707 
   00632    0.4425   -1471.8211  0.8670 
   00633    0.4175   -1469.7969  0.8630 
   00634    0.4350   -1473.3362  0.8671 
   00635    0.4450   -1463.9751  0.8674 
   00636    0.4725   -1465.4268  0.8694 
   00637    0.4525   -1474.1021  0.8756 
   00638    0.4675   -1480.2136  0.8778 
   00639    0.4200   -1483.8581  0.8810 
   00640    0.4375   -1486.3058  0.8812 
   00641    0.4225   -1478.9499  0.8831 
   00642    0.4700   -1467.9779  0.8859 
   00643    0.4375   -1477.5379  0.8863 
   00644    0.3950   -1476.3008  0.8829 
   00645    0.4125   -1483.9693  0.8912 
   00646    0.4525   -1476.4723  0.8857 
   00647    0.4525   -1475.7232  0.8891 
   00648    0.4600   -1464.4227  0.8871 
   00649    0.4050   -1460.7264  0.8851 
   00650    0.4375   -1473.1135  0.8901 
   00651    0.4375   -1465.4042  0.8863 
   00652    0.4375   -1455.9217  0.8844 
   00653    0.4450   -1463.4804  0.8870 
   00654    0.3950   -1466.6202  0.8859 
   00655    0.4250   -1460.3665  0.8878 
   00656    0.4550   -1465.9867  0.8900 
   00657    0.4325   -1463.6682  0.8859 
   00658    0.4450   -1471.7113  0.8877 
   00659    0.4325   -1466.9357  0.8924 
   00660    0.3975   -1469.9341  0.8941 
   00661    0.4900   -1463.8253  0.8911 
   00662    0.4400   -1474.6603  0.9015 
   00663    0.4500   -1460.9505  0.8972 
   00664    0.4700   -1464.3291  0.8971 
   00665    0.4750   -1460.5017  0.8952 
   00666    0.4575   -1464.3422  0.9056 
   00667    0.4925   -1465.0167  0.9026 
   00668    0.4225   -1468.2056  0.9043 
   00669    0.4600   -1467.7591  0.9029 
   00670    0.4025   -1474.2029  0.9081 
   00671    0.4200   -1473.0825  0.9079 
   00672    0.4325   -1457.4264  0.9045 
   00673    0.4050   -1458.4186  0.9093 
   00674    0.4100   -1463.5695  0.9089 
   00675    0.4125   -1474.9435  0.9116 
   00676    0.4300   -1467.5123  0.9099 
   00677    0.4475   -1463.6853  0.9111 
   00678    0.4125   -1462.6407  0.9143 
   00679    0.4725   -1480.7344  0.9108 
   00680    0.4750   -1476.3996  0.9111 
   00681    0.4425   -1470.4713  0.9101 
   00682    0.4400   -1473.1922  0.9116 
   00683    0.4425   -1466.3359  0.9044 
   00684    0.4550   -1467.7520  0.9026 
   00685    0.4300   -1465.8370  0.9006 
   00686    0.4725   -1477.5346  0.9004 
   00687    0.4225   -1470.0500  0.8983 
   00688    0.4650   -1473.4998  0.8986 
   00689    0.4550   -1460.8111  0.9017 
   00690    0.4500   -1460.3797  0.9004 
   00691    0.4375   -1462.6522  0.8957 
   00692    0.4350   -1471.5320  0.8979 
   00693    0.4625   -1472.0219  0.8998 
   00694    0.4650   -1466.0998  0.8998 
   00695    0.4575   -1476.5053  0.9064 
   00696    0.4650   -1479.1480  0.9066 
   00697    0.4650   -1470.6773  0.9048 
   00698    0.4075   -1477.5040  0.9039 
   00699    0.4250   -1477.6105  0.9023 
   00700    0.4250   -1483.9961  0.9084 
   00701    0.4175   -1479.1581  0.9077 
   00702    0.4300   -1472.1407  0.9094 
   00703    0.4350   -1475.4324  0.9144 
   00704    0.4175   -1478.3018  0.9161 
   00705    0.4375   -1471.2321  0.9104 
   00706    0.4225   -1482.1919  0.9164 
   00707    0.5075   -1474.2956  0.9141 
   00708    0.4525   -1471.6871  0.9123 
   00709    0.4625   -1463.9026  0.9055 
   00710    0.4700   -1466.5622  0.9068 
   00711    0.4550   -1475.2751  0.9132 
   00712    0.4250   -1479.4781  0.9098 
   00713    0.3775   -1478.0134  0.9116 
   00714    0.4850   -1475.0207  0.9108 
   00715    0.4400   -1473.0586  0.9100 
   00716    0.4450   -1480.5287  0.9121 
   00717    0.3925   -1476.3883  0.9116 
   00718    0.4725   -1486.3729  0.9114 
   00719    0.4450   -1477.2325  0.9093 
   00720    0.4625   -1464.2033  0.9028 
   00721    0.4650   -1459.5073  0.9065 
   00722    0.4250   -1466.9770  0.9076 
   00723    0.4275   -1467.0415  0.9116 
   00724    0.4400   -1473.2421  0.9146 
   00725    0.4450   -1473.0838  0.9175 
   00726    0.4350   -1487.1809  0.9217 
   00727    0.4575   -1483.0004  0.9241 
   00728    0.4300   -1472.9324  0.9213 
   00729    0.4525   -1464.3503  0.9161 
   00730    0.4500   -1473.2137  0.9201 
   00731    0.4325   -1465.8046  0.9213 
   00732    0.4850   -1468.4183  0.9188 
   00733    0.4725   -1465.5009  0.9168 
   00734    0.4550   -1474.7747  0.9159 
   00735    0.4475   -1480.7167  0.9129 
   00736    0.4475   -1474.7479  0.9165 
   00737    0.4475   -1466.2316  0.9185 
   00738    0.4550   -1479.2073  0.9235 
   00739    0.4500   -1481.1895  0.9226 
   00740    0.4500   -1484.5876  0.9254 
   00741    0.4125   -1484.1234  0.9268 
   00742    0.4075   -1485.0710  0.9275 
   00743    0.3850   -1486.7730  0.9255 
   00744    0.4425   -1483.9983  0.9248 
   00745    0.4225   -1484.1765  0.9221 
   00746    0.4275   -1477.5186  0.9183 
   00747    0.4350   -1478.4689  0.9175 
   00748    0.4400   -1489.3684  0.9194 
   00749    0.3900   -1482.2717  0.9190 
   00750    0.4525   -1472.2879  0.9150 
   00751    0.4150   -1481.1008  0.9133 
   00752    0.4200   -1475.9160  0.9153 
   00753    0.4225   -1481.6689  0.9171 
   00754    0.4400   -1479.6202  0.9141 
   00755    0.3925   -1476.2451  0.9144 
   00756    0.4225   -1469.3711  0.9125 
   00757    0.4050   -1478.4082  0.9133 
   00758    0.4575   -1492.5980  0.9185 
   00759    0.4475   -1484.7485  0.9160 
   00760    0.4400   -1482.6205  0.9105 
   00761    0.3775   -1471.1737  0.9053 
   00762    0.4425   -1471.2235  0.8996 
   00763    0.4650   -1470.8466  0.9030 
   00764    0.3800   -1474.3495  0.9096 
   00765    0.4775   -1472.1980  0.9093 
   00766    0.5000   -1461.5982  0.8982 
   00767    0.4575   -1470.0450  0.9026 
   00768    0.4275   -1474.6905  0.9070 
   00769    0.4300   -1483.6578  0.9114 
   00770    0.4125   -1476.6159  0.9043 
   00771    0.4675   -1472.5566  0.9049 
   00772    0.4200   -1474.1502  0.9060 
   00773    0.3975   -1478.6290  0.9012 
   00774    0.4300   -1477.2420  0.9047 
   00775    0.4450   -1470.4835  0.9030 
   00776    0.4725   -1476.0768  0.9046 
   00777    0.3975   -1468.3624  0.9003 
   00778    0.4525   -1460.8912  0.8991 
   00779    0.4650   -1462.9101  0.8988 
   00780    0.4500   -1463.7544  0.8959 
   00781    0.4175   -1461.8771  0.8892 
   00782    0.4775   -1467.4491  0.8972 
   00783    0.4325   -1474.2351  0.9042 
   00784    0.4900   -1473.2141  0.9032 
   00785    0.4250   -1472.1277  0.9012 
   00786    0.4175   -1474.1104  0.9063 
   00787    0.4475   -1471.5183  0.9020 
   00788    0.4300   -1474.7529  0.9023 
   00789    0.3950   -1476.3628  0.9044 
   00790    0.4800   -1479.6992  0.9070 
   00791    0.4475   -1486.9301  0.9136 
   00792    0.4500   -1472.6003  0.9059 
   00793    0.4725   -1462.4543  0.8987 
   00794    0.4850   -1461.7079  0.9001 
   00795    0.4325   -1460.8907  0.8986 
   00796    0.4150   -1460.2463  0.8992 
   00797    0.4325   -1457.4837  0.8991 
   00798    0.4775   -1462.9575  0.9040 
   00799    0.4125   -1468.1495  0.9107 
   00800    0.4425   -1469.9180  0.9100 
   00801    0.4275   -1476.4350  0.9094 
   00802    0.4500   -1470.7694  0.9046 
   00803    0.4250   -1476.5575  0.9048 
   00804    0.4575   -1475.3387  0.9025 
   00805    0.4500   -1469.6342  0.9016 
   00806    0.4250   -1464.9833  0.9058 
   00807    0.4600   -1464.7696  0.9102 
   00808    0.4550   -1461.5211  0.9134 
   00809    0.4425   -1470.9891  0.9100 
   00810    0.4500   -1472.0579  0.9030 
   00811    0.4325   -1485.9639  0.9031 
   00812    0.4550   -1469.1577  0.8971 
   00813    0.4450   -1469.8308  0.8984 
   00814    0.4050   -1477.3255  0.9032 
   00815    0.4475   -1475.5997  0.9054 
   00816    0.4325   -1474.7444  0.9053 
   00817    0.4250   -1482.2813  0.9097 
   00818    0.4650   -1482.4566  0.9171 
   00819    0.4825   -1476.1893  0.9131 
   00820    0.4525   -1474.1741  0.9123 
   00821    0.4525   -1480.6520  0.9132 
   00822    0.4700   -1479.3158  0.9123 
   00823    0.4075   -1482.3801  0.9182 
   00824    0.4400   -1474.4770  0.9170 
   00825    0.4125   -1474.2202  0.9136 
   00826    0.4350   -1477.1627  0.9205 
   00827    0.4775   -1478.8005  0.9210 
   00828    0.4600   -1478.8382  0.9239 
   00829    0.4350   -1492.3546  0.9283 
   00830    0.4550   -1485.0875  0.9192 
   00831    0.4375   -1478.4531  0.9228 
   00832    0.4675   -1469.6355  0.9149 
   00833    0.3925   -1466.0204  0.9119 
   00834    0.4000   -1456.9675  0.9058 
   00835    0.4250   -1465.2927  0.9065 
   00836    0.4375   -1466.5403  0.9047 
   00837    0.4850   -1454.5956  0.8988 
   00838    0.4550   -1450.5258  0.8947 
   00839    0.4325   -1461.8634  0.9006 
   00840    0.4075   -1464.6527  0.9031 
   00841    0.4150   -1470.0526  0.9055 
   00842    0.4950   -1468.5239  0.9072 
   00843    0.4175   -1468.5108  0.9062 
   00844    0.4100   -1480.7702  0.9062 
   00845    0.4375   -1485.5606  0.9121 
   00846    0.4525   -1484.7521  0.9081 
   00847    0.4775   -1480.1774  0.9078 
   00848    0.4125   -1483.2690  0.9090 
   00849    0.4225   -1486.7471  0.9128 
   00850    0.4775   -1467.9925  0.9009 
   00851    0.4400   -1466.6290  0.9044 
   00852    0.4650   -1461.7159  0.8993 
   00853    0.4050   -1460.3811  0.8998 
   00854    0.4300   -1449.7933  0.8942 
   00855    0.4950   -1450.5611  0.8945 
   00856    0.4500   -1458.4964  0.8981 
   00857    0.4450   -1480.9640  0.8999 
   00858    0.4600   -1477.5877  0.8915 
   00859    0.4025   -1473.1007  0.8912 
   00860    0.4450   -1468.6987  0.8896 
   00861    0.4350   -1470.3355  0.8923 
   00862    0.4375   -1476.8057  0.8991 
   00863    0.4500   -1467.3770  0.8911 
   00864    0.4450   -1476.1318  0.8980 
   00865    0.4650   -1476.3616  0.9009 
   00866    0.4200   -1460.8964  0.8970 
   00867    0.4775   -1466.6936  0.8959 
   00868    0.4450   -1462.5959  0.9019 
   00869    0.4450   -1469.1337  0.9045 
   00870    0.4225   -1474.8870  0.9096 
   00871    0.4150   -1469.6126  0.9098 
   00872    0.4525   -1469.2342  0.9067 
   00873    0.3975   -1462.8535  0.9080 
   00874    0.4500   -1459.9790  0.9057 
   00875    0.4000   -1467.1549  0.9113 
   00876    0.4775   -1471.8580  0.9136 
   00877    0.4575   -1469.8727  0.9112 
   00878    0.5075   -1479.9896  0.9154 
   00879    0.4000   -1472.5272  0.9144 
   00880    0.4400   -1469.0754  0.9039 
   00881    0.4325   -1472.1586  0.8984 
   00882    0.4050   -1462.1899  0.9004 
   00883    0.5025   -1464.8038  0.9015 
   00884    0.4125   -1470.1920  0.9011 
   00885    0.4400   -1476.0735  0.9001 
   00886    0.4250   -1482.4287  0.9045 
   00887    0.3950   -1479.3797  0.9071 
   00888    0.4325   -1482.8335  0.9044 
   00889    0.4500   -1478.1137  0.9051 
   00890    0.4725   -1481.9011  0.8989 
   00891    0.4450   -1483.7404  0.8986 
   00892    0.4800   -1477.5768  0.9018 
   00893    0.4400   -1476.7564  0.8991 
   00894    0.4225   -1473.7639  0.8946 
   00895    0.4400   -1478.4165  0.9019 
   00896    0.4875   -1477.5923  0.9024 
   00897    0.3950   -1475.2535  0.9003 
   00898    0.4375   -1470.6408  0.9044 
   00899    0.4475   -1472.4270  0.9062 
   00900    0.4300   -1472.5668  0.9074 
   00901    0.4475   -1460.4153  0.9068 
   00902    0.4325   -1469.5728  0.9101 
   00903    0.4100   -1464.5834  0.9134 
   00904    0.4525   -1462.5207  0.9118 
   00905    0.4975   -1452.0280  0.9080 
   00906    0.4925   -1466.4723  0.9115 
   00907    0.4375   -1471.4101  0.9055 
   00908    0.4250   -1472.9618  0.9120 
   00909    0.4175   -1469.8678  0.9081 
   00910    0.4350   -1466.6610  0.9069 
   00911    0.4400   -1466.9748  0.9105 
   00912    0.4425   -1467.3968  0.9085 
   00913    0.4100   -1466.4742  0.9010 
   00914    0.4650   -1465.3978  0.9100 
   00915    0.4775   -1462.4171  0.9053 
   00916    0.4875   -1466.4410  0.9019 
   00917    0.4025   -1466.9240  0.8994 
   00918    0.4525   -1462.1086  0.8934 
   00919    0.4250   -1460.5432  0.8944 
   00920    0.4450   -1451.1335  0.8924 
   00921    0.4700   -1455.4443  0.8891 
   00922    0.4450   -1450.4075  0.8823 
   00923    0.4650   -1457.0672  0.8847 
   00924    0.4950   -1461.4445  0.8934 
   00925    0.4600   -1459.9546  0.8975 
   00926    0.4325   -1461.5249  0.9001 
   00927    0.4325   -1462.3229  0.8984 
   00928    0.4675   -1471.5103  0.9066 
   00929    0.4050   -1473.9004  0.9037 
   00930    0.4175   -1481.4005  0.9067 
   00931    0.4350   -1482.4145  0.9120 
   00932    0.4275   -1483.0377  0.9150 
   00933    0.4525   -1477.2022  0.9111 
   00934    0.4350   -1465.4187  0.9135 
   00935    0.4625   -1468.9460  0.9155 
   00936    0.4425   -1468.0490  0.9141 
   00937    0.4275   -1464.1638  0.9092 
   00938    0.4550   -1473.7267  0.9105 
   00939    0.4550   -1469.9355  0.9050 
   00940    0.4325   -1473.0751  0.9065 
   00941    0.4600   -1459.3771  0.9019 
   00942    0.4375   -1467.0515  0.9056 
   00943    0.4350   -1462.9417  0.9046 
   00944    0.4450   -1470.0107  0.9115 
   00945    0.4275   -1477.4902  0.9168 
   00946    0.4375   -1471.0072  0.9118 
   00947    0.4250   -1464.5210  0.9078 
   00948    0.4450   -1462.6063  0.9065 
   00949    0.4400   -1473.6666  0.9103 
   00950    0.4200   -1472.2779  0.9071 
   00951    0.4750   -1469.7043  0.9102 
   00952    0.4250   -1466.2446  0.9077 
   00953    0.4650   -1470.3376  0.9086 
   00954    0.4300   -1471.1423  0.9088 
   00955    0.4450   -1466.4929  0.9046 
   00956    0.4250   -1459.8739  0.8998 
   00957    0.4500   -1465.2493  0.9089 
   00958    0.3975   -1465.7367  0.9132 
   00959    0.4550   -1466.3749  0.9087 
   00960    0.4575   -1461.1608  0.9062 
   00961    0.4550   -1469.3599  0.9183 
   00962    0.4175   -1471.2829  0.9194 
   00963    0.4250   -1466.1711  0.9211 
   00964    0.5025   -1471.7140  0.9176 
   00965    0.4800   -1467.0416  0.9203 
   00966    0.4450   -1468.8044  0.9192 
   00967    0.4775   -1478.2469  0.9165 
   00968    0.4450   -1480.2945  0.9202 
   00969    0.4425   -1473.9421  0.9220 
   00970    0.4300   -1469.1660  0.9225 
   00971    0.4750   -1478.1419  0.9276 
   00972    0.4450   -1473.4871  0.9283 
   00973    0.4775   -1483.5504  0.9285 
   00974    0.4525   -1484.6591  0.9293 
   00975    0.4000   -1479.8364  0.9273 
   00976    0.4525   -1477.7085  0.9218 
   00977    0.4525   -1486.9311  0.9297 
   00978    0.4100   -1482.9386  0.9263 
   00979    0.4675   -1484.2454  0.9237 
   00980    0.4525   -1477.0105  0.9228 
   00981    0.4125   -1474.4886  0.9232 
   00982    0.4450   -1466.9535  0.9211 
   00983    0.4450   -1472.5550  0.9226 
   00984    0.4300   -1473.4337  0.9191 
   00985    0.4400   -1479.6097  0.9231 
   00986    0.4575   -1483.3358  0.9275 
   00987    0.4025   -1480.4895  0.9256 
   00988    0.4600   -1485.2621  0.9315 
   00989    0.4500   -1484.7049  0.9326 
   00990    0.4375   -1484.8984  0.9355 
   00991    0.4575   -1486.1172  0.9381 
   00992    0.4300   -1490.8538  0.9349 
   00993    0.4775   -1488.5936  0.9365 
   00994    0.4250   -1498.5620  0.9415 
   00995    0.4625   -1489.8828  0.9428 
   00996    0.4525   -1489.7687  0.9437 
   00997    0.4000   -1483.8317  0.9398 
   00998    0.4025   -1479.2186  0.9361 
   00999    0.4300   -1485.1065  0.9360 
   01000    0.4000   -1490.9244  0.9379 
