#=====================================================
# File created:        Tue-03-Mar-2026-at-11-35-18PM
# Size of lattice:     20x20
# Number of MC steps:  1000
# Reduced temperature: 1.000
# Run time (s):        10.170488
#=====================================================
# MC step:  Ratio:     Energy:   Order:
#=====================================================
   00000    0.5000    -414.7589  0.2921 
   00001    0.6900    -641.2887  0.3060 
   00002    0.5875    -750.1469  0.3397 
   00003    0.5925    -775.9333  0.3460 
   00004    0.5875    -806.5740  0.3327 
   00005    0.5700    -852.0387  0.3433 
   00006    0.4975    -841.8702  0.3213 
   00007    0.5300    -854.8473  0.3324 
   00008    0.5500    -844.7207  0.3343 
   00009    0.4925    -914.9199  0.3419 
   00010    0.5200    -904.1257  0.3350 
   00011    0.5475    -895.9357  0.3724 
   00012    0.4925    -921.9713  0.3806 
   00013    0.5325    -931.7038  0.3927 
   00014    0.4850    -918.1510  0.3832 
   00015    0.4525    -937.1271  0.3778 
   00016    0.4900    -944.1932  0.3749 
   00017    0.4950    -961.2616  0.3679 
   00018    0.4525    -990.9230  0.3780 
   00019    0.4600    -966.6888  0.3617 
   00020    0.4600    -960.5060  0.3466 
   00021    0.4725    -950.0254  0.3436 
   00022    0.5100    -942.8375  0.3298 
   00023    0.5225    -946.3632  0.3046 
   00024    0.5300    -938.7696  0.2978 
   00025    0.5025    -936.0204  0.3258 
   00026    0.5200    -941.6896  0.3409 
   00027    0.4900    -932.6256  0.3369 
   00028    0.5025    -915.9923  0.3489 
   00029    0.5100    -920.9756  0.3382 
   00030    0.4375    -916.7755  0.3208 
   00031    0.4975    -912.8157  0.3454 
   00032    0.4975    -920.4028  0.3233 
   00033    0.5300    -914.5904  0.3231 
   00034    0.5025    -888.3914  0.3622 
   00035    0.4925    -915.7965  0.3665 
   00036    0.4925    -933.5790  0.3757 
   00037    0.4800    -916.5377  0.3717 
   00038    0.4875    -945.8862  0.3609 
   00039    0.4950    -914.9399  0.3596 
   00040    0.5050    -954.4371  0.3505 
   00041    0.4625    -952.0292  0.3428 
   00042    0.4400    -989.0533  0.3678 
   00043    0.4850    -962.9774  0.3579 
   00044    0.4850    -937.1017  0.3428 
   00045    0.5175    -934.5224  0.3635 
   00046    0.5425    -890.1892  0.3332 
   00047    0.5000    -889.3984  0.3299 
   00048    0.5550    -894.8962  0.3442 
   00049    0.5200    -949.1307  0.3870 
   00050    0.5225    -940.6846  0.4033 
   00051    0.4800    -936.4760  0.4152 
   00052    0.5075    -883.9806  0.4218 
   00053    0.5175    -924.6531  0.4498 
   00054    0.5175    -907.2093  0.4444 
   00055    0.4875    -909.1371  0.4378 
   00056    0.5225    -916.0906  0.4179 
   00057    0.5000    -933.2953  0.4262 
   00058    0.5250    -963.0047  0.4465 
   00059    0.5025    -922.2069  0.4293 
   00060    0.4600    -962.5119  0.4426 
   00061    0.5050    -931.2578  0.4537 
   00062    0.5275    -914.2009  0.4224 
   00063    0.5125    -934.0636  0.4223 
   00064    0.5150    -927.1573  0.4540 
   00065    0.4775    -925.1511  0.4329 
   00066    0.5050    -914.4893  0.4261 
   00067    0.5175    -929.1494  0.4297 
   00068    0.5075    -934.0089  0.4211 
   00069    0.5000    -916.1959  0.4275 
   00070    0.4550    -921.6861  0.4276 
   00071    0.5225    -919.3870  0.3984 
   00072    0.5075    -919.3333  0.3982 
   00073    0.4725    -896.6875  0.4170 
   00074    0.5100    -895.3531  0.4502 
   00075    0.4950    -931.6085  0.4476 
   00076    0.5075    -962.3458  0.4828 
   00077    0.5050    -968.8994  0.4948 
   00078    0.5075    -977.2968  0.5127 
   00079    0.4725    -982.8561  0.5208 
   00080    0.4800    -995.6465  0.5014 
   00081    0.4575    -976.8673  0.5026 
   00082    0.4500    -988.8276  0.5085 
   00083    0.5100    -969.3852  0.5328 
   00084    0.4500   -1005.8364  0.5551 
   00085    0.4500    -977.3885  0.5345 
   00086    0.5125    -998.3276  0.5255 
   00087    0.4325    -988.7355  0.5087 
   00088    0.4825   -1018.5844  0.5055 
   00089    0.4400   -1015.4343  0.5163 
   00090    0.4450    -974.4127  0.4909 
   00091    0.4525    -974.8402  0.4441 
   00092    0.4750    -990.0294  0.4648 
   00093    0.4275   -1010.0219  0.4965 
   00094    0.4300    -975.6996  0.4695 
   00095    0.4725    -966.3927  0.4997 
   00096    0.4825    -976.5920  0.4913 
   00097    0.4575    -970.0789  0.4818 
   00098    0.4625    -976.6700  0.4783 
   00099    0.4850    -943.5178  0.4634 
   00100    0.4525    -938.6647  0.4651 
   00101    0.5350    -970.3771  0.4696 
   00102    0.5300    -894.2100  0.4432 
   00103    0.4875    -891.4916  0.4460 
   00104    0.5225    -883.6831  0.4711 
   00105    0.4775    -912.0388  0.4875 
   00106    0.4875    -892.8342  0.4714 
   00107    0.4950    -895.7755  0.4804 
   00108    0.5150    -873.7130  0.4713 
   00109    0.5325    -890.4708  0.4534 
   00110    0.4850    -885.7274  0.4464 
   00111    0.5775    -878.3396  0.4497 
   00112    0.5550    -893.2029  0.4683 
   00113    0.5325    -892.1323  0.4565 
   00114    0.5425    -915.6783  0.4532 
   00115    0.4925    -903.2734  0.4391 
   00116    0.4900    -903.0520  0.4086 
   00117    0.4850    -917.7383  0.3726 
   00118    0.4600    -912.3212  0.3900 
   00119    0.4875    -876.6739  0.3828 
   00120    0.5050    -911.6710  0.4121 
   00121    0.5325    -867.1369  0.3909 
   00122    0.5450    -876.7518  0.4165 
   00123    0.5050    -922.5993  0.4437 
   00124    0.5075    -936.0121  0.4399 
   00125    0.5125    -934.0585  0.4467 
   00126    0.4925    -952.9600  0.4461 
   00127    0.5425    -906.0106  0.4274 
   00128    0.4950    -908.7765  0.4012 
   00129    0.4925    -899.3637  0.3871 
   00130    0.5225    -879.1114  0.4091 
   00131    0.5375    -882.1207  0.3794 
   00132    0.5525    -875.2903  0.3272 
   00133    0.6225    -869.5317  0.3334 
   00134    0.4900    -891.5270  0.3395 
   00135    0.4975    -881.5189  0.3274 
   00136    0.4925    -870.5886  0.3717 
   00137    0.5475    -910.1436  0.4107 
   00138    0.5150    -926.6576  0.4388 
   00139    0.5125    -891.8653  0.4410 
   00140    0.4925    -878.2469  0.4059 
   00141    0.4800    -915.7487  0.4023 
   00142    0.5150    -900.0677  0.4157 
   00143    0.5550    -882.6513  0.4390 
   00144    0.5625    -920.0686  0.4501 
   00145    0.5300    -913.2569  0.4638 
   00146    0.5050    -931.1586  0.4503 
   00147    0.5325    -941.0369  0.4446 
   00148    0.5000    -965.9440  0.4639 
   00149    0.5000    -945.4802  0.4266 
   00150    0.4675    -926.7413  0.4309 
   00151    0.5000    -943.2688  0.4842 
   00152    0.4925    -953.4222  0.4627 
   00153    0.5025    -968.9007  0.4500 
   00154    0.4725    -942.3907  0.4205 
   00155    0.5250    -936.2700  0.4082 
   00156    0.5250    -887.5913  0.3696 
   00157    0.5025    -924.3440  0.3476 
   00158    0.5350    -873.4297  0.3398 
   00159    0.5250    -913.0252  0.3674 
   00160    0.4850    -901.8874  0.3703 
   00161    0.5550    -894.5641  0.3727 
   00162    0.4850    -907.5350  0.3917 
   00163    0.4975    -908.4828  0.3860 
   00164    0.4925    -913.3041  0.3933 
   00165    0.4725    -946.3013  0.4116 
   00166    0.4700    -926.5774  0.4046 
   00167    0.5175    -876.4783  0.3931 
   00168    0.5050    -920.2173  0.3836 
   00169    0.4500    -936.5636  0.3951 
   00170    0.4925    -892.9675  0.3842 
   00171    0.4925    -917.2418  0.3781 
   00172    0.5250    -892.7801  0.3808 
   00173    0.4700    -910.5334  0.3520 
   00174    0.5475    -881.5186  0.3263 
   00175    0.5625    -903.0529  0.3247 
   00176    0.5175    -890.0222  0.3219 
   00177    0.4575    -924.1465  0.3222 
   00178    0.4975    -902.6279  0.3533 
   00179    0.4775    -930.1973  0.3644 
   00180    0.4975    -921.0776  0.3402 
   00181    0.4900    -938.6341  0.3073 
   00182    0.4350    -939.5249  0.3247 
   00183    0.4875    -934.6378  0.3804 
   00184    0.4975    -932.9510  0.3896 
   00185    0.5225    -948.1234  0.3863 
   00186    0.4675    -961.7496  0.3671 
   00187    0.4700    -977.2697  0.3963 
   00188    0.5350    -896.1133  0.4001 
   00189    0.4750    -901.8976  0.3973 
   00190    0.4300    -906.6767  0.3979 
   00191    0.5325    -910.0702  0.4156 
   00192    0.4975    -938.4351  0.4490 
   00193    0.4650    -927.6035  0.4559 
   00194    0.5000    -927.4408  0.4413 
   00195    0.4850    -932.9616  0.4355 
   00196    0.4425    -969.4399  0.4418 
   00197    0.4625    -965.5425  0.4557 
   00198    0.5000    -950.8962  0.4471 
   00199    0.4400    -955.3440  0.4562 
   00200    0.4825    -928.5001  0.4452 
   00201    0.5025    -923.3437  0.4518 
   00202    0.5075    -929.2560  0.4329 
   00203    0.4725    -885.6258  0.4082 
   00204    0.5300    -915.8053  0.3722 
   00205    0.4650    -950.2601  0.4224 
   00206    0.4625    -948.8605  0.4208 
   00207    0.4925    -910.9183  0.4094 
   00208    0.4875    -916.8524  0.4296 
   00209    0.4850    -924.3242  0.4539 
   00210    0.4575    -944.0937  0.4616 
   00211    0.4975    -951.0470  0.4538 
   00212    0.4100    -972.4470  0.4526 
   00213    0.4600   -1022.9016  0.4503 
   00214    0.4650   -1043.3207  0.4638 
   00215    0.4650    -997.1219  0.4511 
   00216    0.5000   -1034.7918  0.4399 
   00217    0.4775   -1013.0572  0.4708 
   00218    0.5000    -957.2372  0.4663 
   00219    0.4825    -969.3375  0.4664 
   00220    0.4925    -948.3024  0.4662 
   00221    0.5075    -972.4804  0.4688 
   00222    0.4825    -957.0474  0.4320 
   00223    0.5000    -909.9435  0.4059 
   00224    0.5275    -923.3352  0.4156 
   00225    0.5100    -924.5360  0.4094 
   00226    0.4900    -900.9115  0.4153 
   00227    0.5075    -931.8505  0.4325 
   00228    0.5025    -906.5950  0.4498 
   00229    0.4900    -927.3472  0.4683 
   00230    0.5450    -946.0682  0.4887 
   00231    0.4850    -965.3998  0.5068 
   00232    0.4975    -931.0303  0.4786 
   00233    0.4750    -945.7689  0.4924 
   00234    0.4650    -898.8258  0.4464 
   00235    0.5250    -900.0155  0.4742 
   00236    0.5025    -903.6061  0.5059 
   00237    0.5025    -941.7566  0.5604 
   00238    0.5200    -971.0954  0.5507 
   00239    0.4975    -956.7891  0.5512 
   00240    0.4650   -1001.3788  0.5500 
   00241    0.4350    -960.2068  0.5207 
   00242    0.5175    -920.7477  0.5288 
   00243    0.4550    -950.5738  0.5236 
   00244    0.5100    -973.8334  0.5116 
   00245    0.4325    -999.3785  0.4948 
   00246    0.4600    -978.2676  0.4930 
   00247    0.4775    -949.7030  0.4980 
   00248    0.5300    -976.1873  0.5216 
   00249    0.4375    -993.6487  0.5142 
   00250    0.4575    -998.8101  0.5309 
   00251    0.4550    -981.4468  0.5488 
   00252    0.4850    -953.8059  0.5005 
   00253    0.4625    -977.0533  0.5040 
   00254    0.4500    -934.4445  0.4818 
   00255    0.5125    -930.2422  0.4833 
   00256    0.5050    -916.3869  0.4589 
   00257    0.5375    -905.0774  0.4465 
   00258    0.5400    -931.7557  0.4663 
   00259    0.4950    -947.5663  0.4599 
   00260    0.5225    -967.7170  0.4915 
   00261    0.4750    -995.3998  0.5023 
   00262    0.4500   -1005.4057  0.4972 
   00263    0.5000    -983.3483  0.4783 
   00264    0.4975    -996.7992  0.4531 
   00265    0.4525    -999.5423  0.4474 
   00266    0.4550   -1005.9154  0.4491 
   00267    0.4850   -1031.0130  0.4736 
   00268    0.4400   -1034.2493  0.4699 
   00269    0.4775   -1044.2135  0.4709 
   00270    0.4350   -1031.0158  0.4284 
   00271    0.4575   -1008.7445  0.4238 
   00272    0.4800    -995.9943  0.4654 
   00273    0.4625    -989.7407  0.4530 
   00274    0.4800    -995.7587  0.4160 
   00275    0.4400    -968.2189  0.4074 
   00276    0.4525   -1003.3518  0.4094 
   00277    0.5100    -968.0361  0.3891 
   00278    0.4725    -970.8017  0.4082 
   00279    0.4850    -948.2441  0.3970 
   00280    0.4775    -911.5147  0.4171 
   00281    0.5275    -941.3686  0.4089 
   00282    0.4875    -906.2269  0.4107 
   00283    0.4725    -940.2863  0.4005 
   00284    0.5250    -963.6425  0.4111 
   00285    0.4550    -965.9872  0.4201 
   00286    0.4950    -901.5526  0.3966 
   00287    0.5475    -907.7166  0.3729 
   00288    0.4750    -869.4015  0.3602 
   00289    0.5175    -867.6331  0.3572 
   00290    0.4875    -900.7651  0.3409 
   00291    0.4900    -943.9079  0.3776 
   00292    0.4875   -1000.4491  0.3710 
   00293    0.4750    -958.0631  0.3359 
   00294    0.4850    -953.8844  0.3642 
   00295    0.4650    -912.8697  0.3471 
   00296    0.5175    -888.8818  0.3357 
   00297    0.5200    -897.6270  0.2880 
   00298    0.5475    -919.4903  0.3149 
   00299    0.5250    -896.8020  0.3480 
   00300    0.5550    -935.2597  0.3596 
   00301    0.5050    -928.6350  0.3416 
   00302    0.5000    -943.7361  0.3213 
   00303    0.4875    -912.2686  0.2961 
   00304    0.5000    -911.6066  0.3097 
   00305    0.5225    -920.3580  0.2938 
   00306    0.5025    -872.8335  0.3405 
   00307    0.5250    -862.9410  0.3408 
   00308    0.5125    -928.4972  0.3599 
   00309    0.5125    -936.8206  0.3970 
   00310    0.4500    -942.4641  0.4324 
   00311    0.4775    -942.5980  0.4483 
   00312    0.4750    -974.7863  0.4530 
   00313    0.4575    -924.6961  0.4572 
   00314    0.4875    -964.8770  0.4534 
   00315    0.5150    -926.6867  0.4468 
   00316    0.5125    -909.8243  0.4262 
   00317    0.5025    -924.4889  0.4417 
   00318    0.4625    -949.5757  0.4382 
   00319    0.4775    -912.3457  0.4311 
   00320    0.5650    -945.4449  0.3986 
   00321    0.5175    -897.6751  0.3744 
   00322    0.5075    -909.1703  0.3719 
   00323    0.4475    -933.6098  0.3625 
   00324    0.5275    -938.7443  0.3576 
   00325    0.5275    -915.6686  0.3527 
   00326    0.4900    -887.5966  0.3653 
   00327    0.5150    -897.0121  0.3444 
   00328    0.5450    -913.2534  0.2993 
   00329    0.5275    -897.0014  0.3203 
   00330    0.4875    -931.7282  0.3172 
   00331    0.4875    -894.3623  0.2909 
   00332    0.5000    -861.3840  0.2948 
   00333    0.5550    -884.1711  0.2929 
   00334    0.5450    -882.1116  0.3097 
   00335    0.4750    -927.7451  0.2778 
   00336    0.5750    -863.8624  0.2922 
   00337    0.5200    -857.0709  0.2871 
   00338    0.5050    -858.9872  0.3341 
   00339    0.5275    -866.2944  0.3594 
   00340    0.5100    -859.6429  0.3839 
   00341    0.5175    -834.4129  0.3772 
   00342    0.5900    -870.8656  0.4184 
   00343    0.5025    -918.5193  0.4129 
   00344    0.5175    -927.5680  0.4237 
   00345    0.5250    -921.6577  0.4460 
   00346    0.5000    -931.3776  0.4671 
   00347    0.5025    -937.7557  0.4973 
   00348    0.4900    -948.2095  0.4889 
   00349    0.5225    -966.1087  0.4811 
   00350    0.4575    -988.1821  0.4709 
   00351    0.5000    -973.7072  0.4359 
   00352    0.4725    -956.0285  0.4503 
   00353    0.5550    -960.2395  0.4581 
   00354    0.4925    -940.7690  0.4580 
   00355    0.5400    -938.8651  0.4373 
   00356    0.4725    -933.1334  0.4038 
   00357    0.4450    -947.4254  0.4067 
   00358    0.4625    -930.9352  0.4100 
   00359    0.5000    -921.0607  0.4241 
   00360    0.4500    -906.3230  0.4334 
   00361    0.4800    -943.9271  0.4022 
   00362    0.5100    -964.3543  0.4166 
   00363    0.4875    -951.4508  0.4371 
   00364    0.4775    -932.2743  0.4590 
   00365    0.5125    -922.3893  0.4273 
   00366    0.4825    -933.3343  0.4700 
   00367    0.5550    -942.9712  0.5043 
   00368    0.4725    -940.0512  0.4614 
   00369    0.4650    -966.6663  0.4740 
   00370    0.4550    -927.8550  0.4522 
   00371    0.5100    -925.6939  0.4943 
   00372    0.5000    -937.9762  0.5082 
   00373    0.4675    -975.1408  0.5550 
   00374    0.4600    -992.8397  0.5355 
   00375    0.5025   -1034.9351  0.5286 
   00376    0.4825    -985.3270  0.5529 
   00377    0.4325    -983.4276  0.5441 
   00378    0.4750    -979.1046  0.5311 
   00379    0.5225   -1001.2459  0.5396 
   00380    0.4500   -1010.4223  0.5549 
   00381    0.4675    -984.2827  0.5315 
   00382    0.4975    -959.0311  0.4972 
   00383    0.4750    -966.5652  0.4795 
   00384    0.4800    -985.8444  0.4528 
   00385    0.4600    -949.2446  0.4124 
   00386    0.4725    -931.3280  0.4203 
   00387    0.4875    -930.0677  0.3919 
   00388    0.5150    -917.2277  0.4034 
   00389    0.4775    -907.7155  0.3721 
   00390    0.5300    -898.5197  0.3931 
   00391    0.5400    -901.6367  0.4186 
   00392    0.4450    -965.5578  0.3966 
   00393    0.5250    -938.2433  0.3748 
   00394    0.4975    -902.5080  0.3633 
   00395    0.4875    -952.6650  0.3936 
   00396    0.4725    -950.2717  0.4180 
   00397    0.4825    -938.7713  0.4453 
   00398    0.4975    -957.9364  0.4252 
   00399    0.4900    -907.8287  0.4070 
   00400    0.5225    -886.7900  0.4062 
   00401    0.5475    -878.4891  0.3831 
   00402    0.4725    -887.4299  0.3597 
   00403    0.4975    -907.3645  0.3604 
   00404    0.5525    -890.4844  0.3301 
   00405    0.5275    -874.9956  0.3495 
   00406    0.5125    -889.4724  0.3674 
   00407    0.5125    -862.1490  0.3606 
   00408    0.5350    -864.5720  0.4074 
   00409    0.5175    -895.6273  0.4083 
   00410    0.4925    -973.0275  0.4050 
   00411    0.4975    -961.2487  0.4153 
   00412    0.4900    -949.1703  0.3789 
   00413    0.4875    -967.2459  0.4184 
   00414    0.4850    -964.8895  0.4186 
   00415    0.4675    -904.4650  0.4044 
   00416    0.5025    -892.1820  0.4220 
   00417    0.5175    -903.8155  0.4430 
   00418    0.5275    -909.9226  0.4306 
   00419    0.5050    -897.1974  0.4295 
   00420    0.5300    -888.4552  0.4321 
   00421    0.5725    -871.3429  0.4281 
   00422    0.5125    -880.6063  0.4311 
   00423    0.5275    -929.4226  0.4481 
   00424    0.5025    -924.1449  0.4644 
   00425    0.5275    -917.7383  0.4760 
   00426    0.4750    -906.8708  0.4831 
   00427    0.4900    -934.9322  0.4892 
   00428    0.4650    -928.4986  0.4794 
   00429    0.4875    -934.3848  0.4721 
   00430    0.4975    -962.6432  0.4984 
   00431    0.4675    -906.8572  0.4966 
   00432    0.5025    -957.9056  0.5067 
   00433    0.4825    -964.2718  0.4788 
   00434    0.4800    -975.2726  0.4772 
   00435    0.4875    -941.1664  0.4656 
   00436    0.4950    -962.5114  0.4321 
   00437    0.4900    -962.8472  0.4117 
   00438    0.4700    -936.5847  0.3938 
   00439    0.4325    -978.2596  0.4368 
   00440    0.5325    -977.0047  0.4439 
   00441    0.5050    -960.4170  0.4795 
   00442    0.4625    -913.0062  0.4447 
   00443    0.5000    -880.1602  0.4177 
   00444    0.5225    -862.8024  0.3972 
   00445    0.5475    -837.9688  0.3838 
   00446    0.5225    -858.7860  0.4320 
   00447    0.5400    -897.5661  0.4207 
   00448    0.5225    -930.0261  0.4294 
   00449    0.5000    -934.2912  0.4120 
   00450    0.5350    -939.4908  0.4382 
   00451    0.5200    -966.8671  0.4046 
   00452    0.5175    -964.1917  0.3915 
   00453    0.4700    -948.2078  0.3940 
   00454    0.5075    -986.6372  0.3914 
   00455    0.4525    -963.5238  0.3414 
   00456    0.5125    -944.7232  0.3819 
   00457    0.4550    -923.6541  0.3636 
   00458    0.5000    -929.4423  0.4150 
   00459    0.4900    -930.5643  0.4317 
   00460    0.4875    -957.2305  0.4339 
   00461    0.5125    -945.5426  0.4411 
   00462    0.5300    -927.9110  0.4165 
   00463    0.4800    -971.5633  0.4391 
   00464    0.5025    -941.1222  0.4192 
   00465    0.5000    -934.7488  0.4405 
   00466    0.4975    -907.5453  0.4302 
   00467    0.4725    -938.4561  0.4318 
   00468    0.4975    -940.6518  0.4190 
   00469    0.5275    -928.4696  0.3444 
   00470    0.5375    -907.8740  0.3646 
   00471    0.4725    -908.2021  0.3443 
   00472    0.5400    -942.7586  0.3373 
   00473    0.5100    -950.3042  0.3563 
   00474    0.4825    -973.7889  0.3719 
   00475    0.4900    -946.5546  0.3907 
   00476    0.5200    -963.9426  0.4043 
   00477    0.4325    -951.9227  0.4101 
   00478    0.4625    -963.0273  0.4157 
   00479    0.4675    -979.0028  0.4507 
   00480    0.4875    -933.4182  0.4462 
   00481    0.4950    -944.2976  0.4659 
   00482    0.4900    -946.7375  0.4685 
   00483    0.4600    -977.2578  0.4741 
   00484    0.5075    -978.5249  0.4738 
   00485    0.4625    -970.1162  0.4700 
   00486    0.5125    -997.7473  0.4725 
   00487    0.4600   -1023.2662  0.4931 
   00488    0.4975   -1021.9237  0.4714 
   00489    0.4425   -1024.7959  0.4336 
   00490    0.4400   -1032.5718  0.4202 
   00491    0.4675   -1037.2817  0.4421 
   00492    0.4625    -992.2477  0.4268 
   00493    0.4325    -974.2625  0.4052 
   00494    0.4600    -946.2279  0.4039 
   00495    0.4550    -932.3270  0.4122 
   00496    0.5100    -954.6378  0.4081 
   00497    0.4950    -915.6842  0.3965 
   00498    0.4925    -944.2797  0.3891 
   00499    0.4975    -941.5626  0.3697 
   00500    0.5325    -889.7666  0.3836 
   00501    0.4750    -903.8704  0.3697 
   00502    0.4700    -875.1332  0.3587 
   00503    0.5050    -876.6892  0.3509 
   00504    0.5300    -907.4182  0.3598 
   00505    0.5750    -904.5817  0.3916 
   00506    0.4925    -889.1689  0.3942 
   00507    0.4950    -899.7644  0.3594 
   00508    0.5000    -940.9697  0.3796 
   00509    0.5400    -915.2837  0.3425 
   00510    0.4950    -908.6784  0.3924 
   00511    0.4900    -907.5185  0.3928 
   00512    0.4925    -891.9753  0.3976 
   00513    0.4900    -906.3841  0.3683 
   00514    0.4725    -910.8594  0.3691 
   00515    0.5050    -903.0395  0.3920 
   00516    0.4800    -907.3326  0.3981 
   00517    0.4700    -936.1058  0.4133 
   00518    0.4750    -907.4481  0.4074 
   00519    0.4900    -908.7420  0.4085 
   00520    0.4950    -901.1412  0.3936 
   00521    0.5350    -909.3100  0.3775 
   00522    0.4800    -893.7750  0.3569 
   00523    0.5825    -862.1014  0.3596 
   00524    0.5125    -888.7389  0.3585 
   00525    0.5200    -892.2018  0.3774 
   00526    0.5700    -860.2808  0.3477 
   00527    0.5000    -909.8877  0.3788 
   00528    0.5050    -894.2261  0.3968 
   00529    0.5450    -869.8495  0.3599 
   00530    0.5300    -883.2659  0.3565 
   00531    0.5525    -838.6029  0.3355 
   00532    0.5425    -864.9072  0.3276 
   00533    0.5225    -864.8994  0.2884 
   00534    0.5725    -857.5329  0.2920 
   00535    0.5425    -846.3301  0.2612 
   00536    0.5700    -865.9844  0.2853 
   00537    0.5425    -880.7299  0.3027 
   00538    0.4850    -879.2657  0.2621 
   00539    0.5675    -905.6933  0.2927 
   00540    0.5025    -897.7975  0.2900 
   00541    0.5100    -907.2417  0.3579 
   00542    0.5175    -902.4442  0.3589 
   00543    0.4925    -935.6122  0.3657 
   00544    0.4975    -897.9207  0.3444 
   00545    0.5200    -873.2166  0.3290 
   00546    0.5625    -830.5606  0.3262 
   00547    0.5100    -817.9576  0.2867 
   00548    0.5575    -834.4333  0.2723 
   00549    0.5175    -834.8225  0.2935 
   00550    0.5250    -863.8947  0.2814 
   00551    0.5300    -866.2546  0.3053 
   00552    0.5100    -877.8227  0.2843 
   00553    0.5325    -888.1956  0.3251 
   00554    0.5475    -936.9155  0.3573 
   00555    0.4450    -921.4942  0.3691 
   00556    0.5400    -939.6281  0.3723 
   00557    0.5050    -898.1942  0.3725 
   00558    0.5375    -923.2342  0.3598 
   00559    0.5025    -890.3520  0.3286 
   00560    0.4875    -921.4801  0.3290 
   00561    0.5000    -930.2330  0.3473 
   00562    0.5050    -890.9054  0.2963 
   00563    0.4900    -909.9601  0.2850 
   00564    0.4575    -943.7308  0.2990 
   00565    0.4900    -940.9202  0.2864 
   00566    0.5325    -899.3338  0.3225 
   00567    0.5275    -921.0928  0.3768 
   00568    0.5100    -945.9271  0.3736 
   00569    0.4825    -943.3972  0.3486 
   00570    0.5075    -912.8428  0.3872 
   00571    0.4975    -892.3649  0.3786 
   00572    0.5075    -917.1776  0.3554 
   00573    0.5100    -909.0450  0.3742 
   00574    0.4775    -938.3082  0.3633 
   00575    0.5275    -961.9804  0.3782 
   00576    0.5050    -947.6933  0.3565 
   00577    0.4975    -939.9059  0.3670 
   00578    0.4700    -948.3639  0.3535 
   00579    0.4675    -933.6264  0.3538 
   00580    0.4625    -978.3278  0.3151 
   00581    0.4650    -984.6804  0.2936 
   00582    0.5000    -973.8339  0.2960 
   00583    0.4375    -954.3197  0.2983 
   00584    0.4650    -940.6348  0.3154 
   00585    0.4950    -966.9325  0.3301 
   00586    0.4650   -1002.8189  0.3701 
   00587    0.4900    -976.0551  0.3276 
   00588    0.4900    -976.2728  0.3467 
   00589    0.5300   -1027.4384  0.3653 
   00590    0.4850    -975.8453  0.3628 
   00591    0.5100    -943.6355  0.3590 
   00592    0.4725    -944.9695  0.3722 
   00593    0.4825    -969.6022  0.3564 
   00594    0.4950    -983.3945  0.3417 
   00595    0.4900    -990.2550  0.3378 
   00596    0.4500    -970.4363  0.3205 
   00597    0.5325    -911.8895  0.2843 
   00598    0.5200    -978.9991  0.3052 
   00599    0.4800    -956.2029  0.2914 
   00600    0.5075    -978.2594  0.2729 
   00601    0.5100    -949.5539  0.2679 
   00602    0.4575    -964.5549  0.2993 
   00603    0.4775    -974.1557  0.2722 
   00604    0.4875    -957.2739  0.2719 
   00605    0.4775    -936.8193  0.3071 
   00606    0.5150    -948.0419  0.3358 
   00607    0.4800    -946.2098  0.3251 
   00608    0.5475    -935.4234  0.2938 
   00609    0.4725    -917.3709  0.2737 
   00610    0.4825    -927.8994  0.2773 
   00611    0.4850    -963.4478  0.2861 
   00612    0.5175    -937.5940  0.3020 
   00613    0.4975    -942.2529  0.2759 
   00614    0.5100    -963.1908  0.2822 
   00615    0.4600    -966.9455  0.2958 
   00616    0.4650    -956.4088  0.2892 
   00617    0.4875    -990.8221  0.3017 
   00618    0.5100    -962.8350  0.2983 
   00619    0.4850    -947.2808  0.3169 
   00620    0.5425    -916.6979  0.3268 
   00621    0.5200    -921.8410  0.3533 
   00622    0.5325    -915.8776  0.3505 
   00623    0.5175    -910.5272  0.3599 
   00624    0.5000    -938.0408  0.3668 
   00625    0.4950    -938.0377  0.3784 
   00626    0.4900    -926.1082  0.4059 
   00627    0.5000    -921.9024  0.4023 
   00628    0.5200    -933.5530  0.3840 
   00629    0.5200    -930.5305  0.3542 
   00630    0.5275    -911.0822  0.3494 
   00631    0.5300    -895.5505  0.3343 
   00632    0.5400    -885.5091  0.3290 
   00633    0.5350    -917.1485  0.3326 
   00634    0.4825    -913.6446  0.3533 
   00635    0.5000    -897.1439  0.3751 
   00636    0.5100    -927.7143  0.3654 
   00637    0.5400    -907.8916  0.3992 
   00638    0.5375    -917.0460  0.4091 
   00639    0.5300    -893.7592  0.4251 
   00640    0.5200    -915.2910  0.4511 
   00641    0.5050    -929.3387  0.4548 
   00642    0.5525    -946.2452  0.4481 
   00643    0.5075    -941.9661  0.4150 
   00644    0.5025    -938.9248  0.4187 
   00645    0.5150    -969.4939  0.4055 
   00646    0.4450    -943.6888  0.4142 
   00647    0.5225    -942.9112  0.3776 
   00648    0.4900    -987.6998  0.3687 
   00649    0.4775    -990.1954  0.3120 
   00650    0.4525    -995.4692  0.3059 
   00651    0.4500   -1022.3472  0.3127 
   00652    0.5150   -1015.4802  0.3213 
   00653    0.4775   -1000.5193  0.3565 
   00654    0.4425    -991.4576  0.3667 
   00655    0.4700    -974.7265  0.3812 
   00656    0.4925    -978.9228  0.3335 
   00657    0.5000    -964.2970  0.3273 
   00658    0.5025    -947.2380  0.3362 
   00659    0.4925    -947.7890  0.3318 
   00660    0.5075    -952.7185  0.2959 
   00661    0.5550    -945.8371  0.2625 
   00662    0.5125    -944.0944  0.2988 
   00663    0.4650    -980.9605  0.3190 
   00664    0.4725    -984.8351  0.2887 
   00665    0.4850    -963.6043  0.3284 
   00666    0.4950    -961.9593  0.3303 
   00667    0.5075    -952.7554  0.3130 
   00668    0.4650    -981.1784  0.3346 
   00669    0.4725    -984.9580  0.3270 
   00670    0.5050    -964.9147  0.3251 
   00671    0.5000   -1004.7657  0.3129 
   00672    0.4650    -969.8289  0.3006 
   00673    0.4550    -974.3311  0.3089 
   00674    0.4600    -971.9128  0.3056 
   00675    0.5025    -997.6925  0.3002 
   00676    0.5025    -991.9899  0.3079 
   00677    0.4650   -1012.7844  0.2956 
   00678    0.4775    -969.5389  0.2842 
   00679    0.4925    -938.2246  0.2594 
   00680    0.5225    -919.8730  0.3014 
   00681    0.5200    -915.0729  0.2913 
   00682    0.5125    -904.5895  0.2698 
   00683    0.4775    -953.4315  0.3002 
   00684    0.5025    -964.4730  0.2803 
   00685    0.5150    -978.6110  0.2725 
   00686    0.4825    -994.4435  0.2605 
   00687    0.4925    -976.4988  0.2795 
   00688    0.5100    -956.4751  0.3141 
   00689    0.4700    -967.3207  0.3241 
   00690    0.4850    -991.0849  0.3452 
   00691    0.4375    -978.8580  0.3616 
   00692    0.4750    -997.7528  0.3505 
   00693    0.4525    -975.5061  0.3783 
   00694    0.4325    -983.1054  0.3845 
   00695    0.4825    -988.0004  0.3667 
   00696    0.4450    -978.1976  0.3958 
   00697    0.5050    -951.3000  0.3716 
   00698    0.4400    -939.3375  0.3488 
   00699    0.4850    -955.2527  0.3737 
   00700    0.5075    -952.5069  0.3770 
   00701    0.5000    -928.7277  0.3728 
   00702    0.5000    -960.5958  0.3805 
   00703    0.5000    -976.3568  0.4109 
   00704    0.4825    -995.0799  0.4411 
   00705    0.4700    -986.3844  0.4326 
   00706    0.4750   -1011.4938  0.4252 
   00707    0.4650    -987.2148  0.4369 
   00708    0.4675   -1006.1447  0.4553 
   00709    0.4450    -993.8690  0.4665 
   00710    0.4725    -965.0923  0.4376 
   00711    0.4825    -976.5858  0.4491 
   00712    0.4875   -1008.1617  0.4684 
   00713    0.4775    -986.7658  0.4363 
   00714    0.5050    -928.3260  0.4425 
   00715    0.4700    -950.7992  0.4689 
   00716    0.5475    -956.8865  0.4438 
   00717    0.4375    -977.3178  0.4226 
   00718    0.4700    -973.8765  0.3963 
   00719    0.4750    -988.2227  0.3563 
   00720    0.4975    -932.0201  0.3699 
   00721    0.5300    -896.3245  0.3625 
   00722    0.5600    -945.2533  0.3847 
   00723    0.4725    -953.1484  0.3875 
   00724    0.4650    -977.2531  0.3709 
   00725    0.4400    -974.4471  0.3988 
   00726    0.5250    -966.0151  0.4013 
   00727    0.5250    -975.2942  0.3968 
   00728    0.4825    -976.7189  0.3831 
   00729    0.5150    -959.6617  0.3883 
   00730    0.4950    -936.3752  0.3810 
   00731    0.5100    -962.5670  0.3654 
   00732    0.5000    -976.6666  0.3350 
   00733    0.4800    -995.6351  0.3640 
   00734    0.4600   -1002.4936  0.3736 
   00735    0.4750   -1036.0386  0.3899 
   00736    0.4650   -1023.9779  0.3912 
   00737    0.4675    -978.0171  0.4124 
   00738    0.4925    -933.3731  0.3827 
   00739    0.4900    -955.3991  0.4232 
   00740    0.5225    -977.1477  0.4322 
   00741    0.4875    -959.1602  0.4500 
   00742    0.5225    -974.1225  0.4455 
   00743    0.5000    -969.2413  0.4571 
   00744    0.4725    -964.0834  0.4379 
   00745    0.5025    -946.3334  0.4272 
   00746    0.4575    -936.8420  0.4260 
   00747    0.4450    -931.6498  0.4585 
   00748    0.4700    -976.2945  0.4872 
   00749    0.4950    -950.7014  0.4863 
   00750    0.5275    -934.9282  0.4840 
   00751    0.5400    -967.6843  0.5006 
   00752    0.4825    -998.7813  0.5376 
   00753    0.4900    -953.1396  0.5003 
   00754    0.4975    -950.7846  0.5082 
   00755    0.5125    -949.1310  0.5006 
   00756    0.4875    -968.0512  0.4808 
   00757    0.4825    -980.3201  0.4997 
   00758    0.4700   -1016.9308  0.5009 
   00759    0.4600   -1008.7335  0.4865 
   00760    0.4750    -995.6700  0.4813 
   00761    0.4525   -1003.9818  0.5005 
   00762    0.4900    -981.5774  0.4726 
   00763    0.4650    -957.2297  0.4609 
   00764    0.4950    -987.6147  0.4716 
   00765    0.4975    -956.8696  0.4486 
   00766    0.5125    -958.9910  0.4608 
   00767    0.4850    -971.1135  0.4386 
   00768    0.4925    -970.8679  0.4172 
   00769    0.5150    -981.0458  0.4180 
   00770    0.4175   -1031.7861  0.4046 
   00771    0.4925    -988.4535  0.3836 
   00772    0.4675   -1018.8304  0.3807 
   00773    0.4750    -966.0886  0.3517 
   00774    0.4625    -957.2009  0.3660 
   00775    0.5375   -1005.5890  0.3667 
   00776    0.4575    -994.6695  0.4047 
   00777    0.4575    -981.4099  0.4091 
   00778    0.4600    -956.5993  0.4368 
   00779    0.4925    -940.0672  0.4385 
   00780    0.4850    -928.8385  0.4362 
   00781    0.4775    -955.7868  0.4711 
   00782    0.4850    -947.9133  0.4595 
   00783    0.4725    -943.2696  0.4388 
   00784    0.4525    -941.8324  0.4072 
   00785    0.4775    -950.6136  0.3810 
   00786    0.4550    -945.3192  0.4198 
   00787    0.4950    -937.7963  0.4172 
   00788    0.5200    -930.1266  0.3964 
   00789    0.5300    -928.1470  0.3806 
   00790    0.5125    -911.6851  0.3777 
   00791    0.5250    -901.8080  0.3926 
   00792    0.5175    -883.2993  0.3771 
   00793    0.5050    -922.7785  0.3899 
   00794    0.4950    -956.8077  0.4340 
   00795    0.5100    -914.5949  0.4071 
   00796    0.5225    -890.8299  0.3890 
   00797    0.4775    -897.4778  0.3916 
   00798    0.5175    -886.3171  0.4010 
   00799    0.4950    -946.1403  0.4333 
   00800    0.4700    -918.2605  0.4035 
   00801    0.4975    -896.3464  0.3684 
   00802    0.5100    -869.0448  0.3733 
   00803    0.5350    -901.5088  0.3932 
   00804    0.5125    -904.6120  0.4072 
   00805    0.4725    -939.1784  0.4320 
   00806    0.4500    -956.6963  0.4366 
   00807    0.4475    -949.2217  0.4277 
   00808    0.4850    -958.4671  0.3967 
   00809    0.4675    -913.5449  0.3580 
   00810    0.5100    -951.4958  0.3882 
   00811    0.5400    -964.1308  0.3991 
   00812    0.4700    -954.2434  0.4333 
   00813    0.4850    -907.7194  0.4141 
   00814    0.5400    -925.9375  0.4087 
   00815    0.4725    -941.2685  0.4280 
   00816    0.5275    -941.9041  0.4183 
   00817    0.5550    -943.1900  0.3796 
   00818    0.4775    -960.9438  0.4115 
   00819    0.5000    -956.9955  0.4149 
   00820    0.4800    -953.1565  0.3943 
   00821    0.5275    -917.2619  0.3657 
   00822    0.4650    -901.9899  0.3941 
   00823    0.4925    -890.9682  0.3938 
   00824    0.4825    -910.4954  0.4193 
   00825    0.5025    -896.0589  0.4118 
   00826    0.5125    -918.8395  0.3903 
   00827    0.4950    -913.9239  0.3619 
   00828    0.5050    -944.6007  0.3549 
   00829    0.5275    -943.0507  0.3387 
   00830    0.4925    -933.1506  0.3306 
   00831    0.5200    -950.8844  0.3153 
   00832    0.5025    -947.3284  0.3331 
   00833    0.4700    -934.1267  0.3085 
   00834    0.4875    -969.4074  0.3164 
   00835    0.4925    -962.5671  0.3295 
   00836    0.4950    -958.7522  0.3110 
   00837    0.4725    -961.4996  0.3334 
   00838    0.4575    -915.8844  0.3168 
   00839    0.5025    -889.8480  0.3242 
   00840    0.5200    -919.4997  0.3211 
   00841    0.4850    -937.7415  0.3349 
   00842    0.5075    -912.7625  0.3316 
   00843    0.5375    -897.2104  0.3276 
   00844    0.5000    -901.5744  0.3328 
   00845    0.5200    -918.7476  0.3498 
   00846    0.5150    -966.8616  0.3422 
   00847    0.4875    -978.4179  0.3500 
   00848    0.5275    -925.4840  0.3392 
   00849    0.4700    -939.1143  0.3374 
   00850    0.5075    -922.1827  0.3485 
   00851    0.4600    -931.8599  0.3616 
   00852    0.4825    -906.6011  0.3490 
   00853    0.4900    -918.9666  0.3920 
   00854    0.5225    -898.3249  0.3659 
   00855    0.4850    -903.5692  0.3357 
   00856    0.4750    -894.6492  0.3415 
   00857    0.5250    -917.0767  0.3241 
   00858    0.5275    -854.6953  0.3226 
   00859    0.5250    -853.3472  0.3009 
   00860    0.5625    -820.8848  0.3213 
   00861    0.5475    -877.4644  0.3118 
   00862    0.5325    -889.3476  0.3363 
   00863    0.5325    -869.1387  0.3258 
   00864    0.5125    -912.8294  0.3569 
   00865    0.5050    -923.4244  0.3564 
   00866    0.4750    -880.5970  0.3365 
   00867    0.5050    -847.1684  0.3945 
   00868    0.5500    -861.3913  0.3826 
   00869    0.5500    -853.6641  0.3889 
   00870    0.5275    -869.5468  0.4400 
   00871    0.4750    -958.6600  0.4613 
   00872    0.4850    -944.7042  0.4265 
   00873    0.5250    -934.7525  0.4260 
   00874    0.4825    -983.1777  0.4289 
   00875    0.4975    -964.6421  0.4315 
   00876    0.5300    -950.1551  0.4064 
   00877    0.4425    -981.2803  0.4081 
   00878    0.5125    -949.5695  0.4248 
   00879    0.4925    -976.2144  0.4563 
   00880    0.4725    -983.3987  0.4589 
   00881    0.4475    -973.5804  0.4434 
   00882    0.4950    -995.2694  0.4446 
   00883    0.4300    -984.3366  0.4480 
   00884    0.5100    -962.5616  0.4631 
   00885    0.4850    -924.8554  0.4780 
   00886    0.5225    -937.0734  0.4738 
   00887    0.5250    -943.2580  0.4855 
   00888    0.4900    -947.3576  0.4672 
   00889    0.4800    -961.2128  0.4793 
   00890    0.4825    -970.5914  0.4714 
   00891    0.4600    -953.6183  0.4718 
   00892    0.4850    -915.8390  0.4656 
   00893    0.5075    -971.7308  0.4739 
   00894    0.4900    -928.1819  0.4502 
   00895    0.4850    -903.5703  0.4517 
   00896    0.4675    -893.2589  0.4752 
   00897    0.5025    -916.3655  0.4710 
   00898    0.4975    -912.3889  0.4618 
   00899    0.4900    -932.6892  0.4250 
   00900    0.4975    -917.5056  0.4095 
   00901    0.4700    -923.7528  0.4691 
   00902    0.4850    -944.6939  0.4838 
   00903    0.4575    -944.5764  0.4908 
   00904    0.5025    -932.1330  0.4679 
   00905    0.5050    -922.2828  0.4369 
   00906    0.5350    -899.0819  0.4258 
   00907    0.5150    -933.7040  0.3756 
   00908    0.4875    -954.2788  0.4353 
   00909    0.4725    -932.7345  0.4380 
   00910    0.4825    -936.5263  0.4594 
   00911    0.5250    -958.4618  0.4564 
   00912    0.4900    -959.3439  0.4263 
   00913    0.5050    -939.7946  0.4139 
   00914    0.4675    -932.4509  0.4683 
   00915    0.4675    -930.3237  0.4740 
   00916    0.4775    -959.8168  0.4563 
   00917    0.5050    -970.9024  0.4067 
   00918    0.4825    -934.6446  0.4096 
   00919    0.4850    -947.7796  0.4217 
   00920    0.4275    -908.3450  0.4327 
   00921    0.4800    -895.0192  0.4496 
   00922    0.5350    -903.4260  0.4439 
   00923    0.5050    -890.5683  0.4141 
   00924    0.5325    -892.9963  0.4251 
   00925    0.5525    -901.2491  0.4327 
   00926    0.4900    -926.2869  0.4266 
   00927    0.5025    -984.2669  0.4380 
   00928    0.4775    -981.2647  0.4347 
   00929    0.4800    -977.8691  0.4107 
   00930    0.4550    -995.0707  0.3815 
   00931    0.4475    -977.0898  0.4052 
   00932    0.4925    -956.0884  0.4055 
   00933    0.5225    -978.7431  0.4039 
   00934    0.4775    -967.0436  0.3699 
   00935    0.5025    -985.1642  0.3359 
   00936    0.4700    -986.4170  0.3254 
   00937    0.4550    -964.0009  0.3081 
   00938    0.4700    -953.8868  0.3091 
   00939    0.4575    -955.3582  0.3620 
   00940    0.4900    -950.6287  0.3286 
   00941    0.5350    -914.2574  0.3453 
   00942    0.4750    -903.6004  0.3762 
   00943    0.5175    -891.7505  0.3917 
   00944    0.5225    -906.9501  0.4024 
   00945    0.4975    -898.9372  0.4063 
   00946    0.5250    -892.0563  0.4152 
   00947    0.5325    -898.2214  0.4126 
   00948    0.5200    -929.1181  0.4048 
   00949    0.4825    -980.1571  0.4446 
   00950    0.5000    -977.6798  0.4490 
   00951    0.4525    -968.3191  0.4200 
   00952    0.4700    -958.8583  0.4010 
   00953    0.5500    -935.1160  0.4236 
   00954    0.5375    -908.2379  0.3916 
   00955    0.5150    -904.8065  0.4074 
   00956    0.5250    -870.2569  0.4170 
   00957    0.5350    -855.9999  0.3867 
   00958    0.5400    -859.6894  0.3998 
   00959    0.4750    -858.0389  0.4030 
   00960    0.5325    -851.8043  0.3865 
   00961    0.5200    -863.9778  0.3945 
   00962    0.5125    -881.6425  0.3927 
   00963    0.5025    -908.3507  0.3567 
   00964    0.5325    -901.9795  0.3569 
   00965    0.5250    -936.7931  0.3471 
   00966    0.5275    -914.3655  0.3265 
   00967    0.5225    -875.1820  0.3253 
   00968    0.5325    -841.9669  0.3406 
   00969    0.5675    -879.8890  0.3700 
   00970    0.5175    -878.0974  0.3567 
   00971    0.5325    -867.6552  0.3703 
   00972    0.5400    -853.4969  0.3510 
   00973    0.5425    -867.6003  0.3524 
   00974    0.5225    -879.6741  0.3530 
   00975    0.4975    -918.7257  0.3270 
   00976    0.5300    -920.1477  0.3167 
   00977    0.4875    -900.1278  0.3274 
   00978    0.5375    -927.0745  0.2955 
   00979    0.5025    -897.9525  0.2898 
   00980    0.4800    -897.0243  0.3194 
   00981    0.4800    -938.3452  0.2790 
   00982    0.5075    -947.4958  0.3202 
   00983    0.5075    -980.8433  0.3282 
   00984    0.4400    -990.9574  0.3021 
   00985    0.5025    -956.8250  0.2829 
   00986    0.4600    -983.7463  0.2903 
   00987    0.4950    -984.1523  0.2671 
   00988    0.4875    -983.9694  0.2919 
   00989    0.4550   -1013.2181  0.2830 
   00990    0.5100    -956.6959  0.2726 
   00991    0.5025    -959.3902  0.2518 
   00992    0.4350    -959.0167  0.2699 
   00993    0.5200    -998.5498  0.2769 
   00994    0.4650    -968.3918  0.2620 
   00995    0.4675    -966.9017  0.2528 
   00996    0.4250    -992.6178  0.2855 
   00997    0.4525    -987.0095  0.2922 
   00998    0.4325    -988.9752  0.2973 
   00999    0.4600    -982.5531  0.3095 
   01000    0.5150    -963.5658  0.3232 
