#=====================================================
# File created:        Tue-03-Mar-2026-at-11-29-10PM
# Size of lattice:     50x50
# Number of MC steps:  1000
# Reduced temperature: 0.650
# Run time (s):        61.393626
#=====================================================
# MC step:  Ratio:     Energy:   Order:
#=====================================================
   00000    0.5000   -2471.0414  0.2870 
   00001    0.6932   -3830.3082  0.2921 
   00002    0.6184   -4543.0142  0.2994 
   00003    0.5732   -5074.9571  0.3147 
   00004    0.5424   -5524.8827  0.3295 
   00005    0.5088   -5838.0489  0.3415 
   00006    0.5056   -6067.3441  0.3418 
   00007    0.4828   -6231.7441  0.3445 
   00008    0.4820   -6361.4494  0.3540 
   00009    0.4796   -6482.3535  0.3581 
   00010    0.4560   -6647.0701  0.3680 
   00011    0.4648   -6693.2670  0.3759 
   00012    0.4668   -6775.4034  0.3754 
   00013    0.4396   -6817.3877  0.3826 
   00014    0.4460   -6906.8867  0.3886 
   00015    0.4560   -6875.1865  0.3882 
   00016    0.4572   -6928.3909  0.3911 
   00017    0.4580   -6947.2973  0.3972 
   00018    0.4524   -7019.7721  0.4032 
   00019    0.4460   -7009.2393  0.4054 
   00020    0.4404   -7087.5038  0.4041 
   00021    0.4248   -7090.4868  0.4091 
   00022    0.4348   -7054.7053  0.4037 
   00023    0.4560   -7110.8436  0.4152 
   00024    0.4240   -7117.3641  0.4149 
   00025    0.4380   -7135.3690  0.4223 
   00026    0.4496   -7144.3656  0.4170 
   00027    0.4364   -7188.2504  0.4163 
   00028    0.4520   -7149.0359  0.4159 
   00029    0.4200   -7186.5875  0.4256 
   00030    0.4156   -7223.8703  0.4323 
   00031    0.4428   -7199.2719  0.4367 
   00032    0.4440   -7190.5520  0.4463 
   00033    0.4316   -7226.2885  0.4559 
   00034    0.4436   -7271.4895  0.4558 
   00035    0.4240   -7223.6937  0.4665 
   00036    0.4360   -7271.9386  0.4610 
   00037    0.4288   -7347.1263  0.4599 
   00038    0.4216   -7422.2250  0.4623 
   00039    0.4236   -7436.7036  0.4653 
   00040    0.4136   -7456.6076  0.4647 
   00041    0.4348   -7519.4708  0.4661 
   00042    0.4400   -7543.4924  0.4669 
   00043    0.4084   -7560.2212  0.4723 
   00044    0.4240   -7575.0593  0.4680 
   00045    0.4252   -7581.8608  0.4694 
   00046    0.4296   -7599.2054  0.4688 
   00047    0.4092   -7600.6150  0.4652 
   00048    0.4100   -7599.0936  0.4677 
   00049    0.4076   -7578.8582  0.4632 
   00050    0.4276   -7527.9090  0.4588 
   00051    0.4176   -7512.7659  0.4621 
   00052    0.4136   -7567.4566  0.4619 
   00053    0.4404   -7514.3619  0.4673 
   00054    0.4068   -7566.2644  0.4683 
   00055    0.4324   -7583.7071  0.4684 
   00056    0.4084   -7591.9958  0.4707 
   00057    0.4160   -7635.0396  0.4782 
   00058    0.4164   -7659.7566  0.4714 
   00059    0.4248   -7612.1475  0.4624 
   00060    0.4112   -7707.6148  0.4654 
   00061    0.4140   -7697.5224  0.4621 
   00062    0.4136   -7630.6539  0.4644 
   00063    0.4220   -7609.0707  0.4698 
   00064    0.3884   -7627.3446  0.4633 
   00065    0.4164   -7590.0191  0.4701 
   00066    0.4044   -7611.2513  0.4699 
   00067    0.4016   -7654.2092  0.4701 
   00068    0.4200   -7678.8517  0.4685 
   00069    0.4240   -7710.6553  0.4803 
   00070    0.3992   -7739.7479  0.4809 
   00071    0.4036   -7711.7444  0.4778 
   00072    0.4064   -7686.1741  0.4820 
   00073    0.4112   -7671.5910  0.4830 
   00074    0.4056   -7685.3727  0.4856 
   00075    0.4228   -7641.3764  0.4807 
   00076    0.4172   -7668.6699  0.4814 
   00077    0.4204   -7667.8344  0.4907 
   00078    0.4220   -7701.2135  0.4948 
   00079    0.4116   -7740.3694  0.5049 
   00080    0.4320   -7740.1458  0.5043 
   00081    0.4204   -7786.2345  0.5078 
   00082    0.3988   -7748.7308  0.5181 
   00083    0.4060   -7741.1822  0.5120 
   00084    0.3916   -7749.0831  0.5099 
   00085    0.4216   -7750.7794  0.5115 
   00086    0.3888   -7693.7205  0.5070 
   00087    0.4012   -7708.9613  0.5066 
   00088    0.4100   -7731.1302  0.5099 
   00089    0.4164   -7760.2979  0.5151 
   00090    0.4060   -7735.1841  0.5136 
   00091    0.4132   -7755.1681  0.5172 
   00092    0.4048   -7748.3412  0.5179 
   00093    0.4076   -7743.5730  0.5222 
   00094    0.3944   -7759.6163  0.5263 
   00095    0.4176   -7770.1844  0.5248 
   00096    0.4264   -7722.2983  0.5199 
   00097    0.4056   -7685.1578  0.5226 
   00098    0.4140   -7718.5295  0.5244 
   00099    0.4204   -7729.4470  0.5346 
   00100    0.4112   -7797.5945  0.5398 
   00101    0.4144   -7823.5929  0.5368 
   00102    0.4020   -7802.8587  0.5386 
   00103    0.4008   -7829.7820  0.5431 
   00104    0.3992   -7777.8080  0.5400 
   00105    0.4032   -7802.4575  0.5478 
   00106    0.4032   -7808.4316  0.5450 
   00107    0.3916   -7786.4627  0.5411 
   00108    0.3916   -7847.5774  0.5420 
   00109    0.3904   -7804.5919  0.5364 
   00110    0.3872   -7810.8712  0.5384 
   00111    0.4184   -7812.8417  0.5391 
   00112    0.4152   -7752.1512  0.5423 
   00113    0.4056   -7741.9945  0.5432 
   00114    0.4064   -7787.4885  0.5368 
   00115    0.4012   -7803.4330  0.5406 
   00116    0.4012   -7760.2859  0.5419 
   00117    0.4068   -7753.5452  0.5492 
   00118    0.4128   -7717.2469  0.5496 
   00119    0.4196   -7726.1615  0.5533 
   00120    0.4320   -7674.2357  0.5531 
   00121    0.4116   -7759.8581  0.5504 
   00122    0.4004   -7775.1675  0.5500 
   00123    0.3868   -7773.3336  0.5510 
   00124    0.4036   -7784.6052  0.5529 
   00125    0.4068   -7793.0711  0.5576 
   00126    0.4028   -7764.1640  0.5574 
   00127    0.3824   -7749.2231  0.5617 
   00128    0.4144   -7761.9233  0.5617 
   00129    0.4228   -7762.5686  0.5645 
   00130    0.3884   -7795.3321  0.5614 
   00131    0.4184   -7789.8262  0.5625 
   00132    0.4132   -7771.7786  0.5590 
   00133    0.3924   -7772.5738  0.5497 
   00134    0.4108   -7797.9895  0.5488 
   00135    0.3960   -7796.8748  0.5559 
   00136    0.4104   -7766.1503  0.5570 
   00137    0.4192   -7783.0444  0.5569 
   00138    0.4160   -7822.0765  0.5595 
   00139    0.4188   -7829.3874  0.5666 
   00140    0.4240   -7809.1784  0.5622 
   00141    0.3756   -7788.7180  0.5581 
   00142    0.4076   -7833.3866  0.5619 
   00143    0.4048   -7801.4413  0.5610 
   00144    0.4116   -7771.8199  0.5559 
   00145    0.4100   -7757.6627  0.5501 
   00146    0.4140   -7798.6300  0.5563 
   00147    0.4300   -7814.0299  0.5592 
   00148    0.4076   -7784.5060  0.5614 
   00149    0.4256   -7802.2671  0.5696 
   00150    0.3908   -7803.6241  0.5685 
   00151    0.4036   -7810.9709  0.5712 
   00152    0.4036   -7879.8864  0.5710 
   00153    0.4212   -7899.0148  0.5768 
   00154    0.4020   -7814.9553  0.5679 
   00155    0.4324   -7808.0660  0.5716 
   00156    0.4148   -7813.0833  0.5697 
   00157    0.4068   -7809.6881  0.5780 
   00158    0.4420   -7832.5487  0.5853 
   00159    0.4184   -7835.1450  0.5825 
   00160    0.3996   -7852.0826  0.5818 
   00161    0.4024   -7860.4393  0.5832 
   00162    0.4208   -7881.6940  0.5817 
   00163    0.4056   -7891.4164  0.5817 
   00164    0.3984   -7942.6972  0.5869 
   00165    0.3952   -7923.2098  0.5885 
   00166    0.4068   -7877.8331  0.5873 
   00167    0.4096   -7880.1400  0.5871 
   00168    0.3860   -7828.7588  0.5845 
   00169    0.4300   -7804.9079  0.5813 
   00170    0.4020   -7849.8919  0.5817 
   00171    0.4136   -7788.1387  0.5755 
   00172    0.4128   -7810.0505  0.5797 
   00173    0.4192   -7795.2138  0.5775 
   00174    0.4008   -7807.5832  0.5693 
   00175    0.4036   -7802.5376  0.5738 
   00176    0.4252   -7771.1556  0.5646 
   00177    0.3992   -7865.7851  0.5697 
   00178    0.3936   -7900.3133  0.5771 
   00179    0.4276   -7919.8676  0.5857 
   00180    0.4100   -7878.8802  0.5891 
   00181    0.4020   -7802.4692  0.5808 
   00182    0.3996   -7781.1464  0.5870 
   00183    0.4036   -7740.3357  0.5909 
   00184    0.4040   -7739.2212  0.5899 
   00185    0.4156   -7805.2859  0.5982 
   00186    0.4040   -7779.7987  0.6000 
   00187    0.4164   -7729.5133  0.6036 
   00188    0.4084   -7768.9418  0.6100 
   00189    0.4076   -7851.5049  0.6079 
   00190    0.4168   -7869.1667  0.6068 
   00191    0.4056   -7823.1396  0.6082 
   00192    0.4164   -7803.9095  0.6132 
   00193    0.4080   -7869.4324  0.6164 
   00194    0.4148   -7849.0323  0.6159 
   00195    0.4168   -7788.3789  0.6200 
   00196    0.4288   -7721.9066  0.6253 
   00197    0.4080   -7794.3318  0.6262 
   00198    0.4056   -7823.1313  0.6260 
   00199    0.4176   -7860.1754  0.6333 
   00200    0.4112   -7943.6464  0.6440 
   00201    0.4064   -7884.9736  0.6469 
   00202    0.3800   -7908.7502  0.6485 
   00203    0.4012   -7899.8008  0.6496 
   00204    0.3988   -7928.5397  0.6488 
   00205    0.3988   -7882.6805  0.6448 
   00206    0.4220   -7823.9472  0.6495 
   00207    0.3904   -7842.1242  0.6509 
   00208    0.4084   -7852.1800  0.6524 
   00209    0.4024   -7876.0607  0.6591 
   00210    0.3976   -7828.2887  0.6507 
   00211    0.3948   -7836.8968  0.6556 
   00212    0.4024   -7831.4399  0.6556 
   00213    0.4024   -7865.1561  0.6555 
   00214    0.4092   -7843.7435  0.6510 
   00215    0.4044   -7841.6527  0.6488 
   00216    0.4056   -7896.2768  0.6522 
   00217    0.4028   -7870.5494  0.6537 
   00218    0.4108   -7929.8728  0.6600 
   00219    0.4116   -7950.3642  0.6590 
   00220    0.3844   -7936.4197  0.6613 
   00221    0.4108   -7969.5142  0.6586 
   00222    0.4172   -7979.7547  0.6543 
   00223    0.3992   -8013.1901  0.6525 
   00224    0.3968   -7992.3788  0.6520 
   00225    0.4100   -8012.2057  0.6498 
   00226    0.4052   -8019.4233  0.6553 
   00227    0.4100   -8058.3688  0.6571 
   00228    0.4108   -8025.0305  0.6520 
   00229    0.3996   -7999.7884  0.6419 
   00230    0.3840   -7976.0598  0.6449 
   00231    0.3872   -7980.5984  0.6439 
   00232    0.3748   -7992.7395  0.6473 
   00233    0.4020   -7956.3945  0.6389 
   00234    0.3912   -7919.7478  0.6449 
   00235    0.4176   -7889.9001  0.6451 
   00236    0.4036   -7895.5862  0.6485 
   00237    0.3972   -7858.4650  0.6451 
   00238    0.3976   -7922.8470  0.6467 
   00239    0.4068   -7879.1117  0.6438 
   00240    0.3980   -7885.6793  0.6457 
   00241    0.4124   -7870.3868  0.6419 
   00242    0.4104   -7849.4958  0.6392 
   00243    0.4024   -7877.4028  0.6437 
   00244    0.4024   -7875.2112  0.6483 
   00245    0.4052   -7867.0638  0.6488 
   00246    0.3992   -7811.9482  0.6425 
   00247    0.4060   -7821.7817  0.6423 
   00248    0.4124   -7860.2837  0.6466 
   00249    0.4000   -7973.8673  0.6507 
   00250    0.3980   -7898.9115  0.6530 
   00251    0.3992   -7854.4299  0.6538 
   00252    0.4092   -7896.8218  0.6489 
   00253    0.4184   -7824.7120  0.6462 
   00254    0.4140   -7873.6850  0.6501 
   00255    0.4044   -7926.0591  0.6522 
   00256    0.3968   -7869.9440  0.6518 
   00257    0.4120   -7883.2283  0.6556 
   00258    0.4052   -7914.7459  0.6553 
   00259    0.4144   -7923.1921  0.6532 
   00260    0.3860   -7902.3800  0.6528 
   00261    0.4064   -7925.0068  0.6540 
   00262    0.4140   -7986.2910  0.6568 
   00263    0.4136   -7986.2935  0.6552 
   00264    0.3940   -8023.5779  0.6549 
   00265    0.4072   -8016.4108  0.6577 
   00266    0.4060   -8009.3228  0.6555 
   00267    0.4092   -7983.6903  0.6547 
   00268    0.4252   -8006.5344  0.6533 
   00269    0.4020   -7904.5119  0.6526 
   00270    0.3932   -7958.6289  0.6486 
   00271    0.4200   -7894.2903  0.6483 
   00272    0.3992   -7907.1202  0.6549 
   00273    0.4116   -7933.7489  0.6559 
   00274    0.4076   -8022.3358  0.6661 
   00275    0.4044   -8074.2990  0.6675 
   00276    0.3916   -8035.8296  0.6665 
   00277    0.3912   -7973.8383  0.6656 
   00278    0.4204   -7911.1628  0.6620 
   00279    0.4056   -7896.4587  0.6551 
   00280    0.4112   -7915.5186  0.6622 
   00281    0.4156   -7917.0024  0.6553 
   00282    0.3976   -7863.6824  0.6481 
   00283    0.3884   -7923.9563  0.6472 
   00284    0.4052   -7972.5079  0.6497 
   00285    0.4008   -7928.8434  0.6440 
   00286    0.3932   -7927.7176  0.6371 
   00287    0.3916   -7906.5732  0.6392 
   00288    0.4040   -7972.9861  0.6450 
   00289    0.4000   -7956.3370  0.6430 
   00290    0.4216   -7922.6703  0.6426 
   00291    0.4100   -7915.7457  0.6500 
   00292    0.4016   -7933.6435  0.6476 
   00293    0.4108   -7960.7413  0.6420 
   00294    0.4028   -7990.5519  0.6467 
   00295    0.3964   -7997.0969  0.6556 
   00296    0.4092   -7990.7481  0.6459 
   00297    0.4040   -7921.4640  0.6426 
   00298    0.4056   -7912.2535  0.6380 
   00299    0.4188   -7960.4064  0.6432 
   00300    0.3640   -7951.6234  0.6423 
   00301    0.4068   -7963.9192  0.6493 
   00302    0.4080   -7934.8114  0.6443 
   00303    0.3920   -7913.7060  0.6433 
   00304    0.3996   -7931.4773  0.6418 
   00305    0.3948   -7917.5625  0.6468 
   00306    0.3964   -7931.9975  0.6482 
   00307    0.4056   -7867.7993  0.6475 
   00308    0.4020   -7912.5944  0.6479 
   00309    0.4100   -7934.0779  0.6458 
   00310    0.4120   -7983.8493  0.6512 
   00311    0.3932   -8003.0590  0.6545 
   00312    0.4024   -8012.6502  0.6630 
   00313    0.4032   -8015.2051  0.6682 
   00314    0.4092   -7990.4735  0.6690 
   00315    0.4120   -8052.8507  0.6736 
   00316    0.4048   -8026.9840  0.6713 
   00317    0.4004   -8015.9624  0.6733 
   00318    0.3956   -8019.3448  0.6768 
   00319    0.3940   -8031.3038  0.6730 
   00320    0.4020   -8026.3061  0.6671 
   00321    0.3988   -8025.5635  0.6665 
   00322    0.3988   -7936.6843  0.6589 
   00323    0.3976   -7954.2618  0.6593 
   00324    0.3932   -7977.7644  0.6531 
   00325    0.4008   -7983.1989  0.6618 
   00326    0.4032   -8008.3010  0.6582 
   00327    0.4004   -7984.3780  0.6535 
   00328    0.4140   -8015.4435  0.6527 
   00329    0.4148   -8020.9028  0.6523 
   00330    0.4008   -7965.2638  0.6410 
   00331    0.4012   -7981.8090  0.6427 
   00332    0.3964   -7968.4796  0.6432 
   00333    0.3796   -7935.8010  0.6441 
   00334    0.3824   -7883.2371  0.6499 
   00335    0.4212   -7871.2649  0.6488 
   00336    0.3908   -7903.2281  0.6466 
   00337    0.4096   -7915.5097  0.6398 
   00338    0.3812   -7912.7562  0.6388 
   00339    0.3900   -7960.4321  0.6359 
   00340    0.3984   -7950.8461  0.6392 
   00341    0.4032   -7975.5151  0.6389 
   00342    0.4048   -8009.8799  0.6371 
   00343    0.3916   -8009.4946  0.6350 
   00344    0.4112   -7963.5186  0.6294 
   00345    0.4072   -7942.7629  0.6246 
   00346    0.3948   -7910.4073  0.6220 
   00347    0.4000   -7906.5430  0.6166 
   00348    0.4056   -7941.7288  0.6162 
   00349    0.4136   -7907.6724  0.6136 
   00350    0.4012   -7919.0146  0.6167 
   00351    0.4132   -7855.0071  0.6093 
   00352    0.3972   -7858.7741  0.6048 
   00353    0.4124   -7840.2120  0.6086 
   00354    0.4056   -7858.2357  0.6125 
   00355    0.4172   -7882.2207  0.6161 
   00356    0.4016   -7965.8868  0.6172 
   00357    0.4072   -7961.7095  0.6144 
   00358    0.3920   -7918.8466  0.6152 
   00359    0.3944   -7968.6516  0.6173 
   00360    0.4004   -7958.5338  0.6170 
   00361    0.4008   -7915.8078  0.6126 
   00362    0.4128   -7938.0227  0.6122 
   00363    0.4096   -7892.8432  0.6112 
   00364    0.4208   -7885.2640  0.6089 
   00365    0.4132   -7907.0456  0.6150 
   00366    0.4000   -7882.4137  0.6186 
   00367    0.4192   -7929.6141  0.6208 
   00368    0.3880   -7921.6691  0.6145 
   00369    0.4032   -7909.5949  0.6074 
   00370    0.3808   -7913.6867  0.6075 
   00371    0.4092   -7926.1253  0.6076 
   00372    0.3920   -7877.9619  0.5958 
   00373    0.3900   -7910.1335  0.5980 
   00374    0.4068   -7880.9088  0.5985 
   00375    0.3992   -7864.9806  0.6040 
   00376    0.3920   -7863.8280  0.6015 
   00377    0.4004   -7892.0634  0.6058 
   00378    0.4076   -7931.1753  0.6100 
   00379    0.4060   -7911.2910  0.6131 
   00380    0.3976   -7922.4380  0.6166 
   00381    0.4048   -7914.8756  0.6179 
   00382    0.4072   -7928.2034  0.6166 
   00383    0.4212   -7985.8663  0.6183 
   00384    0.3872   -8028.2334  0.6155 
   00385    0.4056   -8010.0130  0.6118 
   00386    0.3800   -8047.5362  0.6081 
   00387    0.4028   -8064.9417  0.6104 
   00388    0.3840   -8022.6327  0.6031 
   00389    0.4052   -8001.2972  0.6067 
   00390    0.4044   -8004.8688  0.6044 
   00391    0.4056   -8029.2846  0.6116 
   00392    0.4076   -8011.9352  0.6044 
   00393    0.3968   -7999.3893  0.6079 
   00394    0.4132   -8007.1333  0.6075 
   00395    0.4048   -8047.3661  0.6064 
   00396    0.3996   -8065.9358  0.6098 
   00397    0.4148   -8060.7188  0.6146 
   00398    0.3960   -8071.6792  0.6108 
   00399    0.3940   -8006.5326  0.6117 
   00400    0.4088   -7939.8715  0.6087 
   00401    0.4240   -7966.2853  0.6097 
   00402    0.4072   -7918.8960  0.6051 
   00403    0.3928   -7943.1047  0.6129 
   00404    0.4056   -7969.1291  0.6210 
   00405    0.4124   -7973.4537  0.6191 
   00406    0.3984   -7971.1074  0.6246 
   00407    0.4024   -7947.9775  0.6278 
   00408    0.4080   -7935.4288  0.6248 
   00409    0.4204   -7876.2229  0.6111 
   00410    0.4136   -7874.2598  0.6081 
   00411    0.4080   -7896.2718  0.6123 
   00412    0.3968   -7858.7204  0.6026 
   00413    0.3964   -7886.2609  0.5963 
   00414    0.3880   -7878.3774  0.5959 
   00415    0.4052   -7956.9275  0.5965 
   00416    0.3964   -7939.4640  0.5918 
   00417    0.3864   -7939.5354  0.5894 
   00418    0.4136   -7926.2518  0.5924 
   00419    0.4040   -8009.4271  0.5979 
   00420    0.3964   -7973.3881  0.5967 
   00421    0.3956   -7976.1398  0.5969 
   00422    0.4140   -7987.2081  0.5952 
   00423    0.3928   -7957.6999  0.5966 
   00424    0.4132   -7989.0238  0.6024 
   00425    0.4056   -7957.1596  0.6018 
   00426    0.3916   -7972.9283  0.6005 
   00427    0.4152   -8035.7355  0.6051 
   00428    0.3992   -8045.2809  0.6099 
   00429    0.3956   -8016.9005  0.6079 
   00430    0.3920   -7989.6968  0.6117 
   00431    0.4032   -7906.9162  0.6133 
   00432    0.3844   -7945.0705  0.6119 
   00433    0.3976   -7967.4192  0.6113 
   00434    0.3952   -8026.7412  0.6192 
   00435    0.4112   -8026.1956  0.6280 
   00436    0.4072   -7971.1838  0.6293 
   00437    0.3976   -8034.6032  0.6274 
   00438    0.4048   -8008.0070  0.6318 
   00439    0.4184   -8019.2572  0.6372 
   00440    0.3948   -8024.9133  0.6413 
   00441    0.4116   -8008.4499  0.6362 
   00442    0.3920   -7978.6951  0.6409 
   00443    0.3932   -7998.6245  0.6393 
   00444    0.4024   -8005.4386  0.6343 
   00445    0.4100   -7987.0999  0.6372 
   00446    0.4112   -8007.9264  0.6412 
   00447    0.4076   -7983.3942  0.6446 
   00448    0.4164   -8007.4488  0.6513 
   00449    0.3912   -8021.7868  0.6450 
   00450    0.4104   -8020.1231  0.6480 
   00451    0.4052   -8040.9007  0.6476 
   00452    0.4020   -8020.3082  0.6521 
   00453    0.4004   -8014.2006  0.6541 
   00454    0.3932   -8036.6680  0.6554 
   00455    0.3716   -8033.6521  0.6527 
   00456    0.4036   -8039.8104  0.6504 
   00457    0.4004   -8021.7829  0.6520 
   00458    0.4032   -7983.1792  0.6458 
   00459    0.4168   -8038.0660  0.6393 
   00460    0.3896   -7969.9530  0.6377 
   00461    0.3992   -8005.7223  0.6405 
   00462    0.3960   -7982.0249  0.6367 
   00463    0.4100   -7943.8106  0.6405 
   00464    0.3980   -7938.2818  0.6341 
   00465    0.3932   -7944.1038  0.6348 
   00466    0.3976   -7948.1334  0.6358 
   00467    0.4076   -7973.8218  0.6348 
   00468    0.4200   -7966.7370  0.6332 
   00469    0.4168   -7993.5445  0.6374 
   00470    0.4004   -8004.6116  0.6305 
   00471    0.4128   -7968.2306  0.6253 
   00472    0.4044   -7994.4420  0.6323 
   00473    0.4092   -7966.1630  0.6244 
   00474    0.4108   -8043.0219  0.6331 
   00475    0.3928   -8001.3173  0.6335 
   00476    0.3988   -8041.5442  0.6293 
   00477    0.4040   -7995.3115  0.6253 
   00478    0.4096   -7972.3681  0.6265 
   00479    0.3884   -7989.6768  0.6246 
   00480    0.4144   -7986.6339  0.6304 
   00481    0.4100   -8008.0351  0.6315 
   00482    0.3996   -7968.0763  0.6289 
   00483    0.4068   -7999.1438  0.6314 
   00484    0.3940   -7950.1881  0.6339 
   00485    0.3884   -8028.2424  0.6341 
   00486    0.4044   -8075.8629  0.6334 
   00487    0.4112   -8016.2035  0.6309 
   00488    0.3856   -7996.7740  0.6344 
   00489    0.3932   -7987.2083  0.6417 
   00490    0.4056   -7984.4706  0.6444 
   00491    0.4068   -8038.8571  0.6478 
   00492    0.4236   -8058.1005  0.6472 
   00493    0.4036   -8070.4600  0.6443 
   00494    0.4000   -8041.7728  0.6404 
   00495    0.4020   -8065.3833  0.6372 
   00496    0.3896   -7970.7200  0.6304 
   00497    0.3968   -7998.4868  0.6295 
   00498    0.4168   -7935.9266  0.6284 
   00499    0.3976   -7986.6491  0.6266 
   00500    0.3964   -8011.2380  0.6209 
   00501    0.4048   -7983.4399  0.6247 
   00502    0.4184   -7954.2876  0.6300 
   00503    0.4280   -7979.6967  0.6349 
   00504    0.4028   -8003.8293  0.6340 
   00505    0.3960   -7979.1405  0.6339 
   00506    0.3808   -7996.6989  0.6414 
   00507    0.4120   -7975.1955  0.6356 
   00508    0.4256   -7944.9052  0.6378 
   00509    0.4008   -7938.0024  0.6395 
   00510    0.3924   -7948.2578  0.6405 
   00511    0.4040   -7917.6568  0.6449 
   00512    0.4016   -7924.8088  0.6450 
   00513    0.3728   -7979.4577  0.6436 
   00514    0.4016   -7996.0698  0.6382 
   00515    0.4040   -7947.1618  0.6295 
   00516    0.4056   -7997.9631  0.6325 
   00517    0.3972   -7990.1622  0.6264 
   00518    0.3856   -8015.0988  0.6378 
   00519    0.4108   -8039.0181  0.6395 
   00520    0.3960   -8034.2000  0.6499 
   00521    0.4052   -8042.0385  0.6529 
   00522    0.4040   -8088.1010  0.6554 
   00523    0.4004   -8034.3629  0.6563 
   00524    0.3916   -8048.4354  0.6630 
   00525    0.3940   -8039.7556  0.6640 
   00526    0.4000   -8004.0027  0.6627 
   00527    0.3968   -8021.7807  0.6697 
   00528    0.3812   -7990.4224  0.6697 
   00529    0.4032   -7984.2990  0.6661 
   00530    0.4052   -7978.2126  0.6618 
   00531    0.3976   -7968.5275  0.6657 
   00532    0.4072   -7944.6947  0.6601 
   00533    0.3904   -7895.3574  0.6589 
   00534    0.4028   -7872.4720  0.6544 
   00535    0.4160   -7952.2741  0.6601 
   00536    0.3988   -7865.5882  0.6466 
   00537    0.3908   -7904.6788  0.6498 
   00538    0.3984   -7912.3167  0.6544 
   00539    0.3916   -7922.4803  0.6563 
   00540    0.4052   -7836.9543  0.6484 
   00541    0.3948   -7856.3478  0.6497 
   00542    0.4084   -7863.2967  0.6572 
   00543    0.4188   -7860.2174  0.6561 
   00544    0.3960   -7860.2506  0.6552 
   00545    0.4104   -7865.9668  0.6608 
   00546    0.3944   -7905.9876  0.6634 
   00547    0.3972   -7875.6322  0.6581 
   00548    0.3984   -7894.3739  0.6589 
   00549    0.4060   -7916.4327  0.6584 
   00550    0.4084   -7886.4569  0.6570 
   00551    0.4188   -7880.2658  0.6582 
   00552    0.3876   -7837.7145  0.6575 
   00553    0.3888   -7899.1853  0.6604 
   00554    0.4072   -7887.1094  0.6596 
   00555    0.4032   -7908.0797  0.6637 
   00556    0.4044   -7879.5216  0.6579 
   00557    0.3924   -7887.1591  0.6631 
   00558    0.3992   -7854.1464  0.6676 
   00559    0.3992   -7818.0876  0.6678 
   00560    0.3944   -7855.1006  0.6701 
   00561    0.3964   -7884.8877  0.6677 
   00562    0.4048   -7915.8855  0.6701 
   00563    0.4000   -7936.9285  0.6640 
   00564    0.4032   -7933.7163  0.6625 
   00565    0.4096   -7910.3207  0.6668 
   00566    0.3984   -7914.0976  0.6661 
   00567    0.3868   -7953.9376  0.6670 
   00568    0.3952   -8001.0668  0.6609 
   00569    0.4028   -7938.8090  0.6633 
   00570    0.4108   -7944.6255  0.6713 
   00571    0.4084   -7921.3738  0.6727 
   00572    0.3908   -7927.6247  0.6735 
   00573    0.4124   -7918.6270  0.6703 
   00574    0.4236   -7954.6959  0.6639 
   00575    0.4064   -7970.1583  0.6661 
   00576    0.4136   -7960.9941  0.6688 
   00577    0.4008   -7986.7415  0.6723 
   00578    0.3920   -7983.9265  0.6815 
   00579    0.3916   -8017.3758  0.6864 
   00580    0.4036   -8040.2270  0.6967 
   00581    0.4076   -8054.0938  0.6957 
   00582    0.3996   -8014.6867  0.6960 
   00583    0.3736   -8054.3008  0.7018 
   00584    0.4096   -8042.2475  0.7022 
   00585    0.4076   -8009.3432  0.6993 
   00586    0.3896   -8055.1955  0.7010 
   00587    0.3920   -8026.1207  0.6993 
   00588    0.3700   -7993.6797  0.6957 
   00589    0.3944   -8042.1058  0.6997 
   00590    0.3908   -8049.8035  0.6967 
   00591    0.4116   -8019.4491  0.6950 
   00592    0.3904   -8064.8680  0.6967 
   00593    0.3940   -8094.9126  0.7025 
   00594    0.4004   -8102.3078  0.7069 
   00595    0.3904   -8056.9557  0.7087 
   00596    0.3864   -8057.9556  0.7036 
   00597    0.3976   -8055.3600  0.7016 
   00598    0.4040   -7976.2740  0.6965 
   00599    0.3884   -7955.0689  0.6962 
   00600    0.3940   -7993.6581  0.6976 
   00601    0.3964   -7975.8673  0.6980 
   00602    0.4004   -7991.2236  0.7030 
   00603    0.4084   -7959.5961  0.6997 
   00604    0.3944   -7975.0789  0.6987 
   00605    0.4232   -8022.6769  0.6986 
   00606    0.4096   -8018.7952  0.7028 
   00607    0.3932   -7988.6543  0.7078 
   00608    0.4076   -7980.5434  0.7046 
   00609    0.3948   -7979.7371  0.7022 
   00610    0.4004   -7923.2966  0.6952 
   00611    0.3944   -7885.2278  0.6968 
   00612    0.3988   -7956.5753  0.6968 
   00613    0.3940   -7952.9319  0.6941 
   00614    0.4148   -7982.2968  0.7018 
   00615    0.4088   -7955.9048  0.6978 
   00616    0.4164   -7935.1998  0.6969 
   00617    0.3876   -8057.5594  0.7034 
   00618    0.4104   -7990.5998  0.7025 
   00619    0.3892   -8001.8310  0.7080 
   00620    0.3840   -8036.6190  0.7048 
   00621    0.3980   -8044.2514  0.7056 
   00622    0.3908   -8030.2364  0.7051 
   00623    0.4100   -8037.8610  0.7043 
   00624    0.3916   -7989.7334  0.7036 
   00625    0.4176   -7954.9930  0.7006 
   00626    0.4156   -7973.2980  0.6995 
   00627    0.3992   -7961.5542  0.6941 
   00628    0.4152   -8009.1032  0.6992 
   00629    0.3804   -8006.4303  0.6996 
   00630    0.4060   -8027.6084  0.6983 
   00631    0.3760   -8081.7699  0.7022 
   00632    0.3984   -8064.7084  0.7042 
   00633    0.3968   -8032.0117  0.7117 
   00634    0.3784   -7985.5280  0.7115 
   00635    0.3988   -7991.8242  0.7162 
   00636    0.4000   -8037.3871  0.7190 
   00637    0.3808   -8109.4427  0.7255 
   00638    0.3900   -8109.0317  0.7251 
   00639    0.3972   -8138.4499  0.7263 
   00640    0.4072   -8115.9102  0.7260 
   00641    0.4064   -8064.2451  0.7225 
   00642    0.3948   -8035.0637  0.7179 
   00643    0.4132   -8031.4366  0.7179 
   00644    0.3788   -8049.3443  0.7180 
   00645    0.3948   -8081.3055  0.7274 
   00646    0.3880   -8071.7976  0.7229 
   00647    0.3972   -8039.7410  0.7161 
   00648    0.3900   -7997.6502  0.7164 
   00649    0.4024   -8033.5829  0.7104 
   00650    0.4068   -8046.8946  0.7124 
   00651    0.4076   -8042.7694  0.7153 
   00652    0.4040   -8051.1105  0.7095 
   00653    0.3948   -8009.5264  0.7097 
   00654    0.4248   -7958.5496  0.7128 
   00655    0.3908   -7964.4318  0.7106 
   00656    0.3860   -7940.6516  0.7108 
   00657    0.3880   -7925.5548  0.7135 
   00658    0.4052   -7965.7207  0.7185 
   00659    0.4120   -7979.5635  0.7192 
   00660    0.3764   -7964.2818  0.7215 
   00661    0.3952   -8012.3712  0.7228 
   00662    0.4168   -7983.4919  0.7259 
   00663    0.3988   -8042.6281  0.7332 
   00664    0.3976   -8046.9546  0.7345 
   00665    0.4032   -8016.0758  0.7366 
   00666    0.3964   -8013.6704  0.7336 
   00667    0.4024   -7978.1234  0.7325 
   00668    0.4012   -8034.1170  0.7374 
   00669    0.3856   -8015.6195  0.7375 
   00670    0.4044   -7993.1163  0.7380 
   00671    0.3816   -8049.6608  0.7441 
   00672    0.4112   -8016.1671  0.7451 
   00673    0.4000   -8009.4801  0.7414 
   00674    0.3872   -7988.0178  0.7406 
   00675    0.3992   -7946.0091  0.7341 
   00676    0.4108   -7975.5277  0.7381 
   00677    0.4012   -7972.2708  0.7313 
   00678    0.4104   -8015.6936  0.7323 
   00679    0.4060   -7992.6091  0.7421 
   00680    0.4016   -7973.5683  0.7395 
   00681    0.4120   -7910.9294  0.7320 
   00682    0.4200   -7904.0993  0.7331 
   00683    0.4068   -7938.5827  0.7397 
   00684    0.4064   -7903.5001  0.7342 
   00685    0.4012   -7920.5876  0.7370 
   00686    0.4064   -7945.0793  0.7368 
   00687    0.4024   -7942.0436  0.7360 
   00688    0.4076   -7947.0459  0.7378 
   00689    0.3964   -8028.0919  0.7422 
   00690    0.4012   -7973.8070  0.7345 
   00691    0.3908   -7982.5506  0.7349 
   00692    0.4008   -7984.0122  0.7373 
   00693    0.3952   -7950.3425  0.7372 
   00694    0.4000   -7939.0027  0.7363 
   00695    0.3880   -7986.3000  0.7418 
   00696    0.3980   -8005.3376  0.7411 
   00697    0.4240   -7950.7362  0.7376 
   00698    0.4068   -7939.7604  0.7427 
   00699    0.4064   -8009.8711  0.7443 
   00700    0.3880   -7938.7708  0.7463 
   00701    0.3932   -7990.6818  0.7503 
   00702    0.4164   -8092.0241  0.7527 
   00703    0.3896   -8082.4040  0.7523 
   00704    0.3940   -7986.6908  0.7487 
   00705    0.3996   -8022.9881  0.7482 
   00706    0.4016   -7997.9314  0.7449 
   00707    0.4060   -8017.4468  0.7492 
   00708    0.4000   -7998.9785  0.7449 
   00709    0.4004   -7997.0600  0.7463 
   00710    0.4032   -7933.1799  0.7402 
   00711    0.3988   -7889.0586  0.7389 
   00712    0.4144   -7970.4931  0.7417 
   00713    0.4168   -8053.4899  0.7489 
   00714    0.4088   -8061.5164  0.7501 
   00715    0.3924   -8066.3003  0.7538 
   00716    0.3956   -8009.9556  0.7509 
   00717    0.3908   -8033.8088  0.7518 
   00718    0.4264   -8037.9746  0.7511 
   00719    0.4108   -8055.5540  0.7488 
   00720    0.4020   -8090.9791  0.7539 
   00721    0.4012   -8151.3356  0.7556 
   00722    0.3760   -8068.2210  0.7524 
   00723    0.4072   -8064.7039  0.7527 
   00724    0.3880   -8063.6325  0.7649 
   00725    0.3900   -8055.6230  0.7606 
   00726    0.3876   -7990.6322  0.7551 
   00727    0.3920   -7952.5173  0.7506 
   00728    0.4052   -7951.2356  0.7515 
   00729    0.3972   -8011.9116  0.7538 
   00730    0.3872   -7997.3080  0.7511 
   00731    0.4108   -7977.5011  0.7485 
   00732    0.4132   -7993.6121  0.7453 
   00733    0.3944   -8039.1983  0.7464 
   00734    0.3860   -8044.3588  0.7539 
   00735    0.3944   -8032.0443  0.7575 
   00736    0.3968   -8025.7186  0.7568 
   00737    0.3900   -8048.0262  0.7585 
   00738    0.4088   -8051.3201  0.7535 
   00739    0.4084   -8050.5166  0.7536 
   00740    0.4060   -8047.9449  0.7546 
   00741    0.4012   -7991.1540  0.7499 
   00742    0.3952   -7975.7723  0.7513 
   00743    0.4072   -7959.7220  0.7460 
   00744    0.4020   -8016.3270  0.7473 
   00745    0.3800   -8007.4683  0.7479 
   00746    0.4144   -8017.1423  0.7502 
   00747    0.3964   -8010.5175  0.7508 
   00748    0.4028   -7997.0455  0.7482 
   00749    0.3980   -7968.0668  0.7512 
   00750    0.3976   -7944.9522  0.7471 
   00751    0.4088   -7918.6874  0.7472 
   00752    0.4152   -7914.7728  0.7513 
   00753    0.4092   -7956.1135  0.7521 
   00754    0.4032   -7912.7225  0.7529 
   00755    0.4196   -7962.0864  0.7611 
   00756    0.3876   -8003.5346  0.7652 
   00757    0.4008   -7989.6544  0.7586 
   00758    0.3936   -7935.9320  0.7528 
   00759    0.3924   -7953.7575  0.7492 
   00760    0.4124   -7999.1053  0.7561 
   00761    0.3892   -8031.3144  0.7494 
   00762    0.4004   -8019.5043  0.7520 
   00763    0.4004   -8038.4775  0.7517 
   00764    0.4120   -8051.9108  0.7554 
   00765    0.3888   -8023.0734  0.7539 
   00766    0.4060   -8054.4205  0.7534 
   00767    0.4136   -8039.5485  0.7532 
   00768    0.4184   -8069.3063  0.7537 
   00769    0.4032   -8013.2017  0.7461 
   00770    0.3936   -8052.8598  0.7472 
   00771    0.3984   -8067.2171  0.7414 
   00772    0.4036   -7947.4913  0.7332 
   00773    0.3940   -7975.9961  0.7377 
   00774    0.3976   -8041.0385  0.7443 
   00775    0.4024   -8013.0195  0.7412 
   00776    0.4076   -7979.9926  0.7366 
   00777    0.4060   -7940.3082  0.7298 
   00778    0.4116   -7924.7497  0.7349 
   00779    0.3976   -7946.4931  0.7390 
   00780    0.4036   -7966.8543  0.7395 
   00781    0.4260   -7957.0607  0.7423 
   00782    0.4028   -7946.8726  0.7432 
   00783    0.4100   -7980.4005  0.7450 
   00784    0.4108   -7998.5836  0.7548 
   00785    0.3920   -7974.6938  0.7495 
   00786    0.3980   -7974.7718  0.7530 
   00787    0.3852   -8003.5945  0.7521 
   00788    0.4024   -8071.9880  0.7586 
   00789    0.4080   -8023.0982  0.7645 
   00790    0.3916   -8062.4020  0.7637 
   00791    0.3932   -8005.7871  0.7619 
   00792    0.4072   -8062.7883  0.7675 
   00793    0.3960   -8054.8064  0.7618 
   00794    0.4104   -8043.6858  0.7623 
   00795    0.4052   -8056.3497  0.7574 
   00796    0.3936   -8020.7688  0.7509 
   00797    0.3912   -8033.3663  0.7530 
   00798    0.3896   -7972.6419  0.7546 
   00799    0.4048   -7965.9527  0.7531 
   00800    0.3940   -7987.2698  0.7564 
   00801    0.3984   -8017.0105  0.7537 
   00802    0.4068   -8004.7022  0.7533 
   00803    0.3992   -7987.7706  0.7536 
   00804    0.3812   -7983.2164  0.7492 
   00805    0.3876   -7924.6456  0.7456 
   00806    0.3996   -7920.0461  0.7498 
   00807    0.4036   -7880.7254  0.7502 
   00808    0.3936   -7965.4833  0.7524 
   00809    0.3956   -7934.9076  0.7501 
   00810    0.3880   -7974.4924  0.7452 
   00811    0.4036   -7916.4612  0.7381 
   00812    0.3988   -8001.5996  0.7462 
   00813    0.3976   -7947.4101  0.7419 
   00814    0.4104   -7917.4132  0.7438 
   00815    0.3904   -7966.1613  0.7488 
   00816    0.4076   -7954.5413  0.7503 
   00817    0.4224   -8006.7234  0.7485 
   00818    0.4184   -8080.9469  0.7465 
   00819    0.3840   -8129.6357  0.7522 
   00820    0.3956   -8103.0671  0.7492 
   00821    0.3824   -8059.6666  0.7484 
   00822    0.4068   -7973.1499  0.7496 
   00823    0.4092   -7997.8550  0.7470 
   00824    0.3988   -8013.2749  0.7473 
   00825    0.4060   -7992.4113  0.7458 
   00826    0.3872   -8054.8183  0.7515 
   00827    0.4112   -8071.9301  0.7513 
   00828    0.3860   -8120.6548  0.7563 
   00829    0.3940   -8063.1761  0.7548 
   00830    0.3980   -8052.6625  0.7489 
   00831    0.3852   -8107.3745  0.7544 
   00832    0.3976   -8079.3123  0.7488 
   00833    0.4080   -8089.4873  0.7524 
   00834    0.3868   -8090.8293  0.7529 
   00835    0.3932   -8120.8731  0.7581 
   00836    0.3984   -8047.3678  0.7555 
   00837    0.4104   -8041.6483  0.7533 
   00838    0.3824   -7955.5674  0.7459 
   00839    0.3944   -8045.8085  0.7517 
   00840    0.4032   -7956.0291  0.7531 
   00841    0.4192   -7923.7881  0.7498 
   00842    0.3944   -7929.0277  0.7499 
   00843    0.4136   -7936.3328  0.7474 
   00844    0.4060   -7983.3174  0.7510 
   00845    0.4048   -8001.5980  0.7475 
   00846    0.4060   -7979.5786  0.7515 
   00847    0.4032   -8015.4722  0.7488 
   00848    0.4176   -8058.7446  0.7513 
   00849    0.3928   -8005.1866  0.7480 
   00850    0.4108   -7940.1599  0.7426 
   00851    0.4120   -7928.8120  0.7379 
   00852    0.3948   -7914.2208  0.7392 
   00853    0.4004   -7916.6291  0.7361 
   00854    0.4020   -7916.5769  0.7373 
   00855    0.4032   -7883.9822  0.7380 
   00856    0.4048   -7932.5502  0.7397 
   00857    0.3976   -7914.4405  0.7345 
   00858    0.4220   -7841.7590  0.7212 
   00859    0.3952   -7874.6797  0.7200 
   00860    0.4268   -7864.5530  0.7278 
   00861    0.3948   -7812.9501  0.7216 
   00862    0.3948   -7850.6009  0.7250 
   00863    0.3952   -7803.8077  0.7249 
   00864    0.4108   -7828.0582  0.7303 
   00865    0.4100   -7894.4692  0.7437 
   00866    0.3724   -7886.6318  0.7426 
   00867    0.4088   -7906.7217  0.7406 
   00868    0.4008   -7919.9274  0.7488 
   00869    0.4044   -7962.8138  0.7473 
   00870    0.3940   -7926.0969  0.7409 
   00871    0.3932   -7973.2236  0.7447 
   00872    0.4040   -7981.0577  0.7449 
   00873    0.4088   -7996.3504  0.7480 
   00874    0.3948   -7989.4409  0.7453 
   00875    0.4092   -8015.5659  0.7436 
   00876    0.3936   -8013.9357  0.7463 
   00877    0.4108   -8005.0773  0.7416 
   00878    0.3972   -8011.2290  0.7391 
   00879    0.4104   -8001.1739  0.7337 
   00880    0.3772   -8041.4979  0.7370 
   00881    0.3912   -8058.7395  0.7385 
   00882    0.3876   -8003.2441  0.7329 
   00883    0.3988   -7985.9598  0.7326 
   00884    0.3840   -8011.2087  0.7372 
   00885    0.4036   -8051.1906  0.7361 
   00886    0.3864   -8044.5542  0.7391 
   00887    0.3944   -7996.4140  0.7403 
   00888    0.3772   -8037.6421  0.7404 
   00889    0.3888   -8060.1110  0.7449 
   00890    0.4004   -8024.7225  0.7438 
   00891    0.3916   -8008.0052  0.7415 
   00892    0.4052   -7938.6199  0.7368 
   00893    0.3996   -7929.5534  0.7410 
   00894    0.4020   -7942.7883  0.7450 
   00895    0.4012   -7999.6519  0.7462 
   00896    0.4184   -8018.2434  0.7493 
   00897    0.3808   -8030.4356  0.7498 
   00898    0.4068   -7970.6167  0.7487 
   00899    0.4004   -7956.1811  0.7474 
   00900    0.4056   -7968.2488  0.7445 
   00901    0.3836   -7968.6460  0.7440 
   00902    0.3980   -7980.6665  0.7466 
   00903    0.3980   -7912.0708  0.7419 
   00904    0.4100   -7942.5282  0.7437 
   00905    0.4156   -7969.7035  0.7440 
   00906    0.3912   -7955.5245  0.7399 
   00907    0.4032   -7958.8935  0.7420 
   00908    0.3980   -7976.9828  0.7454 
   00909    0.4108   -7982.4387  0.7415 
   00910    0.3912   -8039.7793  0.7480 
   00911    0.3944   -8067.3830  0.7419 
   00912    0.3776   -8098.6115  0.7440 
   00913    0.4076   -8094.6928  0.7397 
   00914    0.3820   -8074.8567  0.7319 
   00915    0.4028   -8064.7594  0.7279 
   00916    0.4108   -8019.6423  0.7268 
   00917    0.4084   -8005.5809  0.7307 
   00918    0.4080   -7966.4565  0.7285 
   00919    0.3976   -7966.9763  0.7263 
   00920    0.3976   -7970.9787  0.7239 
   00921    0.3848   -7942.8402  0.7262 
   00922    0.4108   -7975.6732  0.7258 
   00923    0.3876   -7998.2665  0.7276 
   00924    0.3980   -7963.3588  0.7237 
   00925    0.3976   -7930.5086  0.7203 
   00926    0.4140   -7973.6346  0.7298 
   00927    0.4020   -7966.4503  0.7237 
   00928    0.3860   -7992.2465  0.7271 
   00929    0.4168   -7957.4753  0.7332 
   00930    0.4208   -7974.7142  0.7300 
   00931    0.3968   -7989.4348  0.7330 
   00932    0.3996   -7996.6221  0.7361 
   00933    0.3896   -7988.2690  0.7384 
   00934    0.4168   -7946.1145  0.7316 
   00935    0.4140   -7952.7904  0.7329 
   00936    0.4016   -7963.1049  0.7365 
   00937    0.4004   -7939.5684  0.7376 
   00938    0.4052   -7921.1647  0.7358 
   00939    0.4044   -7964.0896  0.7396 
   00940    0.4188   -7955.9848  0.7344 
   00941    0.3956   -7912.8039  0.7329 
   00942    0.4080   -7904.7064  0.7358 
   00943    0.3732   -7961.8880  0.7388 
   00944    0.3996   -7944.1671  0.7315 
   00945    0.4040   -7943.5316  0.7280 
   00946    0.4024   -8001.3470  0.7301 
   00947    0.3936   -7983.4627  0.7298 
   00948    0.4060   -8032.5461  0.7369 
   00949    0.4036   -8055.1437  0.7348 
   00950    0.3988   -8030.8240  0.7334 
   00951    0.3896   -8015.1622  0.7372 
   00952    0.3852   -8011.4552  0.7351 
   00953    0.4076   -7982.9008  0.7298 
   00954    0.4016   -7969.3756  0.7314 
   00955    0.4128   -7954.0112  0.7306 
   00956    0.4100   -7898.5096  0.7305 
   00957    0.4144   -7910.7697  0.7322 
   00958    0.4068   -7935.4296  0.7363 
   00959    0.3904   -7946.7819  0.7289 
   00960    0.3920   -7982.9917  0.7276 
   00961    0.3972   -8030.4842  0.7331 
   00962    0.3920   -8037.6879  0.7351 
   00963    0.4072   -8025.6618  0.7349 
   00964    0.4068   -8043.2128  0.7397 
   00965    0.4148   -8031.9030  0.7379 
   00966    0.3948   -8046.4189  0.7397 
   00967    0.3916   -8086.7299  0.7449 
   00968    0.3848   -8141.2561  0.7496 
   00969    0.3904   -8101.2876  0.7505 
   00970    0.3880   -8069.4485  0.7461 
   00971    0.3888   -8063.8736  0.7509 
   00972    0.4044   -8085.3622  0.7500 
   00973    0.3912   -8081.6566  0.7509 
   00974    0.3920   -8161.3585  0.7552 
   00975    0.3792   -8103.0413  0.7549 
   00976    0.3956   -8125.6923  0.7494 
   00977    0.3932   -8039.4561  0.7439 
   00978    0.4084   -8025.5156  0.7404 
   00979    0.3952   -8004.6591  0.7347 
   00980    0.3816   -8046.2360  0.7372 
   00981    0.3988   -8041.5912  0.7392 
   00982    0.3952   -7966.6887  0.7424 
   00983    0.3832   -8026.1135  0.7483 
   00984    0.4056   -8032.1330  0.7460 
   00985    0.3964   -8072.1797  0.7495 
   00986    0.3936   -7999.5730  0.7445 
   00987    0.4072   -7995.5842  0.7441 
   00988    0.4004   -8021.0652  0.7477 
   00989    0.4080   -7945.7757  0.7392 
   00990    0.3984   -8021.7102  0.7440 
   00991    0.4032   -8005.1070  0.7394 
   00992    0.3888   -8052.3677  0.7347 
   00993    0.4144   -7992.4288  0.7286 
   00994    0.4008   -8050.3119  0.7372 
   00995    0.3896   -8071.1975  0.7330 
   00996    0.3824   -8119.5018  0.7392 
   00997    0.4024   -7997.1273  0.7305 
   00998    0.3992   -8012.8330  0.7287 
   00999    0.3932   -7963.1331  0.7280 
   01000    0.4116   -7993.4333  0.7361 
