#=====================================================
# File created:        Mon-02-Mar-2026-at-08-29-03PM
# Size of lattice:     400x400
# Number of MC steps:  50
# Reduced temperature: 0.650
# Run time (s):        113.848799
#=====================================================
# MC step:  Ratio:     Energy:   Order:
#=====================================================
   00000    0.5000 -159816.2574  0.2508 
   00001    0.6784 -242983.8249  0.2507 
   00002    0.6147 -291269.9023  0.2520 
   00003    0.5712 -323611.4468  0.2519 
   00004    0.5433 -348134.6712  0.2513 
   00005    0.5232 -366533.8224  0.2511 
   00006    0.5063 -381267.0298  0.2510 
   00007    0.4955 -393150.3112  0.2510 
   00008    0.4855 -403140.9569  0.2512 
   00009    0.4799 -411317.8141  0.2515 
   00010    0.4737 -418864.0625  0.2531 
   00011    0.4664 -425092.2160  0.2533 
   00012    0.4627 -430405.0503  0.2538 
   00013    0.4592 -434988.8276  0.2543 
   00014    0.4550 -438739.8114  0.2536 
   00015    0.4511 -442576.1570  0.2525 
   00016    0.4513 -446194.6203  0.2512 
   00017    0.4469 -449365.0172  0.2511 
   00018    0.4467 -451221.0378  0.2514 
   00019    0.4426 -453880.9259  0.2513 
   00020    0.4406 -456019.4625  0.2506 
   00021    0.4410 -458339.7566  0.2514 
   00022    0.4375 -459951.4353  0.2518 
   00023    0.4369 -461667.7072  0.2522 
   00024    0.4368 -463080.1418  0.2524 
   00025    0.4335 -464515.3678  0.2528 
   00026    0.4330 -466334.4676  0.2538 
   00027    0.4324 -467781.2854  0.2533 
   00028    0.4327 -469067.1429  0.2535 
   00029    0.4298 -469827.7302  0.2548 
   00030    0.4294 -471099.0073  0.2553 
   00031    0.4264 -472064.1761  0.2554 
   00032    0.4277 -473058.0442  0.2563 
   00033    0.4275 -474345.4480  0.2571 
   00034    0.4265 -475224.4816  0.2577 
   00035    0.4270 -475462.6005  0.2583 
   00036    0.4254 -476211.9563  0.2576 
   00037    0.4254 -476747.1303  0.2573 
   00038    0.4236 -477205.4123  0.2571 
   00039    0.4234 -478010.0351  0.2576 
   00040    0.4245 -478500.3829  0.2578 
   00041    0.4252 -479225.5035  0.2576 
   00042    0.4235 -480173.5476  0.2578 
   00043    0.4224 -480865.3774  0.2560 
   00044    0.4213 -481468.9412  0.2546 
   00045    0.4208 -481872.4574  0.2552 
   00046    0.4205 -482825.2088  0.2557 
   00047    0.4195 -483278.8020  0.2556 
   00048    0.4217 -483440.4976  0.2556 
   00049    0.4189 -484391.2404  0.2556 
   00050    0.4167 -484428.9391  0.2546 
