#=====================================================
# File created:        Mon-02-Mar-2026-at-08-26-51PM
# Size of lattice:     300x300
# Number of MC steps:  50
# Reduced temperature: 0.650
# Run time (s):        64.906999
#=====================================================
# MC step:  Ratio:     Energy:   Order:
#=====================================================
   00000    0.5000  -89937.9268  0.2509 
   00001    0.6764 -136474.1466  0.2527 
   00002    0.6128 -164498.8938  0.2526 
   00003    0.5709 -182489.8551  0.2538 
   00004    0.5446 -195850.5669  0.2540 
   00005    0.5234 -206127.7672  0.2536 
   00006    0.5112 -214002.8338  0.2540 
   00007    0.4961 -220582.4331  0.2541 
   00008    0.4897 -226580.8334  0.2532 
   00009    0.4786 -231684.0477  0.2549 
   00010    0.4735 -235332.6725  0.2557 
   00011    0.4686 -238532.4544  0.2567 
   00012    0.4603 -241594.7322  0.2564 
   00013    0.4625 -243765.5625  0.2564 
   00014    0.4533 -246193.1045  0.2579 
   00015    0.4512 -248263.2538  0.2582 
   00016    0.4472 -250327.5823  0.2578 
   00017    0.4479 -251983.8777  0.2579 
   00018    0.4448 -253295.2371  0.2571 
   00019    0.4457 -254894.8482  0.2578 
   00020    0.4406 -256448.1238  0.2591 
   00021    0.4382 -257407.4081  0.2596 
   00022    0.4389 -258634.9662  0.2597 
   00023    0.4361 -259509.2752  0.2600 
   00024    0.4317 -260254.6335  0.2593 
   00025    0.4328 -261335.4249  0.2605 
   00026    0.4356 -262326.0840  0.2584 
   00027    0.4331 -263087.6789  0.2578 
   00028    0.4273 -263804.3252  0.2582 
   00029    0.4311 -264556.4651  0.2588 
   00030    0.4285 -265176.1373  0.2580 
   00031    0.4289 -265564.4722  0.2583 
   00032    0.4267 -266193.3204  0.2600 
   00033    0.4273 -266959.9717  0.2603 
   00034    0.4261 -267293.2337  0.2592 
   00035    0.4288 -267626.1392  0.2584 
   00036    0.4265 -268071.8151  0.2582 
   00037    0.4208 -268695.3537  0.2602 
   00038    0.4230 -269067.5715  0.2614 
   00039    0.4229 -269187.1488  0.2610 
   00040    0.4245 -269383.5327  0.2621 
   00041    0.4223 -269510.0776  0.2624 
   00042    0.4227 -269729.3386  0.2613 
   00043    0.4212 -270082.3652  0.2603 
   00044    0.4223 -270633.7534  0.2607 
   00045    0.4213 -271195.3999  0.2603 
   00046    0.4208 -271808.4110  0.2609 
   00047    0.4197 -272132.2230  0.2622 
   00048    0.4181 -272133.4475  0.2632 
   00049    0.4180 -272346.9495  0.2645 
   00050    0.4177 -272349.0997  0.2645 
