#=====================================================
# File created:        Mon-02-Mar-2026-at-08-32-16PM
# Size of lattice:     500x500
# Number of MC steps:  50
# Reduced temperature: 0.650
# Run time (s):        173.213738
#=====================================================
# MC step:  Ratio:     Energy:   Order:
#=====================================================
   00000    0.5000 -248621.5646  0.2516 
   00001    0.6780 -378436.3010  0.2514 
   00002    0.6119 -454596.2405  0.2515 
   00003    0.5705 -506550.6257  0.2512 
   00004    0.5448 -543422.4816  0.2523 
   00005    0.5240 -573020.4616  0.2520 
   00006    0.5079 -595199.4347  0.2526 
   00007    0.4966 -613876.1310  0.2531 
   00008    0.4882 -629019.2584  0.2541 
   00009    0.4813 -641528.6839  0.2537 
   00010    0.4747 -652466.2220  0.2533 
   00011    0.4691 -663100.0939  0.2536 
   00012    0.4625 -672254.0131  0.2535 
   00013    0.4580 -679365.9258  0.2545 
   00014    0.4537 -685942.5487  0.2546 
   00015    0.4513 -691694.2547  0.2540 
   00016    0.4511 -697044.5895  0.2549 
   00017    0.4474 -701644.3024  0.2546 
   00018    0.4457 -705807.3313  0.2543 
   00019    0.4434 -709964.3684  0.2558 
   00020    0.4391 -713187.5085  0.2556 
   00021    0.4412 -716693.4892  0.2551 
   00022    0.4352 -719220.7457  0.2552 
   00023    0.4359 -721673.2970  0.2556 
   00024    0.4351 -724461.7589  0.2556 
   00025    0.4337 -726854.9108  0.2548 
   00026    0.4327 -728763.5220  0.2550 
   00027    0.4329 -731338.0914  0.2561 
   00028    0.4305 -733099.1223  0.2555 
   00029    0.4300 -735299.6350  0.2553 
   00030    0.4284 -737336.3125  0.2560 
   00031    0.4276 -739138.1426  0.2566 
   00032    0.4260 -740105.1592  0.2570 
   00033    0.4269 -741325.7087  0.2571 
   00034    0.4262 -742478.5800  0.2563 
   00035    0.4253 -742828.5526  0.2565 
   00036    0.4252 -744558.7760  0.2562 
   00037    0.4254 -745859.5428  0.2579 
   00038    0.4252 -746170.3523  0.2576 
   00039    0.4248 -747618.0733  0.2572 
   00040    0.4228 -748672.9352  0.2574 
   00041    0.4239 -749183.4320  0.2575 
   00042    0.4225 -750799.2171  0.2577 
   00043    0.4213 -751374.3425  0.2581 
   00044    0.4204 -752996.9201  0.2587 
   00045    0.4230 -753765.8362  0.2583 
   00046    0.4196 -754236.0887  0.2588 
   00047    0.4214 -754967.6236  0.2591 
   00048    0.4192 -755916.2475  0.2589 
   00049    0.4193 -756611.4922  0.2589 
   00050    0.4186 -756824.5619  0.2588 
