#=====================================================
# File created:        Mon-02-Mar-2026-at-08-21-48PM
# Size of lattice:     200x200
# Number of MC steps:  50
# Reduced temperature: 0.650
# Run time (s):        28.132758
#=====================================================
# MC step:  Ratio:     Energy:   Order:
#=====================================================
   00000    0.5000  -40245.1630  0.2537 
   00001    0.6798  -60774.8668  0.2551 
   00002    0.6139  -73198.6160  0.2546 
   00003    0.5746  -81341.6385  0.2547 
   00004    0.5464  -87258.7565  0.2542 
   00005    0.5238  -91436.3269  0.2524 
   00006    0.5107  -94950.3931  0.2526 
   00007    0.4989  -97955.4644  0.2523 
   00008    0.4934 -100487.8641  0.2573 
   00009    0.4791 -102628.7173  0.2581 
   00010    0.4738 -104358.3951  0.2596 
   00011    0.4684 -105974.8289  0.2573 
   00012    0.4659 -107303.1994  0.2562 
   00013    0.4548 -108291.5503  0.2534 
   00014    0.4584 -109274.7092  0.2532 
   00015    0.4576 -110408.2564  0.2536 
   00016    0.4532 -111052.2412  0.2542 
   00017    0.4460 -111644.9582  0.2556 
   00018    0.4453 -112530.4373  0.2558 
   00019    0.4475 -113088.2231  0.2560 
   00020    0.4463 -113444.4685  0.2567 
   00021    0.4399 -114043.1044  0.2584 
   00022    0.4393 -114473.1997  0.2583 
   00023    0.4369 -115087.0485  0.2576 
   00024    0.4357 -115526.5496  0.2599 
   00025    0.4349 -115882.6085  0.2587 
   00026    0.4364 -116514.7877  0.2575 
   00027    0.4300 -116760.5088  0.2576 
   00028    0.4339 -116906.4791  0.2571 
   00029    0.4260 -117183.2315  0.2581 
   00030    0.4364 -117580.6482  0.2575 
   00031    0.4324 -117612.2998  0.2577 
   00032    0.4240 -117831.2454  0.2569 
   00033    0.4245 -118333.0887  0.2565 
   00034    0.4245 -118723.2011  0.2587 
   00035    0.4270 -119009.4322  0.2576 
   00036    0.4288 -119027.4240  0.2580 
   00037    0.4281 -119201.4089  0.2576 
   00038    0.4226 -119409.6265  0.2577 
   00039    0.4252 -119720.3860  0.2585 
   00040    0.4244 -120144.6842  0.2584 
   00041    0.4255 -120349.5737  0.2587 
   00042    0.4216 -120596.7087  0.2612 
   00043    0.4212 -120522.8206  0.2602 
   00044    0.4236 -120400.7362  0.2609 
   00045    0.4187 -120475.6802  0.2615 
   00046    0.4209 -120340.3334  0.2598 
   00047    0.4195 -120388.2022  0.2609 
   00048    0.4187 -120471.9484  0.2611 
   00049    0.4178 -120646.3803  0.2606 
   00050    0.4167 -120704.6656  0.2632 
