#=====================================================
# File created:        Tue-24-Feb-2026-at-05-51-17PM
# Size of lattice:     200x200
# Number of MC steps:  50
# Reduced temperature: 0.650
# Run time (s):        11.176523
#=====================================================
# MC step:  Ratio:     Energy:   Order:
#=====================================================
   00000    0.5000  -40133.0528  0.2525 
   00001    0.6775  -61182.2734  0.2525 
   00002    0.6119  -72896.1509  0.2532 
   00003    0.5675  -81030.3706  0.2524 
   00004    0.5500  -87180.9718  0.2511 
   00005    0.5204  -91481.2628  0.2534 
   00006    0.5090  -95394.7784  0.2512 
   00007    0.5001  -98260.1027  0.2516 
   00008    0.4844 -100835.2014  0.2523 
   00009    0.4796 -103022.7062  0.2519 
   00010    0.4751 -104618.0979  0.2516 
   00011    0.4726 -106084.1328  0.2542 
   00012    0.4648 -107531.3301  0.2555 
   00013    0.4595 -108554.3177  0.2552 
   00014    0.4548 -109805.2885  0.2562 
   00015    0.4519 -110454.8461  0.2561 
   00016    0.4475 -111156.5978  0.2578 
   00017    0.4512 -111996.4384  0.2582 
   00018    0.4449 -112939.5265  0.2578 
   00019    0.4448 -113673.7679  0.2570 
   00020    0.4417 -114113.4279  0.2576 
   00021    0.4399 -114603.9816  0.2578 
   00022    0.4364 -114999.2530  0.2592 
   00023    0.4358 -115639.3948  0.2608 
   00024    0.4349 -116116.7224  0.2601 
   00025    0.4330 -116604.7802  0.2608 
   00026    0.4322 -116960.5861  0.2607 
   00027    0.4320 -116951.8209  0.2597 
   00028    0.4316 -117137.9487  0.2580 
   00029    0.4300 -117376.3517  0.2596 
   00030    0.4294 -117761.6286  0.2581 
   00031    0.4284 -118382.0278  0.2591 
   00032    0.4263 -118472.2794  0.2597 
   00033    0.4273 -118977.8025  0.2618 
   00034    0.4260 -118980.6207  0.2604 
   00035    0.4252 -118963.4259  0.2623 
   00036    0.4239 -118994.1461  0.2646 
   00037    0.4278 -119419.3386  0.2657 
   00038    0.4215 -119158.9381  0.2666 
   00039    0.4258 -119542.8263  0.2680 
   00040    0.4249 -119556.4580  0.2664 
   00041    0.4247 -119825.1531  0.2676 
   00042    0.4229 -119956.2870  0.2697 
   00043    0.4173 -120106.5228  0.2692 
   00044    0.4219 -120191.0301  0.2706 
   00045    0.4200 -120293.7946  0.2708 
   00046    0.4215 -120499.9385  0.2720 
   00047    0.4187 -120698.9763  0.2718 
   00048    0.4209 -120733.5195  0.2712 
   00049    0.4196 -120744.2871  0.2712 
   00050    0.4177 -120971.2381  0.2729 
