#=====================================================
# File created:        Tue-24-Feb-2026-at-05-56-46PM
# Size of lattice:     300x300
# Number of MC steps:  50
# Reduced temperature: 0.650
# Run time (s):        20.418169
#=====================================================
# MC step:  Ratio:     Energy:   Order:
#=====================================================
   00000    0.5000  -89874.3795  0.2535 
   00001    0.6765 -136121.8363  0.2538 
   00002    0.6124 -163096.9666  0.2565 
   00003    0.5724 -181745.9579  0.2572 
   00004    0.5453 -195878.5350  0.2593 
   00005    0.5222 -205932.4562  0.2595 
   00006    0.5105 -213953.9848  0.2605 
   00007    0.4951 -220728.6267  0.2621 
   00008    0.4888 -226475.3193  0.2615 
   00009    0.4798 -231116.8069  0.2618 
   00010    0.4745 -235175.6240  0.2638 
   00011    0.4667 -238581.8898  0.2628 
   00012    0.4660 -241735.0056  0.2616 
   00013    0.4605 -244319.6315  0.2629 
   00014    0.4551 -246862.8259  0.2620 
   00015    0.4540 -248687.5454  0.2634 
   00016    0.4465 -250655.2852  0.2639 
   00017    0.4485 -252354.8991  0.2640 
   00018    0.4445 -254041.6311  0.2634 
   00019    0.4427 -255648.3305  0.2628 
   00020    0.4404 -257120.9316  0.2631 
   00021    0.4375 -258136.9147  0.2640 
   00022    0.4377 -259241.9794  0.2654 
   00023    0.4336 -260216.5194  0.2644 
   00024    0.4375 -261362.6035  0.2642 
   00025    0.4332 -262189.3990  0.2635 
   00026    0.4302 -263159.1543  0.2645 
   00027    0.4303 -263783.6711  0.2658 
   00028    0.4275 -264252.1171  0.2650 
   00029    0.4307 -264942.2116  0.2648 
   00030    0.4278 -265449.1291  0.2649 
   00031    0.4261 -265981.1740  0.2660 
   00032    0.4261 -266285.2633  0.2648 
   00033    0.4278 -266508.7320  0.2664 
   00034    0.4249 -266737.5887  0.2651 
   00035    0.4250 -267076.0094  0.2658 
   00036    0.4262 -267590.2066  0.2660 
   00037    0.4222 -268297.8030  0.2668 
   00038    0.4252 -268802.1489  0.2679 
   00039    0.4214 -268855.7906  0.2664 
   00040    0.4231 -268735.9972  0.2662 
   00041    0.4231 -269111.5140  0.2649 
   00042    0.4215 -269520.7219  0.2642 
   00043    0.4227 -269553.3606  0.2634 
   00044    0.4211 -270232.4591  0.2623 
   00045    0.4234 -270452.8919  0.2615 
   00046    0.4245 -270666.3295  0.2626 
   00047    0.4202 -270782.8513  0.2628 
   00048    0.4232 -270825.8998  0.2622 
   00049    0.4212 -271678.9403  0.2642 
   00050    0.4203 -272196.3207  0.2650 
