#=====================================================
# File created:        Tue-24-Feb-2026-at-05-59-33PM
# Size of lattice:     400x400
# Number of MC steps:  50
# Reduced temperature: 0.650
# Run time (s):        32.848916
#=====================================================
# MC step:  Ratio:     Energy:   Order:
#=====================================================
   00000    0.5000 -159096.9446  0.2505 
   00001    0.6783 -241839.8865  0.2535 
   00002    0.6137 -291186.4226  0.2528 
   00003    0.5704 -323694.9969  0.2533 
   00004    0.5454 -347974.2521  0.2542 
   00005    0.5254 -366352.2525  0.2530 
   00006    0.5083 -381272.4328  0.2543 
   00007    0.4994 -392962.6946  0.2547 
   00008    0.4878 -403236.6369  0.2553 
   00009    0.4796 -411355.8162  0.2546 
   00010    0.4730 -418450.9573  0.2534 
   00011    0.4679 -424613.9737  0.2538 
   00012    0.4638 -429319.6874  0.2545 
   00013    0.4599 -433677.9150  0.2547 
   00014    0.4580 -437927.3814  0.2556 
   00015    0.4539 -441460.3911  0.2550 
   00016    0.4479 -444836.1685  0.2559 
   00017    0.4490 -447817.6914  0.2566 
   00018    0.4454 -450454.7701  0.2571 
   00019    0.4428 -452858.0429  0.2561 
   00020    0.4416 -455426.4058  0.2556 
   00021    0.4381 -457380.5229  0.2566 
   00022    0.4376 -459885.6281  0.2564 
   00023    0.4379 -461566.5315  0.2567 
   00024    0.4381 -463234.0661  0.2563 
   00025    0.4327 -465028.3981  0.2572 
   00026    0.4326 -466541.1576  0.2566 
   00027    0.4338 -467431.1350  0.2564 
   00028    0.4319 -468944.8724  0.2560 
   00029    0.4300 -469738.5519  0.2561 
   00030    0.4287 -470969.3024  0.2556 
   00031    0.4286 -471769.8937  0.2556 
   00032    0.4280 -472922.7651  0.2561 
   00033    0.4287 -473751.6312  0.2568 
   00034    0.4289 -475069.8172  0.2574 
   00035    0.4248 -475394.9706  0.2578 
   00036    0.4238 -476048.7705  0.2582 
   00037    0.4233 -476707.0242  0.2586 
   00038    0.4261 -477803.0472  0.2578 
   00039    0.4239 -478085.8295  0.2572 
   00040    0.4216 -478786.2357  0.2580 
   00041    0.4239 -479040.6844  0.2566 
   00042    0.4228 -479676.8292  0.2570 
   00043    0.4242 -480356.9255  0.2566 
   00044    0.4246 -480775.2991  0.2573 
   00045    0.4213 -481169.5929  0.2568 
   00046    0.4222 -481600.8312  0.2572 
   00047    0.4229 -482153.6615  0.2559 
   00048    0.4204 -482044.5772  0.2557 
   00049    0.4200 -482633.1634  0.2560 
   00050    0.4209 -482955.6936  0.2562 
