#=====================================================
# File created:        Tue-24-Feb-2026-at-06-01-38PM
# Size of lattice:     500x500
# Number of MC steps:  50
# Reduced temperature: 0.650
# Run time (s):        50.391852
#=====================================================
# MC step:  Ratio:     Energy:   Order:
#=====================================================
   00000    0.5000 -250584.9854  0.2516 
   00001    0.6783 -379854.6491  0.2523 
   00002    0.6120 -454688.0060  0.2523 
   00003    0.5709 -505902.1872  0.2533 
   00004    0.5443 -543660.9564  0.2525 
   00005    0.5239 -572129.2378  0.2528 
   00006    0.5103 -595195.9997  0.2527 
   00007    0.4976 -613941.2416  0.2522 
   00008    0.4879 -629055.3358  0.2513 
   00009    0.4811 -641497.7382  0.2516 
   00010    0.4748 -652571.7475  0.2528 
   00011    0.4682 -663078.3119  0.2530 
   00012    0.4627 -671887.9362  0.2534 
   00013    0.4590 -679050.8131  0.2537 
   00014    0.4545 -685973.1907  0.2545 
   00015    0.4523 -692066.4725  0.2532 
   00016    0.4524 -696756.2403  0.2526 
   00017    0.4473 -701233.5283  0.2526 
   00018    0.4472 -705403.5253  0.2518 
   00019    0.4442 -709503.4670  0.2520 
   00020    0.4406 -713271.3777  0.2525 
   00021    0.4380 -716605.2762  0.2526 
   00022    0.4384 -719016.3953  0.2532 
   00023    0.4365 -721054.9255  0.2531 
   00024    0.4351 -723423.3727  0.2539 
   00025    0.4346 -726132.5142  0.2543 
   00026    0.4325 -728113.6284  0.2542 
   00027    0.4331 -730236.9914  0.2553 
   00028    0.4330 -732111.5811  0.2550 
   00029    0.4296 -734075.6160  0.2548 
   00030    0.4288 -735364.9019  0.2548 
   00031    0.4282 -736224.5812  0.2549 
   00032    0.4300 -737561.9115  0.2548 
   00033    0.4282 -739230.7995  0.2551 
   00034    0.4274 -740850.2116  0.2551 
   00035    0.4265 -742212.2356  0.2563 
   00036    0.4267 -743220.4504  0.2552 
   00037    0.4224 -744230.0584  0.2556 
   00038    0.4252 -745693.2676  0.2558 
   00039    0.4241 -746658.5255  0.2561 
   00040    0.4248 -747341.9558  0.2557 
   00041    0.4228 -748148.9956  0.2551 
   00042    0.4221 -749702.4832  0.2548 
   00043    0.4209 -750252.5584  0.2551 
   00044    0.4231 -751173.0374  0.2556 
   00045    0.4219 -752149.7993  0.2558 
   00046    0.4215 -753468.6871  0.2565 
   00047    0.4218 -754763.2388  0.2572 
   00048    0.4205 -754576.5997  0.2570 
   00049    0.4201 -755660.0674  0.2568 
   00050    0.4188 -756380.9627  0.2568 
