#=====================================================
# File created:        Sun-01-Mar-2026-at-12-22-08PM
# Size of lattice:     500x500
# Number of MC steps:  50
# Reduced temperature: 0.650
# Run time (s):        50.623249
#=====================================================
# MC step:  Ratio:     Energy:   Order:
#=====================================================
   00000    0.5000 -249049.6131  0.2522 
   00001    0.6800 -379076.0420  0.2521 
   00002    0.6145 -454676.3419  0.2509 
   00003    0.5709 -505008.6459  0.2508 
   00004    0.5433 -542476.0914  0.2515 
   00005    0.5238 -571564.7680  0.2524 
   00006    0.5100 -594389.3751  0.2518 
   00007    0.4981 -612731.3580  0.2535 
   00008    0.4868 -629399.8804  0.2542 
   00009    0.4785 -642186.6491  0.2535 
   00010    0.4738 -653615.4237  0.2530 
   00011    0.4683 -662846.7310  0.2532 
   00012    0.4618 -670781.2451  0.2535 
   00013    0.4597 -678135.9878  0.2539 
   00014    0.4562 -685432.0721  0.2535 
   00015    0.4532 -691602.8769  0.2529 
   00016    0.4501 -696051.8429  0.2525 
   00017    0.4487 -700778.7343  0.2529 
   00018    0.4467 -705210.3336  0.2527 
   00019    0.4420 -708387.4127  0.2511 
   00020    0.4415 -712604.5953  0.2519 
   00021    0.4385 -716270.9529  0.2522 
   00022    0.4404 -718862.5670  0.2527 
   00023    0.4373 -721706.9450  0.2539 
   00024    0.4345 -724390.9886  0.2545 
   00025    0.4347 -725926.5293  0.2548 
   00026    0.4362 -727964.2149  0.2547 
   00027    0.4320 -730050.3512  0.2540 
   00028    0.4314 -732477.8015  0.2537 
   00029    0.4300 -734005.1851  0.2542 
   00030    0.4279 -735827.4693  0.2535 
   00031    0.4287 -737528.2224  0.2542 
   00032    0.4298 -739033.5984  0.2541 
   00033    0.4270 -740015.2618  0.2542 
   00034    0.4262 -741338.1870  0.2541 
   00035    0.4262 -743000.6396  0.2547 
   00036    0.4261 -744155.2497  0.2549 
   00037    0.4245 -745666.0466  0.2547 
   00038    0.4253 -746634.8350  0.2547 
   00039    0.4236 -747705.7366  0.2541 
   00040    0.4231 -748482.4764  0.2540 
   00041    0.4222 -749948.6212  0.2542 
   00042    0.4215 -750897.5980  0.2549 
   00043    0.4212 -752203.9178  0.2553 
   00044    0.4209 -752624.6515  0.2560 
   00045    0.4212 -753581.3824  0.2556 
   00046    0.4208 -754240.6338  0.2553 
   00047    0.4196 -755358.1507  0.2551 
   00048    0.4204 -755032.3526  0.2555 
   00049    0.4191 -755645.4872  0.2546 
   00050    0.4182 -756547.4405  0.2551 
