#=====================================================
# File created:        Sun-01-Mar-2026-at-12-18-36PM
# Size of lattice:     200x200
# Number of MC steps:  50
# Reduced temperature: 0.650
# Run time (s):        8.189561
#=====================================================
# MC step:  Ratio:     Energy:   Order:
#=====================================================
   00000    0.5000  -40175.5999  0.2523 
   00001    0.6806  -61025.2216  0.2535 
   00002    0.6133  -72819.4240  0.2541 
   00003    0.5733  -81109.0618  0.2569 
   00004    0.5490  -87049.1025  0.2596 
   00005    0.5251  -91707.8085  0.2632 
   00006    0.5083  -95400.9924  0.2643 
   00007    0.4948  -98520.8811  0.2647 
   00008    0.4861 -100686.5854  0.2665 
   00009    0.4793 -102653.5504  0.2677 
   00010    0.4742 -104235.3968  0.2681 
   00011    0.4687 -105566.5357  0.2670 
   00012    0.4613 -106899.2818  0.2672 
   00013    0.4660 -107883.9119  0.2682 
   00014    0.4554 -109251.4148  0.2679 
   00015    0.4566 -109929.4531  0.2703 
   00016    0.4532 -110740.4348  0.2719 
   00017    0.4452 -111594.3450  0.2731 
   00018    0.4436 -112146.9827  0.2697 
   00019    0.4429 -113131.4543  0.2724 
   00020    0.4405 -113589.7460  0.2741 
   00021    0.4416 -114083.5415  0.2741 
   00022    0.4365 -114441.7077  0.2740 
   00023    0.4382 -115017.7224  0.2727 
   00024    0.4317 -115458.5082  0.2734 
   00025    0.4338 -115938.5824  0.2739 
   00026    0.4351 -116088.7682  0.2723 
   00027    0.4366 -116377.4245  0.2731 
   00028    0.4323 -116762.6412  0.2748 
   00029    0.4308 -117232.0280  0.2748 
   00030    0.4270 -117346.1569  0.2717 
   00031    0.4327 -117616.6761  0.2730 
   00032    0.4314 -118181.7968  0.2739 
   00033    0.4297 -118309.1126  0.2740 
   00034    0.4263 -118817.5933  0.2747 
   00035    0.4270 -118983.8232  0.2758 
   00036    0.4279 -119174.8711  0.2756 
   00037    0.4262 -119433.4433  0.2775 
   00038    0.4251 -119294.6572  0.2782 
   00039    0.4254 -119604.1542  0.2766 
   00040    0.4270 -119773.8400  0.2743 
   00041    0.4229 -119723.6501  0.2726 
   00042    0.4259 -119881.6666  0.2723 
   00043    0.4213 -119993.7038  0.2719 
   00044    0.4212 -120161.2971  0.2705 
   00045    0.4231 -120602.6427  0.2707 
   00046    0.4187 -120745.0845  0.2701 
   00047    0.4215 -120769.8976  0.2704 
   00048    0.4227 -121021.3878  0.2720 
   00049    0.4231 -120994.6803  0.2720 
   00050    0.4258 -121101.3416  0.2725 
