#=====================================================
# File created:        Sun-01-Mar-2026-at-12-19-05PM
# Size of lattice:     300x300
# Number of MC steps:  50
# Reduced temperature: 0.650
# Run time (s):        18.666506
#=====================================================
# MC step:  Ratio:     Energy:   Order:
#=====================================================
   00000    0.5000  -90462.0797  0.2517 
   00001    0.6791 -137350.7616  0.2526 
   00002    0.6092 -164305.9290  0.2519 
   00003    0.5729 -182303.0898  0.2504 
   00004    0.5431 -195660.7823  0.2521 
   00005    0.5235 -205663.1322  0.2521 
   00006    0.5123 -214325.0744  0.2519 
   00007    0.4948 -220970.5537  0.2520 
   00008    0.4881 -226848.7898  0.2520 
   00009    0.4816 -231687.2647  0.2523 
   00010    0.4711 -235578.4001  0.2522 
   00011    0.4672 -238783.3180  0.2525 
   00012    0.4629 -242012.4504  0.2519 
   00013    0.4566 -244903.6558  0.2509 
   00014    0.4521 -247770.1395  0.2515 
   00015    0.4496 -249615.1809  0.2515 
   00016    0.4503 -251552.4420  0.2507 
   00017    0.4445 -253239.1665  0.2507 
   00018    0.4462 -254328.4657  0.2511 
   00019    0.4453 -255587.2671  0.2524 
   00020    0.4429 -256819.0993  0.2528 
   00021    0.4402 -257572.8376  0.2521 
   00022    0.4363 -258799.4466  0.2509 
   00023    0.4375 -259775.1602  0.2522 
   00024    0.4343 -260816.9907  0.2519 
   00025    0.4334 -261724.4229  0.2524 
   00026    0.4340 -262541.2969  0.2531 
   00027    0.4334 -263274.5069  0.2535 
   00028    0.4295 -263592.5191  0.2521 
   00029    0.4301 -264112.6612  0.2519 
   00030    0.4295 -264960.4593  0.2525 
   00031    0.4257 -265478.1723  0.2534 
   00032    0.4268 -266085.0579  0.2534 
   00033    0.4266 -266424.0607  0.2540 
   00034    0.4268 -267355.3579  0.2548 
   00035    0.4259 -267774.4251  0.2540 
   00036    0.4233 -268463.7962  0.2548 
   00037    0.4218 -268479.7628  0.2551 
   00038    0.4241 -269229.4346  0.2562 
   00039    0.4230 -269390.5207  0.2553 
   00040    0.4239 -269790.1918  0.2558 
   00041    0.4247 -269983.1885  0.2565 
   00042    0.4218 -270269.0357  0.2570 
   00043    0.4218 -270433.8665  0.2578 
   00044    0.4206 -270865.6673  0.2595 
   00045    0.4211 -271032.3200  0.2599 
   00046    0.4187 -271408.5346  0.2620 
   00047    0.4192 -271532.6088  0.2623 
   00048    0.4205 -271884.1431  0.2636 
   00049    0.4189 -272064.7520  0.2636 
   00050    0.4157 -272049.7975  0.2641 
