#=====================================================
# File created:        Sun-01-Mar-2026-at-12-20-00PM
# Size of lattice:     400x400
# Number of MC steps:  50
# Reduced temperature: 0.650
# Run time (s):        32.843321
#=====================================================
# MC step:  Ratio:     Energy:   Order:
#=====================================================
   00000    0.5000 -159850.2561  0.2525 
   00001    0.6798 -242196.6298  0.2521 
   00002    0.6132 -290732.9375  0.2533 
   00003    0.5730 -323819.4779  0.2560 
   00004    0.5443 -347750.3470  0.2577 
   00005    0.5240 -365511.3204  0.2572 
   00006    0.5089 -379913.7483  0.2592 
   00007    0.4985 -392716.0601  0.2603 
   00008    0.4852 -402133.5258  0.2622 
   00009    0.4814 -410363.9875  0.2631 
   00010    0.4764 -417750.2191  0.2656 
   00011    0.4692 -423928.7726  0.2656 
   00012    0.4630 -429331.3907  0.2658 
   00013    0.4594 -434184.8266  0.2667 
   00014    0.4558 -438438.0792  0.2663 
   00015    0.4530 -442344.2231  0.2665 
   00016    0.4484 -445548.2421  0.2671 
   00017    0.4484 -448368.1048  0.2671 
   00018    0.4466 -450538.3707  0.2688 
   00019    0.4427 -453385.6535  0.2691 
   00020    0.4406 -455480.3434  0.2699 
   00021    0.4387 -457318.0867  0.2706 
   00022    0.4391 -458910.2191  0.2707 
   00023    0.4360 -460992.7462  0.2706 
   00024    0.4370 -462824.9202  0.2704 
   00025    0.4358 -464381.8166  0.2702 
   00026    0.4306 -466198.2769  0.2700 
   00027    0.4331 -467092.7450  0.2701 
   00028    0.4328 -468397.6851  0.2711 
   00029    0.4308 -469523.0769  0.2716 
   00030    0.4295 -470697.3208  0.2726 
   00031    0.4297 -471732.1252  0.2729 
   00032    0.4282 -472624.5224  0.2734 
   00033    0.4270 -472843.9462  0.2736 
   00034    0.4262 -474000.5496  0.2739 
   00035    0.4281 -474547.7325  0.2747 
   00036    0.4257 -475944.4645  0.2749 
   00037    0.4250 -477122.1695  0.2757 
   00038    0.4249 -477989.7639  0.2768 
   00039    0.4260 -479146.9333  0.2766 
   00040    0.4210 -479451.8001  0.2770 
   00041    0.4207 -479649.4183  0.2781 
   00042    0.4224 -479974.2075  0.2783 
   00043    0.4237 -480021.9787  0.2783 
   00044    0.4246 -480683.2120  0.2790 
   00045    0.4203 -480792.9781  0.2793 
   00046    0.4202 -481483.7341  0.2800 
   00047    0.4245 -481908.5522  0.2804 
   00048    0.4223 -482666.2160  0.2810 
   00049    0.4215 -483585.7620  0.2802 
   00050    0.4194 -484048.3310  0.2818 
