#=====================================================
# File created:        Tue-03-Mar-2026-at-06-20-57PM
# Size of lattice:     200x200
# Number of MC steps:  25
# Reduced temperature: 0.650
# Run time (s):        27.177274
#=====================================================
# MC step:  Ratio:     Energy:   Order:
#=====================================================
   00000    0.5000  -39812.2981  0.2518 
   00001    0.6987  -63605.2479  0.2569 
   00002    0.6132  -76460.4587  0.2521 
   00003    0.5679  -84831.0820  0.2585 
   00004    0.5362  -90357.7869  0.2569 
   00005    0.5217  -94904.1915  0.2575 
   00006    0.4997  -98438.8158  0.2598 
   00007    0.4917 -101228.4641  0.2592 
   00008    0.4797 -103684.8012  0.2622 
   00009    0.4761 -105644.5678  0.2593 
   00010    0.4623 -107359.2586  0.2622 
   00011    0.4659 -108667.4929  0.2639 
   00012    0.4594 -109896.1964  0.2657 
   00013    0.4524 -111317.2093  0.2687 
   00014    0.4523 -112026.2027  0.2675 
   00015    0.4459 -112739.7040  0.2709 
   00016    0.4411 -113438.6935  0.2722 
   00017    0.4450 -114048.6748  0.2733 
   00018    0.4403 -114734.0175  0.2748 
   00019    0.4410 -115285.1040  0.2760 
   00020    0.4351 -115869.9900  0.2762 
   00021    0.4327 -116188.0539  0.2779 
   00022    0.4315 -116694.1859  0.2770 
   00023    0.4292 -117139.2297  0.2772 
   00024    0.4325 -117487.4859  0.2770 
   00025    0.4328 -117778.4289  0.2784 
