#=====================================================
# File created:        Tue-03-Mar-2026-at-06-31-53PM
# Size of lattice:     500x500
# Number of MC steps:  25
# Reduced temperature: 0.650
# Run time (s):        219.114504
#=====================================================
# MC step:  Ratio:     Energy:   Order:
#=====================================================
   00000    0.5000 -248329.6672  0.2502 
   00001    0.6974 -399885.5656  0.2513 
   00002    0.6086 -480175.7199  0.2509 
   00003    0.5630 -531275.0420  0.2517 
   00004    0.5349 -567986.9690  0.2507 
   00005    0.5138 -596857.8169  0.2507 
   00006    0.4989 -618956.7203  0.2502 
   00007    0.4870 -636864.6820  0.2516 
   00008    0.4765 -651719.1597  0.2512 
   00009    0.4712 -664276.0558  0.2512 
   00010    0.4640 -675672.2505  0.2524 
   00011    0.4585 -684065.5314  0.2538 
   00012    0.4534 -690780.0368  0.2543 
   00013    0.4495 -696310.4907  0.2555 
   00014    0.4473 -702209.9949  0.2564 
   00015    0.4446 -706965.7470  0.2571 
   00016    0.4435 -711601.0714  0.2569 
   00017    0.4399 -715431.5396  0.2563 
   00018    0.4383 -719230.7167  0.2565 
   00019    0.4358 -723008.8302  0.2562 
   00020    0.4344 -726464.8324  0.2564 
   00021    0.4331 -729080.7089  0.2571 
   00022    0.4323 -730775.0870  0.2573 
   00023    0.4322 -733425.5723  0.2574 
   00024    0.4307 -735454.8301  0.2561 
   00025    0.4300 -737141.6476  0.2561 
