#=====================================================
# File created:        Tue-03-Mar-2026-at-06-25-24PM
# Size of lattice:     400x400
# Number of MC steps:  25
# Reduced temperature: 0.650
# Run time (s):        131.694870
#=====================================================
# MC step:  Ratio:     Energy:   Order:
#=====================================================
   00000    0.5000 -158926.3826  0.2510 
   00001    0.6985 -255465.8223  0.2515 
   00002    0.6094 -306350.2946  0.2517 
   00003    0.5643 -339351.7074  0.2512 
   00004    0.5338 -363320.0246  0.2524 
   00005    0.5140 -381451.9372  0.2527 
   00006    0.4990 -396361.5471  0.2527 
   00007    0.4874 -407638.3330  0.2532 
   00008    0.4794 -416790.1625  0.2554 
   00009    0.4717 -424398.6895  0.2560 
   00010    0.4633 -431087.6317  0.2546 
   00011    0.4557 -437164.3765  0.2542 
   00012    0.4530 -442221.1247  0.2544 
   00013    0.4511 -445857.7111  0.2540 
   00014    0.4468 -449222.3767  0.2540 
   00015    0.4467 -452486.0893  0.2548 
   00016    0.4441 -454774.6868  0.2550 
   00017    0.4421 -457518.5148  0.2552 
   00018    0.4384 -460476.5054  0.2564 
   00019    0.4370 -462764.7054  0.2562 
   00020    0.4342 -464674.2031  0.2575 
   00021    0.4343 -466218.2628  0.2576 
   00022    0.4344 -467996.2843  0.2579 
   00023    0.4308 -469416.1732  0.2581 
   00024    0.4312 -470942.4949  0.2582 
   00025    0.4280 -472210.4986  0.2584 
