#=====================================================
# File created:        Tue-03-Mar-2026-at-06-22-17PM
# Size of lattice:     300x300
# Number of MC steps:  25
# Reduced temperature: 0.650
# Run time (s):        69.103356
#=====================================================
# MC step:  Ratio:     Energy:   Order:
#=====================================================
   00000    0.5000  -89959.5935  0.2511 
   00001    0.7006 -143561.4077  0.2521 
   00002    0.6081 -172643.4529  0.2519 
   00003    0.5619 -191271.9599  0.2521 
   00004    0.5362 -205177.8726  0.2520 
   00005    0.5120 -215293.6459  0.2538 
   00006    0.4996 -222943.7127  0.2547 
   00007    0.4889 -229240.3863  0.2558 
   00008    0.4784 -234371.5873  0.2552 
   00009    0.4717 -238681.1736  0.2536 
   00010    0.4606 -242177.1994  0.2566 
   00011    0.4608 -245194.7468  0.2566 
   00012    0.4561 -247982.9640  0.2572 
   00013    0.4519 -250395.9263  0.2584 
   00014    0.4486 -252562.4939  0.2581 
   00015    0.4427 -254559.2589  0.2590 
   00016    0.4436 -256230.5530  0.2585 
   00017    0.4416 -257395.1376  0.2593 
   00018    0.4364 -259244.5518  0.2588 
   00019    0.4389 -260398.5744  0.2595 
   00020    0.4358 -261315.9819  0.2598 
   00021    0.4371 -262399.1668  0.2597 
   00022    0.4286 -263010.3545  0.2595 
   00023    0.4325 -264182.6257  0.2589 
   00024    0.4325 -265140.0300  0.2581 
   00025    0.4282 -265607.8112  0.2568 
