#=====================================================
# File created:        Tue-17-Feb-2026-at-11-48-19AM
# Size of lattice:     300x300
# Number of MC steps:  50
# Reduced temperature: 0.650
# Run time (s):        23.022121
#=====================================================
# MC step:  Ratio:     Energy:   Order:
#=====================================================
   00000    0.5000  -90151.4921  0.2510 
   00001    0.6778 -136590.0537  0.2515 
   00002    0.6089 -164268.4432  0.2518 
   00003    0.5698 -182660.4182  0.2509 
   00004    0.5422 -195929.0953  0.2541 
   00005    0.5212 -206373.1979  0.2547 
   00006    0.5089 -214513.2047  0.2560 
   00007    0.4966 -220863.9869  0.2575 
   00008    0.4874 -226623.0425  0.2586 
   00009    0.4800 -231431.0618  0.2584 
   00010    0.4731 -235412.9263  0.2589 
   00011    0.4659 -238560.0193  0.2597 
   00012    0.4626 -241747.8513  0.2595 
   00013    0.4620 -244379.4222  0.2597 
   00014    0.4563 -246525.8479  0.2599 
   00015    0.4483 -248510.9380  0.2601 
   00016    0.4492 -250540.3904  0.2611 
   00017    0.4466 -252246.5761  0.2627 
   00018    0.4454 -253936.1638  0.2642 
   00019    0.4432 -255449.9345  0.2648 
   00020    0.4418 -256960.9190  0.2648 
   00021    0.4419 -258300.7302  0.2661 
   00022    0.4349 -259084.9872  0.2659 
   00023    0.4336 -260038.8215  0.2664 
   00024    0.4357 -261547.2472  0.2671 
   00025    0.4320 -262190.7279  0.2673 
   00026    0.4333 -263193.4557  0.2665 
   00027    0.4314 -263941.6394  0.2658 
   00028    0.4331 -264630.5461  0.2663 
   00029    0.4306 -265103.8029  0.2651 
   00030    0.4265 -265417.0551  0.2650 
   00031    0.4274 -265993.2092  0.2658 
   00032    0.4269 -266517.7712  0.2657 
   00033    0.4234 -267278.9952  0.2663 
   00034    0.4244 -267654.4280  0.2663 
   00035    0.4260 -267890.7184  0.2654 
   00036    0.4238 -267836.9221  0.2668 
   00037    0.4276 -268388.8144  0.2671 
   00038    0.4248 -268714.4294  0.2671 
   00039    0.4235 -268834.9721  0.2683 
   00040    0.4208 -269272.9101  0.2676 
   00041    0.4247 -269523.5111  0.2668 
   00042    0.4219 -269963.9168  0.2669 
   00043    0.4230 -270092.7259  0.2679 
   00044    0.4220 -270810.8373  0.2684 
   00045    0.4225 -270948.1988  0.2685 
   00046    0.4187 -271307.5022  0.2692 
   00047    0.4214 -271456.2012  0.2705 
   00048    0.4190 -271672.1738  0.2707 
   00049    0.4189 -271981.7738  0.2709 
   00050    0.4211 -272570.7972  0.2724 
