#=====================================================
# File created:        Tue-17-Feb-2026-at-11-47-38AM
# Size of lattice:     200x200
# Number of MC steps:  50
# Reduced temperature: 0.650
# Run time (s):        10.157559
#=====================================================
# MC step:  Ratio:     Energy:   Order:
#=====================================================
   00000    0.5000  -40026.1148  0.2559 
   00001    0.6800  -60493.0281  0.2537 
   00002    0.6133  -72479.4721  0.2557 
   00003    0.5717  -80476.9410  0.2611 
   00004    0.5473  -86341.7032  0.2624 
   00005    0.5269  -91042.4860  0.2637 
   00006    0.5135  -94803.8051  0.2650 
   00007    0.4955  -97973.6293  0.2659 
   00008    0.4870 -100517.4498  0.2665 
   00009    0.4832 -102551.1893  0.2687 
   00010    0.4705 -104381.3788  0.2688 
   00011    0.4686 -105849.6261  0.2681 
   00012    0.4601 -107427.3371  0.2672 
   00013    0.4603 -108454.9371  0.2667 
   00014    0.4586 -109606.8029  0.2658 
   00015    0.4548 -110705.5335  0.2672 
   00016    0.4476 -111646.0618  0.2672 
   00017    0.4461 -112247.5848  0.2689 
   00018    0.4457 -112865.3498  0.2697 
   00019    0.4414 -113447.3901  0.2701 
   00020    0.4416 -113995.5917  0.2693 
   00021    0.4385 -114469.6667  0.2699 
   00022    0.4385 -114970.0598  0.2664 
   00023    0.4358 -115382.2684  0.2694 
   00024    0.4369 -115699.9146  0.2725 
   00025    0.4324 -116114.3520  0.2736 
   00026    0.4320 -116302.8351  0.2745 
   00027    0.4345 -116900.1553  0.2752 
   00028    0.4271 -116915.2162  0.2743 
   00029    0.4304 -117502.5289  0.2716 
   00030    0.4224 -117849.4126  0.2728 
   00031    0.4279 -118042.0074  0.2698 
   00032    0.4289 -118202.9560  0.2709 
   00033    0.4262 -118116.5503  0.2707 
   00034    0.4278 -118304.8313  0.2702 
   00035    0.4253 -118624.2563  0.2690 
   00036    0.4281 -118669.6304  0.2700 
   00037    0.4212 -118953.1337  0.2716 
   00038    0.4260 -119014.1723  0.2727 
   00039    0.4271 -118971.9350  0.2727 
   00040    0.4232 -119427.7713  0.2724 
   00041    0.4193 -119718.1777  0.2722 
   00042    0.4193 -119896.5511  0.2689 
   00043    0.4258 -120224.6848  0.2684 
   00044    0.4273 -120286.6922  0.2680 
   00045    0.4254 -120275.9046  0.2672 
   00046    0.4189 -120531.7692  0.2663 
   00047    0.4253 -120480.7779  0.2696 
   00048    0.4167 -120832.2093  0.2674 
   00049    0.4141 -120733.6251  0.2653 
   00050    0.4209 -120737.5415  0.2658 
