#=====================================================
# File created:        Tue-17-Feb-2026-at-11-50-29AM
# Size of lattice:     500x500
# Number of MC steps:  50
# Reduced temperature: 0.650
# Run time (s):        62.508327
#=====================================================
# MC step:  Ratio:     Energy:   Order:
#=====================================================
   00000    0.5000 -249711.2365  0.2515 
   00001    0.6800 -379729.4321  0.2512 
   00002    0.6110 -454494.7162  0.2511 
   00003    0.5728 -504261.6832  0.2514 
   00004    0.5458 -541151.0417  0.2526 
   00005    0.5246 -570373.1142  0.2530 
   00006    0.5098 -593147.2660  0.2548 
   00007    0.4989 -612258.0909  0.2552 
   00008    0.4877 -628324.1375  0.2553 
   00009    0.4796 -642125.8877  0.2561 
   00010    0.4753 -653615.8820  0.2548 
   00011    0.4695 -662901.9368  0.2553 
   00012    0.4654 -670809.7494  0.2561 
   00013    0.4594 -678232.4275  0.2557 
   00014    0.4558 -684580.8434  0.2563 
   00015    0.4520 -690755.0136  0.2566 
   00016    0.4483 -695591.3196  0.2565 
   00017    0.4465 -699901.0231  0.2567 
   00018    0.4458 -704345.3424  0.2572 
   00019    0.4430 -708028.5748  0.2568 
   00020    0.4416 -710928.6797  0.2568 
   00021    0.4414 -714833.5398  0.2562 
   00022    0.4391 -717462.9757  0.2561 
   00023    0.4380 -720618.7542  0.2567 
   00024    0.4361 -723479.9181  0.2575 
   00025    0.4356 -725562.0060  0.2575 
   00026    0.4347 -727607.6253  0.2574 
   00027    0.4335 -729538.8820  0.2572 
   00028    0.4320 -731281.2486  0.2580 
   00029    0.4315 -733772.1934  0.2577 
   00030    0.4302 -735037.4942  0.2583 
   00031    0.4298 -737410.5475  0.2584 
   00032    0.4276 -738931.4833  0.2585 
   00033    0.4275 -739915.9670  0.2583 
   00034    0.4275 -740977.0314  0.2582 
   00035    0.4252 -741751.7982  0.2582 
   00036    0.4271 -742871.8787  0.2589 
   00037    0.4241 -744271.1586  0.2585 
   00038    0.4256 -745463.1488  0.2591 
   00039    0.4253 -746513.5355  0.2603 
   00040    0.4235 -747376.1794  0.2600 
   00041    0.4246 -748037.7692  0.2601 
   00042    0.4241 -749051.3016  0.2591 
   00043    0.4222 -750106.6244  0.2582 
   00044    0.4225 -751248.0983  0.2587 
   00045    0.4222 -752214.2777  0.2591 
   00046    0.4233 -753074.3627  0.2591 
   00047    0.4218 -754132.3483  0.2587 
   00048    0.4207 -754331.3274  0.2592 
   00049    0.4188 -754754.1882  0.2590 
   00050    0.4190 -755291.7911  0.2589 
