#=====================================================
# File created:        Sun-01-Mar-2026-at-11-05-53AM
# Size of lattice:     400x400
# Number of MC steps:  50
# Reduced temperature: 0.650
# Run time (s):        39.036589
#=====================================================
# MC step:  Ratio:     Energy:   Order:
#=====================================================
   00000    0.5000 -159336.0356  0.2517 
   00001    0.6781 -242120.7417  0.2510 
   00002    0.6133 -290650.7567  0.2522 
   00003    0.5701 -323005.7892  0.2525 
   00004    0.5439 -346795.5680  0.2519 
   00005    0.5257 -365771.6699  0.2519 
   00006    0.5096 -380800.9642  0.2538 
   00007    0.4987 -392750.6203  0.2546 
   00008    0.4885 -402727.8404  0.2544 
   00009    0.4797 -410895.7164  0.2556 
   00010    0.4754 -417993.4204  0.2561 
   00011    0.4663 -424181.3519  0.2568 
   00012    0.4629 -429471.5192  0.2567 
   00013    0.4588 -434230.2782  0.2563 
   00014    0.4547 -438456.5201  0.2573 
   00015    0.4534 -442738.3209  0.2569 
   00016    0.4499 -446493.6363  0.2569 
   00017    0.4449 -449344.1708  0.2576 
   00018    0.4453 -451929.2126  0.2569 
   00019    0.4413 -454086.5470  0.2590 
   00020    0.4392 -456264.5300  0.2588 
   00021    0.4393 -458309.3243  0.2595 
   00022    0.4378 -459508.6219  0.2604 
   00023    0.4367 -461425.9349  0.2607 
   00024    0.4364 -463407.0214  0.2605 
   00025    0.4352 -464830.1074  0.2614 
   00026    0.4310 -465591.0757  0.2619 
   00027    0.4327 -466310.8259  0.2624 
   00028    0.4328 -468031.2653  0.2631 
   00029    0.4282 -469701.9001  0.2633 
   00030    0.4285 -471050.5975  0.2641 
   00031    0.4309 -471680.2628  0.2639 
   00032    0.4276 -473090.1902  0.2637 
   00033    0.4265 -474199.4386  0.2638 
   00034    0.4261 -474165.2064  0.2647 
   00035    0.4249 -474991.3056  0.2646 
   00036    0.4253 -475991.0437  0.2649 
   00037    0.4245 -476482.3677  0.2654 
   00038    0.4248 -477450.8471  0.2651 
   00039    0.4234 -477662.6112  0.2653 
   00040    0.4245 -478204.3793  0.2652 
   00041    0.4236 -478902.9747  0.2665 
   00042    0.4203 -479373.9427  0.2672 
   00043    0.4225 -480084.5383  0.2683 
   00044    0.4214 -481036.2557  0.2692 
   00045    0.4246 -481561.6072  0.2701 
   00046    0.4205 -481802.7897  0.2699 
   00047    0.4203 -482534.0064  0.2703 
   00048    0.4208 -482568.4052  0.2711 
   00049    0.4199 -482805.1757  0.2709 
   00050    0.4206 -483497.2502  0.2710 
