#=====================================================
# File created:        Sun-01-Mar-2026-at-11-03-47AM
# Size of lattice:     300x300
# Number of MC steps:  50
# Reduced temperature: 0.650
# Run time (s):        22.010430
#=====================================================
# MC step:  Ratio:     Energy:   Order:
#=====================================================
   00000    0.5000  -89994.9562  0.2519 
   00001    0.6783 -136744.0152  0.2511 
   00002    0.6113 -163812.4465  0.2504 
   00003    0.5712 -181933.6838  0.2517 
   00004    0.5429 -195904.4994  0.2531 
   00005    0.5258 -206380.6388  0.2543 
   00006    0.5101 -213863.5488  0.2550 
   00007    0.4997 -220364.8942  0.2525 
   00008    0.4876 -225920.2937  0.2513 
   00009    0.4842 -231118.7284  0.2515 
   00010    0.4736 -234950.0215  0.2516 
   00011    0.4686 -238157.7233  0.2519 
   00012    0.4635 -241447.6760  0.2532 
   00013    0.4594 -244184.9700  0.2520 
   00014    0.4559 -246486.0653  0.2520 
   00015    0.4528 -248208.9270  0.2533 
   00016    0.4491 -250347.8365  0.2543 
   00017    0.4458 -251729.4631  0.2529 
   00018    0.4451 -253685.7442  0.2523 
   00019    0.4442 -255158.1180  0.2530 
   00020    0.4412 -256158.7470  0.2537 
   00021    0.4415 -257068.0406  0.2531 
   00022    0.4417 -258210.3461  0.2522 
   00023    0.4401 -259444.7549  0.2538 
   00024    0.4347 -259832.5367  0.2555 
   00025    0.4358 -261124.7686  0.2557 
   00026    0.4339 -261899.3406  0.2541 
   00027    0.4318 -262602.1069  0.2535 
   00028    0.4320 -263659.4554  0.2531 
   00029    0.4319 -264338.8802  0.2547 
   00030    0.4238 -264960.6329  0.2557 
   00031    0.4293 -265652.0840  0.2566 
   00032    0.4281 -265772.9241  0.2563 
   00033    0.4279 -266588.4640  0.2563 
   00034    0.4260 -267026.9502  0.2563 
   00035    0.4267 -267273.6786  0.2549 
   00036    0.4269 -267663.6126  0.2548 
   00037    0.4218 -268144.1739  0.2548 
   00038    0.4251 -268676.7341  0.2531 
   00039    0.4230 -268844.3713  0.2531 
   00040    0.4237 -269216.6300  0.2535 
   00041    0.4231 -269536.4591  0.2540 
   00042    0.4236 -269916.9404  0.2546 
   00043    0.4242 -270228.3695  0.2553 
   00044    0.4212 -270334.1842  0.2562 
   00045    0.4187 -270539.2739  0.2553 
   00046    0.4227 -270970.7721  0.2554 
   00047    0.4197 -271378.9489  0.2565 
   00048    0.4228 -271831.3789  0.2576 
   00049    0.4209 -271807.4818  0.2569 
   00050    0.4168 -271688.4710  0.2561 
