#=====================================================
# File created:        Tue-17-Feb-2026-at-11-49-13AM
# Size of lattice:     400x400
# Number of MC steps:  50
# Reduced temperature: 0.650
# Run time (s):        40.540800
#=====================================================
# MC step:  Ratio:     Energy:   Order:
#=====================================================
   00000    0.5000 -159151.8896  0.2513 
   00001    0.6798 -242156.2206  0.2513 
   00002    0.6151 -290171.6359  0.2517 
   00003    0.5743 -323088.8046  0.2520 
   00004    0.5434 -346666.5826  0.2520 
   00005    0.5267 -365164.2900  0.2522 
   00006    0.5093 -379700.2234  0.2526 
   00007    0.4984 -391844.5111  0.2536 
   00008    0.4876 -401871.1833  0.2541 
   00009    0.4801 -410437.8603  0.2539 
   00010    0.4748 -417700.4002  0.2534 
   00011    0.4681 -424047.7778  0.2541 
   00012    0.4635 -429324.1565  0.2541 
   00013    0.4589 -433979.9198  0.2545 
   00014    0.4596 -438016.9059  0.2548 
   00015    0.4546 -441914.5024  0.2543 
   00016    0.4491 -445708.7418  0.2543 
   00017    0.4465 -449066.3059  0.2544 
   00018    0.4461 -451400.1443  0.2537 
   00019    0.4456 -454345.9400  0.2532 
   00020    0.4407 -456687.2385  0.2538 
   00021    0.4383 -458899.8691  0.2543 
   00022    0.4373 -460134.3160  0.2555 
   00023    0.4374 -461041.9931  0.2545 
   00024    0.4354 -462807.1402  0.2550 
   00025    0.4368 -464738.4008  0.2537 
   00026    0.4349 -466941.8160  0.2544 
   00027    0.4318 -468094.2415  0.2544 
   00028    0.4330 -469180.7680  0.2535 
   00029    0.4310 -470468.1845  0.2533 
   00030    0.4298 -471489.3599  0.2532 
   00031    0.4287 -472302.4621  0.2535 
   00032    0.4269 -474387.5474  0.2528 
   00033    0.4273 -475590.3170  0.2520 
   00034    0.4243 -475960.7190  0.2525 
   00035    0.4244 -475991.5829  0.2539 
   00036    0.4239 -476594.8524  0.2542 
   00037    0.4261 -477082.6679  0.2539 
   00038    0.4232 -477841.2707  0.2534 
   00039    0.4230 -478342.4531  0.2536 
   00040    0.4233 -479112.0093  0.2540 
   00041    0.4236 -479329.9230  0.2539 
   00042    0.4205 -479797.8306  0.2534 
   00043    0.4234 -480502.1624  0.2539 
   00044    0.4221 -481084.7055  0.2553 
   00045    0.4198 -481800.5236  0.2554 
   00046    0.4200 -482271.4020  0.2548 
   00047    0.4196 -483010.0308  0.2559 
   00048    0.4189 -483672.3139  0.2561 
   00049    0.4195 -483955.5584  0.2553 
   00050    0.4224 -484195.5163  0.2547 
