#=====================================================
# File created:        Sun-01-Mar-2026-at-11-07-07AM
# Size of lattice:     500x500
# Number of MC steps:  50
# Reduced temperature: 0.650
# Run time (s):        62.126589
#=====================================================
# MC step:  Ratio:     Energy:   Order:
#=====================================================
   00000    0.5000 -249285.7306  0.2529 
   00001    0.6803 -378330.1409  0.2527 
   00002    0.6142 -453926.3529  0.2531 
   00003    0.5720 -505630.4184  0.2541 
   00004    0.5463 -542866.3491  0.2537 
   00005    0.5228 -571697.4024  0.2544 
   00006    0.5101 -595124.7501  0.2547 
   00007    0.4959 -613361.0098  0.2548 
   00008    0.4898 -628536.3270  0.2542 
   00009    0.4797 -641899.6611  0.2531 
   00010    0.4722 -653002.0944  0.2532 
   00011    0.4696 -662538.4650  0.2522 
   00012    0.4649 -671098.1785  0.2530 
   00013    0.4587 -678364.5786  0.2532 
   00014    0.4568 -684853.7778  0.2528 
   00015    0.4545 -690162.8540  0.2535 
   00016    0.4525 -695513.1539  0.2534 
   00017    0.4482 -699474.5986  0.2538 
   00018    0.4472 -704390.4019  0.2544 
   00019    0.4422 -708409.4590  0.2547 
   00020    0.4418 -711682.9725  0.2542 
   00021    0.4386 -715326.5475  0.2537 
   00022    0.4372 -718185.0551  0.2535 
   00023    0.4349 -721124.1415  0.2533 
   00024    0.4339 -723959.4489  0.2534 
   00025    0.4346 -726538.7052  0.2534 
   00026    0.4307 -728607.8223  0.2538 
   00027    0.4310 -730469.3815  0.2538 
   00028    0.4297 -732044.5132  0.2536 
   00029    0.4291 -733916.2005  0.2539 
   00030    0.4296 -735904.6230  0.2537 
   00031    0.4287 -737209.8718  0.2538 
   00032    0.4294 -738368.1022  0.2534 
   00033    0.4280 -739989.1033  0.2537 
   00034    0.4263 -741361.6908  0.2528 
   00035    0.4273 -742775.1808  0.2520 
   00036    0.4269 -743473.9165  0.2516 
   00037    0.4250 -744502.2842  0.2520 
   00038    0.4239 -745683.5640  0.2519 
   00039    0.4257 -746428.1434  0.2519 
   00040    0.4258 -747635.0399  0.2515 
   00041    0.4248 -748318.6108  0.2511 
   00042    0.4213 -749434.0251  0.2517 
   00043    0.4206 -750216.3493  0.2522 
   00044    0.4216 -751120.5529  0.2516 
   00045    0.4232 -752101.2228  0.2517 
   00046    0.4207 -752581.5088  0.2513 
   00047    0.4208 -753501.0198  0.2510 
   00048    0.4205 -754123.2393  0.2511 
   00049    0.4179 -755305.7421  0.2514 
   00050    0.4197 -756417.0448  0.2526 
