#=====================================================
# File created:        Sun-01-Mar-2026-at-11-03-15AM
# Size of lattice:     200x200
# Number of MC steps:  50
# Reduced temperature: 0.650
# Run time (s):        9.778264
#=====================================================
# MC step:  Ratio:     Energy:   Order:
#=====================================================
   00000    0.5000  -40266.1736  0.2514 
   00001    0.6762  -61249.2937  0.2561 
   00002    0.6131  -73174.0237  0.2593 
   00003    0.5715  -80851.7452  0.2601 
   00004    0.5435  -86873.5588  0.2616 
   00005    0.5246  -91388.5969  0.2649 
   00006    0.5103  -95238.4391  0.2665 
   00007    0.4972  -98332.0871  0.2687 
   00008    0.4866 -100949.0810  0.2710 
   00009    0.4832 -103058.4934  0.2745 
   00010    0.4693 -104519.3928  0.2770 
   00011    0.4687 -105732.5062  0.2761 
   00012    0.4674 -107259.4732  0.2771 
   00013    0.4567 -108578.5259  0.2792 
   00014    0.4559 -109320.5257  0.2809 
   00015    0.4513 -110406.5424  0.2827 
   00016    0.4528 -111395.9690  0.2810 
   00017    0.4471 -112047.0131  0.2824 
   00018    0.4467 -112638.3613  0.2819 
   00019    0.4451 -113185.5200  0.2802 
   00020    0.4397 -113584.3601  0.2803 
   00021    0.4401 -114222.9770  0.2804 
   00022    0.4409 -114543.7523  0.2835 
   00023    0.4378 -114959.9201  0.2838 
   00024    0.4361 -115442.6952  0.2861 
   00025    0.4396 -115789.2722  0.2872 
   00026    0.4342 -116178.9665  0.2876 
   00027    0.4338 -116626.4085  0.2892 
   00028    0.4346 -116822.9598  0.2891 
   00029    0.4332 -117199.4305  0.2891 
   00030    0.4283 -117630.5582  0.2898 
   00031    0.4239 -117754.1033  0.2918 
   00032    0.4303 -118014.3296  0.2904 
   00033    0.4283 -118293.2056  0.2905 
   00034    0.4317 -118792.2551  0.2910 
   00035    0.4263 -119325.9890  0.2916 
   00036    0.4269 -119537.5553  0.2936 
   00037    0.4213 -119821.8322  0.2941 
   00038    0.4248 -120102.8441  0.2945 
   00039    0.4194 -120059.5079  0.2951 
   00040    0.4220 -120277.8911  0.2962 
   00041    0.4232 -120453.2445  0.2954 
   00042    0.4196 -120305.7125  0.2971 
   00043    0.4184 -120276.4367  0.2976 
   00044    0.4237 -120650.6940  0.2997 
   00045    0.4190 -120665.9550  0.2987 
   00046    0.4231 -120639.0147  0.3000 
   00047    0.4182 -120565.7625  0.3015 
   00048    0.4163 -120676.1880  0.3022 
   00049    0.4216 -121012.3847  0.3027 
   00050    0.4224 -121216.1507  0.3041 
