#=====================================================
# File created:        Sun-01-Mar-2026-at-01-44-11PM
# Size of lattice:     500x500
# Number of MC steps:  50
# Reduced temperature: 0.650
# Run time (s):        141.001948
#=====================================================
# MC step:  Ratio:     Energy:   Order:
#=====================================================
   00000    0.5000 -249252.4971  0.2514 
   00001    0.6805 -378520.6319  0.2511 
   00002    0.6136 -454168.8439  0.2513 
   00003    0.5709 -506268.7070  0.2507 
   00004    0.5429 -543446.8446  0.2512 
   00005    0.5251 -572665.6900  0.2512 
   00006    0.5086 -595018.9090  0.2517 
   00007    0.4980 -613171.7797  0.2507 
   00008    0.4874 -628029.9641  0.2519 
   00009    0.4797 -641222.6974  0.2517 
   00010    0.4732 -653169.8518  0.2525 
   00011    0.4690 -663505.3599  0.2520 
   00012    0.4631 -671923.1964  0.2521 
   00013    0.4601 -678964.0910  0.2517 
   00014    0.4556 -685835.1282  0.2520 
   00015    0.4515 -691436.1720  0.2527 
   00016    0.4514 -696815.3919  0.2532 
   00017    0.4458 -701377.3829  0.2536 
   00018    0.4441 -705242.2411  0.2538 
   00019    0.4418 -708785.2613  0.2537 
   00020    0.4416 -711855.1375  0.2538 
   00021    0.4392 -715423.4007  0.2537 
   00022    0.4362 -718156.8748  0.2533 
   00023    0.4373 -720612.2213  0.2537 
   00024    0.4361 -723561.0404  0.2544 
   00025    0.4360 -726084.5430  0.2545 
   00026    0.4337 -728517.4721  0.2547 
   00027    0.4320 -730850.9731  0.2550 
   00028    0.4314 -733277.4033  0.2552 
   00029    0.4294 -734539.7224  0.2558 
   00030    0.4273 -736963.8472  0.2556 
   00031    0.4282 -738032.4337  0.2557 
   00032    0.4287 -739488.0772  0.2556 
   00033    0.4272 -741302.7145  0.2550 
   00034    0.4276 -742989.9361  0.2548 
   00035    0.4243 -744533.3599  0.2543 
   00036    0.4267 -745338.4839  0.2536 
   00037    0.4221 -746737.7666  0.2534 
   00038    0.4232 -746821.2186  0.2539 
   00039    0.4227 -748258.8048  0.2547 
   00040    0.4260 -748532.9172  0.2554 
   00041    0.4231 -749240.8068  0.2548 
   00042    0.4234 -750207.3346  0.2544 
   00043    0.4223 -751139.5479  0.2542 
   00044    0.4215 -751959.8708  0.2545 
   00045    0.4214 -753269.8312  0.2535 
   00046    0.4204 -753672.5475  0.2533 
   00047    0.4210 -753968.4232  0.2528 
   00048    0.4215 -755380.8857  0.2526 
   00049    0.4198 -756044.6355  0.2526 
   00050    0.4190 -756507.3540  0.2527 
