#=====================================================
# File created:        Sun-01-Mar-2026-at-01-41-31PM
# Size of lattice:     400x400
# Number of MC steps:  50
# Reduced temperature: 0.650
# Run time (s):        88.312394
#=====================================================
# MC step:  Ratio:     Energy:   Order:
#=====================================================
   00000    0.5000 -159420.6508  0.2508 
   00001    0.6788 -242734.1831  0.2519 
   00002    0.6159 -290409.3190  0.2519 
   00003    0.5719 -323216.4253  0.2508 
   00004    0.5437 -347090.4828  0.2526 
   00005    0.5236 -365643.3393  0.2534 
   00006    0.5106 -380194.3179  0.2536 
   00007    0.4987 -391865.7282  0.2533 
   00008    0.4896 -401862.9396  0.2525 
   00009    0.4803 -410026.6473  0.2516 
   00010    0.4714 -417040.4817  0.2521 
   00011    0.4697 -423363.8740  0.2529 
   00012    0.4638 -429402.4690  0.2533 
   00013    0.4593 -434860.7555  0.2535 
   00014    0.4545 -439421.9168  0.2545 
   00015    0.4530 -443345.7923  0.2546 
   00016    0.4484 -446825.1393  0.2540 
   00017    0.4492 -449979.4411  0.2543 
   00018    0.4442 -452550.1145  0.2553 
   00019    0.4428 -454971.0439  0.2569 
   00020    0.4419 -457283.9202  0.2565 
   00021    0.4359 -459266.9193  0.2581 
   00022    0.4355 -461027.5350  0.2581 
   00023    0.4371 -462952.4951  0.2580 
   00024    0.4339 -464580.2122  0.2582 
   00025    0.4328 -466084.1782  0.2582 
   00026    0.4332 -466470.8427  0.2573 
   00027    0.4340 -468137.7330  0.2567 
   00028    0.4291 -469214.5794  0.2569 
   00029    0.4302 -470445.7056  0.2559 
   00030    0.4269 -471010.7938  0.2566 
   00031    0.4286 -472384.5531  0.2574 
   00032    0.4269 -473284.4268  0.2571 
   00033    0.4269 -474108.1911  0.2580 
   00034    0.4268 -475036.1625  0.2590 
   00035    0.4268 -475388.3822  0.2592 
   00036    0.4261 -476391.6112  0.2588 
   00037    0.4265 -477560.6308  0.2585 
   00038    0.4239 -478167.7585  0.2578 
   00039    0.4243 -478966.0682  0.2572 
   00040    0.4246 -479584.3339  0.2570 
   00041    0.4223 -480311.7300  0.2573 
   00042    0.4206 -481243.1736  0.2566 
   00043    0.4205 -481407.4541  0.2580 
   00044    0.4207 -481860.2671  0.2569 
   00045    0.4216 -482465.0243  0.2577 
   00046    0.4210 -483658.5249  0.2589 
   00047    0.4200 -483905.5095  0.2591 
   00048    0.4196 -484383.2398  0.2595 
   00049    0.4203 -484561.5965  0.2587 
   00050    0.4198 -484824.9587  0.2589 
