#=====================================================
# File created:        Sun-01-Mar-2026-at-01-39-39PM
# Size of lattice:     300x300
# Number of MC steps:  50
# Reduced temperature: 0.650
# Run time (s):        48.863778
#=====================================================
# MC step:  Ratio:     Energy:   Order:
#=====================================================
   00000    0.5000  -89556.5010  0.2512 
   00001    0.6821 -135629.0351  0.2553 
   00002    0.6160 -163193.9103  0.2552 
   00003    0.5744 -181775.8849  0.2555 
   00004    0.5451 -194477.9597  0.2561 
   00005    0.5268 -204741.3677  0.2573 
   00006    0.5129 -213597.1495  0.2586 
   00007    0.5001 -220335.3993  0.2584 
   00008    0.4878 -225910.7685  0.2575 
   00009    0.4789 -230485.1819  0.2578 
   00010    0.4770 -234563.8988  0.2573 
   00011    0.4694 -237882.5560  0.2572 
   00012    0.4641 -241005.0166  0.2578 
   00013    0.4591 -243798.8517  0.2584 
   00014    0.4560 -245974.9716  0.2584 
   00015    0.4545 -247952.2248  0.2593 
   00016    0.4491 -249534.9619  0.2587 
   00017    0.4492 -251814.1202  0.2576 
   00018    0.4515 -253110.1602  0.2575 
   00019    0.4412 -254309.9995  0.2561 
   00020    0.4434 -255412.6254  0.2562 
   00021    0.4443 -256671.6304  0.2570 
   00022    0.4361 -258014.8606  0.2576 
   00023    0.4351 -258947.9710  0.2589 
   00024    0.4403 -259831.2318  0.2591 
   00025    0.4352 -260670.5692  0.2593 
   00026    0.4336 -261341.8901  0.2596 
   00027    0.4364 -261976.4064  0.2596 
   00028    0.4348 -262580.0251  0.2592 
   00029    0.4322 -263234.5204  0.2592 
   00030    0.4290 -263604.1655  0.2593 
   00031    0.4317 -264554.9238  0.2595 
   00032    0.4309 -264696.9141  0.2588 
   00033    0.4274 -265670.5433  0.2585 
   00034    0.4283 -266514.4197  0.2592 
   00035    0.4276 -266937.3032  0.2590 
   00036    0.4287 -267358.7029  0.2598 
   00037    0.4246 -267670.5027  0.2588 
   00038    0.4260 -268283.5911  0.2597 
   00039    0.4210 -268894.6561  0.2586 
   00040    0.4218 -269402.2723  0.2578 
   00041    0.4216 -269768.9529  0.2583 
   00042    0.4235 -269656.6869  0.2576 
   00043    0.4240 -269929.9921  0.2571 
   00044    0.4237 -270560.5765  0.2579 
   00045    0.4191 -270786.4531  0.2590 
   00046    0.4214 -271345.2595  0.2585 
   00047    0.4232 -271429.1798  0.2575 
   00048    0.4192 -271866.2250  0.2566 
   00049    0.4189 -271945.0488  0.2571 
   00050    0.4192 -272507.7432  0.2567 
