#=====================================================
# File created:        Sun-01-Mar-2026-at-01-26-37PM
# Size of lattice:     200x200
# Number of MC steps:  50
# Reduced temperature: 0.650
# Run time (s):        21.377434
#=====================================================
# MC step:  Ratio:     Energy:   Order:
#=====================================================
   00000    0.5000  -39550.1219  0.2516 
   00001    0.6791  -60373.0748  0.2506 
   00002    0.6155  -72621.2043  0.2521 
   00003    0.5706  -80815.5859  0.2537 
   00004    0.5451  -86701.4982  0.2579 
   00005    0.5232  -91508.9065  0.2600 
   00006    0.5088  -95224.1062  0.2599 
   00007    0.4994  -98380.6905  0.2579 
   00008    0.4854 -100835.7694  0.2574 
   00009    0.4775 -102861.9777  0.2557 
   00010    0.4766 -104644.3429  0.2547 
   00011    0.4638 -106110.1398  0.2543 
   00012    0.4617 -107352.9170  0.2547 
   00013    0.4607 -108713.6201  0.2568 
   00014    0.4526 -109600.2804  0.2583 
   00015    0.4519 -110546.6905  0.2608 
   00016    0.4492 -111445.0334  0.2637 
   00017    0.4487 -112380.8515  0.2675 
   00018    0.4447 -112915.7485  0.2689 
   00019    0.4390 -113727.3926  0.2715 
   00020    0.4377 -113710.6352  0.2734 
   00021    0.4460 -114308.3939  0.2739 
   00022    0.4391 -114897.9786  0.2735 
   00023    0.4381 -115374.7596  0.2741 
   00024    0.4349 -115702.1751  0.2761 
   00025    0.4391 -115813.4840  0.2781 
   00026    0.4305 -116163.0448  0.2778 
   00027    0.4364 -116691.8790  0.2799 
   00028    0.4318 -116860.4209  0.2795 
   00029    0.4285 -117290.8733  0.2844 
   00030    0.4301 -117506.5647  0.2835 
   00031    0.4237 -117882.3885  0.2854 
   00032    0.4275 -118240.4974  0.2876 
   00033    0.4287 -118547.6190  0.2881 
   00034    0.4267 -118861.3270  0.2882 
   00035    0.4276 -118749.1211  0.2904 
   00036    0.4234 -118968.5327  0.2893 
   00037    0.4259 -119077.0585  0.2888 
   00038    0.4228 -119246.6969  0.2887 
   00039    0.4232 -119394.5158  0.2886 
   00040    0.4238 -119746.1884  0.2886 
   00041    0.4229 -119721.5356  0.2899 
   00042    0.4252 -119899.0180  0.2912 
   00043    0.4269 -120077.9013  0.2930 
   00044    0.4194 -120255.1196  0.2925 
   00045    0.4204 -120505.6453  0.2923 
   00046    0.4194 -120754.9381  0.2914 
   00047    0.4220 -120737.9831  0.2896 
   00048    0.4219 -120610.5780  0.2878 
   00049    0.4165 -120843.4096  0.2887 
   00050    0.4209 -121039.8626  0.2874 
