#=====================================================
# File created:        Fri-13-Feb-2026-at-12-53-02PM
# Size of lattice:     20x20
# Number of MC steps:  1000
# Reduced temperature: 0.100
# Run time (s):        14.085582
#=====================================================
# MC step:  Ratio:     Energy:   Order:
#=====================================================
   00000    0.5000    -428.1195  0.3309 
   00001    0.6950    -514.4665  0.3314 
   00002    0.6450    -591.8646  0.3340 
   00003    0.6550    -659.2455  0.3444 
   00004    0.6000    -725.6998  0.3512 
   00005    0.5525    -788.2672  0.3666 
   00006    0.5900    -846.2174  0.3721 
   00007    0.6125    -907.7362  0.3813 
   00008    0.5875    -948.0919  0.4029 
   00009    0.5950    -994.4475  0.4094 
   00010    0.5750   -1035.2304  0.4150 
   00011    0.5575   -1060.5735  0.4151 
   00012    0.5475   -1095.3655  0.4217 
   00013    0.5475   -1120.2956  0.4258 
   00014    0.5375   -1152.7547  0.4341 
   00015    0.5425   -1175.7610  0.4445 
   00016    0.5525   -1206.3273  0.4535 
   00017    0.4925   -1228.7243  0.4569 
   00018    0.5150   -1249.6282  0.4562 
   00019    0.5425   -1268.3387  0.4530 
   00020    0.5350   -1291.2714  0.4708 
   00021    0.5175   -1309.7951  0.4838 
   00022    0.5225   -1324.6320  0.4822 
   00023    0.5275   -1335.3514  0.4827 
   00024    0.5225   -1347.8663  0.4846 
   00025    0.5100   -1363.8853  0.4844 
   00026    0.5250   -1378.3909  0.4846 
   00027    0.4975   -1383.3783  0.4802 
   00028    0.5150   -1388.6417  0.4786 
   00029    0.5575   -1404.0199  0.4833 
   00030    0.4650   -1409.0022  0.4910 
   00031    0.5500   -1416.8433  0.4971 
   00032    0.5175   -1422.7559  0.4898 
   00033    0.5150   -1431.0646  0.4951 
   00034    0.5100   -1432.7459  0.4957 
   00035    0.4775   -1440.4613  0.4918 
   00036    0.4700   -1443.2506  0.4996 
   00037    0.5125   -1449.2381  0.5040 
   00038    0.5000   -1452.1423  0.5024 
   00039    0.4825   -1453.9660  0.5000 
   00040    0.5600   -1461.2863  0.5176 
   00041    0.4750   -1458.8894  0.5189 
   00042    0.4575   -1460.5175  0.5183 
   00043    0.4750   -1460.6884  0.5096 
   00044    0.5225   -1462.0981  0.5064 
   00045    0.4825   -1464.9214  0.4994 
   00046    0.4625   -1465.4540  0.4986 
   00047    0.4550   -1466.3908  0.5017 
   00048    0.4575   -1467.1875  0.5002 
   00049    0.5025   -1468.6120  0.5044 
   00050    0.5050   -1474.6682  0.5215 
   00051    0.5375   -1472.8347  0.5281 
   00052    0.4925   -1474.2221  0.5345 
   00053    0.4700   -1476.0011  0.5321 
   00054    0.5025   -1477.9945  0.5362 
   00055    0.5175   -1479.3218  0.5304 
   00056    0.4825   -1481.6961  0.5407 
   00057    0.5175   -1481.2677  0.5402 
   00058    0.4800   -1484.8612  0.5520 
   00059    0.5025   -1490.7009  0.5585 
   00060    0.4500   -1490.2170  0.5598 
   00061    0.5125   -1492.0830  0.5579 
   00062    0.4650   -1490.2840  0.5568 
   00063    0.5125   -1491.4792  0.5632 
   00064    0.4600   -1493.7579  0.5701 
   00065    0.4775   -1495.6144  0.5847 
   00066    0.4400   -1498.3810  0.5877 
   00067    0.5350   -1496.5498  0.5901 
   00068    0.4925   -1501.6389  0.6016 
   00069    0.4825   -1505.1726  0.6057 
   00070    0.4500   -1504.1059  0.6084 
   00071    0.4525   -1509.6574  0.6259 
   00072    0.4600   -1510.7611  0.6289 
   00073    0.4175   -1512.8799  0.6299 
   00074    0.4875   -1510.5293  0.6354 
   00075    0.4950   -1514.3606  0.6455 
   00076    0.4950   -1511.3085  0.6544 
   00077    0.5100   -1509.0317  0.6502 
   00078    0.4575   -1510.5679  0.6614 
   00079    0.5100   -1512.7574  0.6602 
   00080    0.4550   -1512.5886  0.6545 
   00081    0.4900   -1512.0461  0.6668 
   00082    0.4975   -1509.1723  0.6716 
   00083    0.4575   -1510.4887  0.6777 
   00084    0.4700   -1513.0221  0.6788 
   00085    0.4825   -1512.5804  0.6842 
   00086    0.5125   -1514.9244  0.6882 
   00087    0.4875   -1515.9324  0.6918 
   00088    0.4525   -1520.1393  0.6982 
   00089    0.4975   -1518.8448  0.7003 
   00090    0.5375   -1523.2230  0.6981 
   00091    0.5175   -1522.9143  0.7091 
   00092    0.4425   -1521.4642  0.7098 
   00093    0.4775   -1520.9073  0.7214 
   00094    0.5025   -1520.1164  0.7278 
   00095    0.4700   -1525.2270  0.7343 
   00096    0.4575   -1524.2580  0.7365 
   00097    0.5050   -1524.2632  0.7448 
   00098    0.4800   -1530.0949  0.7396 
   00099    0.5000   -1526.5905  0.7417 
   00100    0.5200   -1526.4529  0.7415 
   00101    0.5200   -1526.6033  0.7535 
   00102    0.4775   -1526.3978  0.7586 
   00103    0.4925   -1528.3026  0.7519 
   00104    0.4775   -1529.5691  0.7541 
   00105    0.4475   -1527.2908  0.7528 
   00106    0.5375   -1527.6564  0.7585 
   00107    0.4575   -1526.1516  0.7587 
   00108    0.5150   -1526.7566  0.7678 
   00109    0.4600   -1527.0205  0.7688 
   00110    0.4350   -1526.3167  0.7642 
   00111    0.4950   -1528.8403  0.7607 
   00112    0.5100   -1530.0897  0.7653 
   00113    0.4900   -1529.2535  0.7685 
   00114    0.4950   -1528.5330  0.7732 
   00115    0.4700   -1528.0657  0.7772 
   00116    0.4725   -1531.6433  0.7825 
   00117    0.5125   -1527.9792  0.7859 
   00118    0.4950   -1530.2259  0.7865 
   00119    0.5000   -1528.7154  0.7929 
   00120    0.4650   -1528.0782  0.7940 
   00121    0.4925   -1529.8818  0.8000 
   00122    0.4875   -1530.7750  0.8049 
   00123    0.4875   -1533.7982  0.8032 
   00124    0.4875   -1530.3000  0.7991 
   00125    0.5050   -1537.4247  0.8079 
   00126    0.4850   -1539.6074  0.8175 
   00127    0.4575   -1542.8680  0.8274 
   00128    0.4650   -1545.4131  0.8282 
   00129    0.4425   -1543.9134  0.8290 
   00130    0.5025   -1544.5501  0.8355 
   00131    0.4850   -1547.7796  0.8434 
   00132    0.4700   -1547.9548  0.8470 
   00133    0.5350   -1547.6686  0.8425 
   00134    0.5025   -1547.1010  0.8430 
   00135    0.5050   -1549.1092  0.8458 
   00136    0.4600   -1549.9411  0.8474 
   00137    0.5075   -1549.9320  0.8518 
   00138    0.4875   -1548.9206  0.8534 
   00139    0.4850   -1548.4612  0.8569 
   00140    0.4375   -1550.8939  0.8601 
   00141    0.5000   -1549.9591  0.8594 
   00142    0.4850   -1548.9474  0.8611 
   00143    0.5050   -1548.0441  0.8635 
   00144    0.4800   -1546.5374  0.8633 
   00145    0.4900   -1549.8252  0.8704 
   00146    0.5000   -1551.1483  0.8745 
   00147    0.5000   -1549.6990  0.8735 
   00148    0.4825   -1551.0772  0.8774 
   00149    0.4700   -1545.9471  0.8780 
   00150    0.4350   -1549.3685  0.8835 
   00151    0.4800   -1549.0555  0.8784 
   00152    0.5025   -1548.3484  0.8744 
   00153    0.4675   -1550.1667  0.8740 
   00154    0.4850   -1550.3279  0.8809 
   00155    0.4750   -1551.6393  0.8823 
   00156    0.4575   -1550.7729  0.8861 
   00157    0.4250   -1553.0149  0.8897 
   00158    0.4725   -1553.5814  0.8919 
   00159    0.4825   -1552.8405  0.8859 
   00160    0.5050   -1553.6811  0.8873 
   00161    0.4825   -1552.1259  0.8913 
   00162    0.5025   -1552.7973  0.8946 
   00163    0.5225   -1552.0505  0.9002 
   00164    0.4825   -1551.7198  0.9009 
   00165    0.4625   -1552.7385  0.8987 
   00166    0.4850   -1554.2110  0.8987 
   00167    0.4875   -1555.6220  0.8987 
   00168    0.4200   -1551.4842  0.9001 
   00169    0.4525   -1553.6737  0.8996 
   00170    0.5100   -1554.0088  0.8922 
   00171    0.4825   -1552.9362  0.8888 
   00172    0.4875   -1555.6614  0.8893 
   00173    0.4725   -1552.7848  0.8929 
   00174    0.5250   -1553.7374  0.8896 
   00175    0.4650   -1553.7788  0.8929 
   00176    0.4650   -1554.4603  0.8922 
   00177    0.4750   -1557.5563  0.8967 
   00178    0.5000   -1555.2768  0.8977 
   00179    0.4650   -1553.6035  0.9001 
   00180    0.4650   -1554.2103  0.9044 
   00181    0.4725   -1553.4289  0.9066 
   00182    0.4875   -1554.5761  0.9071 
   00183    0.4475   -1557.0622  0.9100 
   00184    0.4650   -1554.9842  0.9150 
   00185    0.4725   -1556.9269  0.9204 
   00186    0.4850   -1555.9664  0.9231 
   00187    0.5025   -1554.7983  0.9184 
   00188    0.4850   -1555.7872  0.9192 
   00189    0.4775   -1556.9667  0.9224 
   00190    0.4850   -1557.4216  0.9228 
   00191    0.5025   -1559.3671  0.9240 
   00192    0.5225   -1556.9733  0.9268 
   00193    0.4550   -1555.3275  0.9276 
   00194    0.4325   -1557.4434  0.9289 
   00195    0.5450   -1557.3219  0.9260 
   00196    0.4525   -1556.6334  0.9273 
   00197    0.5050   -1557.5881  0.9250 
   00198    0.4675   -1557.8989  0.9253 
   00199    0.5100   -1558.2474  0.9247 
   00200    0.4575   -1562.2371  0.9253 
   00201    0.4800   -1560.6933  0.9246 
   00202    0.4650   -1560.0227  0.9216 
   00203    0.4925   -1556.9492  0.9208 
   00204    0.4600   -1554.8712  0.9229 
   00205    0.4950   -1556.1567  0.9235 
   00206    0.4625   -1554.4021  0.9196 
   00207    0.4850   -1559.1586  0.9232 
   00208    0.4350   -1556.2932  0.9207 
   00209    0.4550   -1555.9514  0.9222 
   00210    0.4100   -1553.2299  0.9220 
   00211    0.4650   -1557.7041  0.9264 
   00212    0.5025   -1558.9997  0.9280 
   00213    0.4850   -1557.0298  0.9286 
   00214    0.4875   -1560.3913  0.9274 
   00215    0.4975   -1557.0123  0.9275 
   00216    0.4850   -1555.4382  0.9295 
   00217    0.5250   -1555.5255  0.9282 
   00218    0.4350   -1555.8679  0.9279 
   00219    0.5100   -1554.8777  0.9247 
   00220    0.4825   -1556.1249  0.9245 
   00221    0.4325   -1556.6485  0.9300 
   00222    0.4950   -1556.7212  0.9300 
   00223    0.4475   -1556.5835  0.9325 
   00224    0.4750   -1553.2799  0.9316 
   00225    0.4825   -1554.4721  0.9355 
   00226    0.4725   -1556.3656  0.9381 
   00227    0.4900   -1557.8181  0.9398 
   00228    0.4625   -1557.7324  0.9408 
   00229    0.5150   -1558.1446  0.9406 
   00230    0.4900   -1558.9638  0.9406 
   00231    0.5075   -1558.1050  0.9422 
   00232    0.4650   -1556.2015  0.9433 
   00233    0.4425   -1552.4608  0.9404 
   00234    0.4975   -1557.2907  0.9412 
   00235    0.4850   -1555.6303  0.9412 
   00236    0.4225   -1552.5311  0.9408 
   00237    0.5150   -1551.8059  0.9426 
   00238    0.4750   -1555.8589  0.9399 
   00239    0.4975   -1559.6365  0.9406 
   00240    0.5075   -1556.7610  0.9436 
   00241    0.4875   -1555.6956  0.9394 
   00242    0.4800   -1552.1103  0.9370 
   00243    0.4500   -1551.8398  0.9395 
   00244    0.4450   -1552.9148  0.9386 
   00245    0.4575   -1555.8744  0.9413 
   00246    0.4775   -1557.8661  0.9421 
   00247    0.4875   -1558.8797  0.9443 
   00248    0.4800   -1556.6560  0.9424 
   00249    0.4950   -1558.7770  0.9429 
   00250    0.4900   -1560.1904  0.9434 
   00251    0.4800   -1560.6522  0.9430 
   00252    0.4750   -1557.2247  0.9417 
   00253    0.5025   -1557.1387  0.9430 
   00254    0.4975   -1557.6207  0.9418 
   00255    0.4325   -1556.2525  0.9418 
   00256    0.4825   -1551.8454  0.9388 
   00257    0.4600   -1552.7774  0.9384 
   00258    0.5200   -1557.8805  0.9379 
   00259    0.4925   -1556.4232  0.9401 
   00260    0.5125   -1560.3005  0.9407 
   00261    0.4800   -1554.7909  0.9396 
   00262    0.4875   -1555.9115  0.9387 
   00263    0.4700   -1553.2536  0.9371 
   00264    0.4825   -1555.7000  0.9402 
   00265    0.4500   -1558.3332  0.9399 
   00266    0.4850   -1557.8635  0.9367 
   00267    0.4850   -1558.6371  0.9402 
   00268    0.4900   -1557.0220  0.9417 
   00269    0.4225   -1554.6085  0.9438 
   00270    0.4975   -1555.7914  0.9453 
   00271    0.4825   -1554.0639  0.9443 
   00272    0.4775   -1555.9830  0.9448 
   00273    0.5025   -1556.1254  0.9463 
   00274    0.4500   -1555.7063  0.9489 
   00275    0.4600   -1552.2253  0.9443 
   00276    0.5075   -1552.3350  0.9432 
   00277    0.4900   -1552.4846  0.9426 
   00278    0.4675   -1554.6433  0.9437 
   00279    0.4800   -1555.4596  0.9418 
   00280    0.4600   -1553.4432  0.9396 
   00281    0.4625   -1554.9487  0.9409 
   00282    0.5000   -1552.8900  0.9358 
   00283    0.4850   -1552.4275  0.9360 
   00284    0.4600   -1555.1952  0.9431 
   00285    0.4750   -1556.4507  0.9442 
   00286    0.5225   -1556.2845  0.9417 
   00287    0.5100   -1553.8027  0.9386 
   00288    0.4500   -1555.5665  0.9420 
   00289    0.4875   -1559.2150  0.9427 
   00290    0.4825   -1557.2491  0.9438 
   00291    0.4875   -1555.5632  0.9425 
   00292    0.4800   -1558.1744  0.9415 
   00293    0.4475   -1558.1575  0.9421 
   00294    0.5100   -1556.4568  0.9413 
   00295    0.4925   -1554.8446  0.9425 
   00296    0.4325   -1555.4320  0.9440 
   00297    0.4950   -1555.8851  0.9451 
   00298    0.4750   -1553.4971  0.9457 
   00299    0.4650   -1559.4746  0.9474 
   00300    0.4425   -1561.3833  0.9455 
   00301    0.5225   -1558.6057  0.9476 
   00302    0.4925   -1558.8723  0.9478 
   00303    0.4700   -1560.7027  0.9524 
   00304    0.4800   -1559.8355  0.9506 
   00305    0.4825   -1560.4365  0.9497 
   00306    0.4800   -1556.1919  0.9477 
   00307    0.4225   -1555.6670  0.9475 
   00308    0.4850   -1552.0975  0.9437 
   00309    0.4850   -1554.1136  0.9443 
   00310    0.4525   -1555.1672  0.9455 
   00311    0.5075   -1559.3803  0.9475 
   00312    0.4750   -1556.3100  0.9485 
   00313    0.5075   -1555.8265  0.9517 
   00314    0.4850   -1557.4493  0.9502 
   00315    0.4700   -1558.5296  0.9517 
   00316    0.4600   -1560.1485  0.9519 
   00317    0.4900   -1557.7848  0.9507 
   00318    0.4975   -1559.1359  0.9509 
   00319    0.5075   -1557.9087  0.9486 
   00320    0.4875   -1558.3390  0.9482 
   00321    0.4675   -1557.2597  0.9494 
   00322    0.4875   -1555.6952  0.9493 
   00323    0.4650   -1558.6645  0.9524 
   00324    0.4425   -1557.6603  0.9561 
   00325    0.5175   -1556.3888  0.9571 
   00326    0.4725   -1559.7283  0.9572 
   00327    0.4575   -1561.7604  0.9586 
   00328    0.4675   -1559.6609  0.9597 
   00329    0.4475   -1560.9254  0.9593 
   00330    0.4300   -1558.9954  0.9588 
   00331    0.4725   -1561.8563  0.9589 
   00332    0.5250   -1559.3078  0.9581 
   00333    0.5200   -1554.7832  0.9564 
   00334    0.4875   -1556.3257  0.9572 
   00335    0.4475   -1559.7725  0.9591 
   00336    0.4850   -1558.4165  0.9592 
   00337    0.4675   -1556.4432  0.9585 
   00338    0.4525   -1561.2881  0.9568 
   00339    0.4625   -1561.1318  0.9565 
   00340    0.4825   -1561.1120  0.9562 
   00341    0.4625   -1562.1882  0.9610 
   00342    0.4525   -1560.9992  0.9592 
   00343    0.4725   -1562.9944  0.9618 
   00344    0.4625   -1563.8419  0.9618 
   00345    0.4575   -1563.8092  0.9608 
   00346    0.4725   -1561.8399  0.9606 
   00347    0.4925   -1563.8877  0.9607 
   00348    0.4800   -1559.9989  0.9597 
   00349    0.4875   -1558.6503  0.9585 
   00350    0.4450   -1561.6758  0.9589 
   00351    0.4750   -1565.3538  0.9604 
   00352    0.5075   -1564.3725  0.9613 
   00353    0.5000   -1563.1400  0.9630 
   00354    0.4625   -1563.3139  0.9615 
   00355    0.4725   -1563.7590  0.9632 
   00356    0.5000   -1560.9619  0.9639 
   00357    0.4875   -1557.2206  0.9650 
   00358    0.4850   -1561.2639  0.9657 
   00359    0.4475   -1560.4445  0.9673 
   00360    0.5075   -1562.1309  0.9681 
   00361    0.4525   -1557.8127  0.9660 
   00362    0.5075   -1559.1247  0.9668 
   00363    0.4925   -1559.4268  0.9662 
   00364    0.4675   -1553.1537  0.9658 
   00365    0.4500   -1555.9760  0.9670 
   00366    0.4875   -1559.0483  0.9670 
   00367    0.4850   -1554.8863  0.9658 
   00368    0.4525   -1553.5504  0.9639 
   00369    0.4550   -1554.0941  0.9596 
   00370    0.4750   -1556.6384  0.9602 
   00371    0.4525   -1558.9115  0.9630 
   00372    0.5025   -1558.7304  0.9661 
   00373    0.5050   -1556.8395  0.9643 
   00374    0.4950   -1557.1818  0.9664 
   00375    0.4450   -1554.2593  0.9654 
   00376    0.4775   -1558.0692  0.9662 
   00377    0.4525   -1556.4556  0.9649 
   00378    0.5125   -1552.9833  0.9623 
   00379    0.5050   -1550.1336  0.9613 
   00380    0.4825   -1549.5447  0.9621 
   00381    0.4950   -1550.7378  0.9645 
   00382    0.4550   -1552.5166  0.9639 
   00383    0.4650   -1552.0515  0.9651 
   00384    0.4900   -1550.8870  0.9637 
   00385    0.5175   -1552.2282  0.9668 
   00386    0.5250   -1555.4972  0.9671 
   00387    0.4875   -1555.7440  0.9664 
   00388    0.4600   -1558.7483  0.9668 
   00389    0.4825   -1554.4226  0.9650 
   00390    0.4875   -1555.2707  0.9664 
   00391    0.4625   -1553.8441  0.9661 
   00392    0.4250   -1555.2250  0.9661 
   00393    0.4425   -1561.1463  0.9692 
   00394    0.4375   -1559.1540  0.9692 
   00395    0.4825   -1558.2885  0.9674 
   00396    0.4700   -1559.8759  0.9684 
   00397    0.4475   -1558.5572  0.9689 
   00398    0.4600   -1562.6438  0.9706 
   00399    0.5000   -1561.4565  0.9714 
   00400    0.5225   -1562.5218  0.9717 
   00401    0.4375   -1562.0594  0.9711 
   00402    0.4550   -1562.2530  0.9716 
   00403    0.4950   -1563.5327  0.9708 
   00404    0.4500   -1560.5823  0.9716 
   00405    0.4350   -1563.6825  0.9721 
   00406    0.4675   -1558.0601  0.9691 
   00407    0.4800   -1559.8898  0.9681 
   00408    0.4600   -1559.9038  0.9686 
   00409    0.4600   -1561.2901  0.9670 
   00410    0.4625   -1562.0630  0.9682 
   00411    0.4975   -1565.8155  0.9693 
   00412    0.5075   -1564.5240  0.9672 
   00413    0.4875   -1564.4810  0.9669 
   00414    0.4475   -1561.4139  0.9653 
   00415    0.5250   -1562.7703  0.9634 
   00416    0.4625   -1562.3145  0.9650 
   00417    0.4925   -1562.7754  0.9654 
   00418    0.4950   -1561.6975  0.9663 
   00419    0.4625   -1561.4676  0.9681 
   00420    0.4750   -1561.1412  0.9682 
   00421    0.4725   -1560.8385  0.9683 
   00422    0.4625   -1558.9533  0.9659 
   00423    0.4475   -1557.7541  0.9656 
   00424    0.5350   -1560.7418  0.9662 
   00425    0.5100   -1563.8372  0.9679 
   00426    0.4925   -1560.2535  0.9681 
   00427    0.4500   -1562.9536  0.9680 
   00428    0.5000   -1563.4863  0.9682 
   00429    0.4500   -1565.0663  0.9694 
   00430    0.4725   -1564.8417  0.9675 
   00431    0.4450   -1566.3604  0.9709 
   00432    0.4775   -1568.1198  0.9726 
   00433    0.4875   -1564.1936  0.9712 
   00434    0.4600   -1564.7354  0.9707 
   00435    0.4300   -1559.6536  0.9680 
   00436    0.5075   -1559.3426  0.9675 
   00437    0.4800   -1559.7256  0.9672 
   00438    0.4700   -1558.8974  0.9688 
   00439    0.4950   -1555.3289  0.9685 
   00440    0.4550   -1555.1777  0.9660 
   00441    0.5175   -1555.4778  0.9645 
   00442    0.4675   -1556.0572  0.9624 
   00443    0.5200   -1559.3825  0.9628 
   00444    0.4400   -1558.6630  0.9649 
   00445    0.4875   -1564.2379  0.9655 
   00446    0.4450   -1560.9675  0.9670 
   00447    0.4625   -1563.1618  0.9676 
   00448    0.4550   -1561.3579  0.9676 
   00449    0.4400   -1559.5494  0.9660 
   00450    0.4400   -1558.7723  0.9655 
   00451    0.5125   -1556.1361  0.9664 
   00452    0.4525   -1558.0677  0.9648 
   00453    0.4800   -1555.7013  0.9648 
   00454    0.5075   -1554.3910  0.9630 
   00455    0.4400   -1555.8377  0.9622 
   00456    0.5150   -1559.6923  0.9631 
   00457    0.4850   -1558.9954  0.9622 
   00458    0.4425   -1559.7325  0.9623 
   00459    0.4550   -1557.9720  0.9624 
   00460    0.4625   -1558.3433  0.9620 
   00461    0.4800   -1558.0506  0.9613 
   00462    0.4250   -1562.2738  0.9629 
   00463    0.4225   -1562.7738  0.9634 
   00464    0.4400   -1563.4586  0.9648 
   00465    0.4575   -1562.0911  0.9644 
   00466    0.4400   -1562.3046  0.9629 
   00467    0.5200   -1554.8601  0.9633 
   00468    0.4625   -1557.9387  0.9650 
   00469    0.5225   -1551.8485  0.9623 
   00470    0.5200   -1555.9766  0.9601 
   00471    0.4650   -1555.4907  0.9614 
   00472    0.4800   -1553.9729  0.9613 
   00473    0.4625   -1557.6050  0.9617 
   00474    0.5175   -1554.2109  0.9612 
   00475    0.5225   -1556.7947  0.9613 
   00476    0.4200   -1558.1240  0.9640 
   00477    0.4725   -1557.4767  0.9638 
   00478    0.4400   -1559.3090  0.9662 
   00479    0.4525   -1559.8700  0.9687 
   00480    0.4425   -1559.8709  0.9675 
   00481    0.4600   -1563.7581  0.9700 
   00482    0.4475   -1563.1176  0.9691 
   00483    0.4625   -1564.5942  0.9705 
   00484    0.5150   -1562.5321  0.9654 
   00485    0.4925   -1561.6419  0.9659 
   00486    0.4575   -1561.3668  0.9650 
   00487    0.4775   -1558.5285  0.9662 
   00488    0.5075   -1556.3050  0.9665 
   00489    0.4825   -1558.4342  0.9671 
   00490    0.4975   -1561.3828  0.9679 
   00491    0.5100   -1562.9302  0.9679 
   00492    0.4450   -1562.7900  0.9673 
   00493    0.4825   -1558.6619  0.9673 
   00494    0.4475   -1562.1101  0.9668 
   00495    0.5025   -1559.0333  0.9666 
   00496    0.5200   -1559.1821  0.9653 
   00497    0.4700   -1559.9764  0.9656 
   00498    0.4950   -1559.2796  0.9658 
   00499    0.4550   -1560.3077  0.9679 
   00500    0.4675   -1562.2507  0.9682 
   00501    0.4450   -1564.4049  0.9681 
   00502    0.4500   -1565.3639  0.9682 
   00503    0.4575   -1565.5521  0.9682 
   00504    0.4675   -1564.8076  0.9691 
   00505    0.4475   -1563.8633  0.9699 
   00506    0.4625   -1563.5311  0.9703 
   00507    0.4900   -1561.8347  0.9721 
   00508    0.4675   -1562.3674  0.9712 
   00509    0.4925   -1563.2161  0.9743 
   00510    0.4075   -1564.6847  0.9735 
   00511    0.4775   -1566.0394  0.9743 
   00512    0.4925   -1563.7849  0.9737 
   00513    0.4550   -1560.0010  0.9732 
   00514    0.4900   -1560.1913  0.9735 
   00515    0.4100   -1560.3161  0.9755 
   00516    0.5025   -1559.7328  0.9750 
   00517    0.4750   -1559.3539  0.9749 
   00518    0.4625   -1559.7787  0.9753 
   00519    0.5175   -1558.4917  0.9748 
   00520    0.5150   -1561.0611  0.9761 
   00521    0.4300   -1558.2613  0.9748 
   00522    0.5150   -1555.7909  0.9736 
   00523    0.4975   -1556.2495  0.9742 
   00524    0.4725   -1556.8785  0.9764 
   00525    0.4600   -1558.9060  0.9778 
   00526    0.4975   -1559.5514  0.9775 
   00527    0.4925   -1559.5033  0.9759 
   00528    0.4325   -1557.6524  0.9758 
   00529    0.4925   -1559.6018  0.9750 
   00530    0.5050   -1560.6330  0.9747 
   00531    0.5000   -1562.7579  0.9762 
   00532    0.4625   -1560.6218  0.9763 
   00533    0.4600   -1558.8031  0.9759 
   00534    0.4975   -1562.0272  0.9777 
   00535    0.4900   -1558.0421  0.9775 
   00536    0.4825   -1555.6369  0.9745 
   00537    0.4725   -1555.4342  0.9751 
   00538    0.4925   -1556.1050  0.9747 
   00539    0.5150   -1555.6933  0.9738 
   00540    0.4550   -1554.5291  0.9731 
   00541    0.4600   -1556.0006  0.9738 
   00542    0.4600   -1556.3356  0.9726 
   00543    0.4775   -1558.9752  0.9734 
   00544    0.5100   -1561.0716  0.9746 
   00545    0.4550   -1558.9258  0.9744 
   00546    0.4700   -1556.8772  0.9742 
   00547    0.4400   -1556.4339  0.9747 
   00548    0.4875   -1560.1662  0.9765 
   00549    0.4625   -1558.9200  0.9761 
   00550    0.4275   -1561.0695  0.9753 
   00551    0.4350   -1555.5921  0.9743 
   00552    0.4225   -1560.0298  0.9744 
   00553    0.4875   -1558.7194  0.9724 
   00554    0.4375   -1559.3916  0.9735 
   00555    0.4125   -1556.4450  0.9729 
   00556    0.4375   -1556.0482  0.9734 
   00557    0.4575   -1555.1015  0.9742 
   00558    0.4525   -1558.4480  0.9752 
   00559    0.4975   -1559.9509  0.9766 
   00560    0.4550   -1561.1301  0.9763 
   00561    0.4500   -1561.7090  0.9771 
   00562    0.4500   -1557.5440  0.9754 
   00563    0.4650   -1559.6408  0.9771 
   00564    0.4600   -1562.6127  0.9777 
   00565    0.4900   -1559.0771  0.9766 
   00566    0.4625   -1560.7339  0.9787 
   00567    0.5150   -1563.8801  0.9796 
   00568    0.4725   -1561.9373  0.9791 
   00569    0.5150   -1559.8020  0.9785 
   00570    0.4625   -1559.9888  0.9775 
   00571    0.4875   -1559.9363  0.9783 
   00572    0.4475   -1562.3851  0.9783 
   00573    0.4775   -1559.1428  0.9778 
   00574    0.4975   -1559.4180  0.9782 
   00575    0.4800   -1561.2105  0.9777 
   00576    0.4725   -1562.4074  0.9789 
   00577    0.4625   -1560.2125  0.9783 
   00578    0.5025   -1560.0563  0.9773 
   00579    0.4925   -1556.8562  0.9764 
   00580    0.4575   -1556.8341  0.9755 
   00581    0.4700   -1558.6020  0.9752 
   00582    0.4900   -1558.8002  0.9753 
   00583    0.5725   -1558.4042  0.9759 
   00584    0.4475   -1563.5385  0.9784 
   00585    0.4200   -1561.6708  0.9763 
   00586    0.4925   -1558.9573  0.9752 
   00587    0.4725   -1558.0402  0.9732 
   00588    0.4800   -1560.6213  0.9742 
   00589    0.4875   -1560.9861  0.9748 
   00590    0.4500   -1558.7120  0.9749 
   00591    0.4575   -1555.2859  0.9737 
   00592    0.4500   -1553.6454  0.9725 
   00593    0.4375   -1555.0546  0.9732 
   00594    0.4675   -1555.9110  0.9739 
   00595    0.4550   -1556.8465  0.9758 
   00596    0.4525   -1558.1694  0.9755 
   00597    0.4575   -1557.4555  0.9743 
   00598    0.5075   -1552.9015  0.9742 
   00599    0.4825   -1558.7139  0.9759 
   00600    0.4300   -1559.3157  0.9776 
   00601    0.5050   -1560.4535  0.9773 
   00602    0.4900   -1559.6559  0.9762 
   00603    0.4125   -1559.2577  0.9759 
   00604    0.4550   -1562.5242  0.9794 
   00605    0.5100   -1558.7573  0.9780 
   00606    0.4800   -1558.3798  0.9780 
   00607    0.5050   -1557.7838  0.9779 
   00608    0.4800   -1560.7423  0.9778 
   00609    0.4825   -1558.2046  0.9785 
   00610    0.4750   -1558.1359  0.9776 
   00611    0.5075   -1553.8951  0.9756 
   00612    0.4800   -1550.1417  0.9740 
   00613    0.4825   -1550.0708  0.9725 
   00614    0.5100   -1550.5415  0.9738 
   00615    0.4075   -1553.3428  0.9761 
   00616    0.4625   -1559.2735  0.9787 
   00617    0.4700   -1560.1449  0.9779 
   00618    0.4425   -1561.4798  0.9779 
   00619    0.4950   -1560.2745  0.9781 
   00620    0.4900   -1560.1694  0.9775 
   00621    0.4625   -1559.6039  0.9776 
   00622    0.4550   -1560.2248  0.9778 
   00623    0.5050   -1561.3715  0.9770 
   00624    0.4200   -1561.4310  0.9782 
   00625    0.5300   -1561.3229  0.9744 
   00626    0.4775   -1559.4285  0.9727 
   00627    0.4250   -1560.4621  0.9727 
   00628    0.4600   -1561.3239  0.9737 
   00629    0.4850   -1558.1305  0.9719 
   00630    0.4475   -1557.1525  0.9721 
   00631    0.4750   -1558.8668  0.9750 
   00632    0.4750   -1558.6072  0.9741 
   00633    0.4850   -1560.7401  0.9755 
   00634    0.4750   -1559.7310  0.9733 
   00635    0.5075   -1557.5570  0.9735 
   00636    0.4900   -1560.2028  0.9735 
   00637    0.4950   -1557.1784  0.9731 
   00638    0.5025   -1558.4618  0.9728 
   00639    0.5250   -1559.1097  0.9729 
   00640    0.5150   -1558.0148  0.9729 
   00641    0.4675   -1558.1532  0.9731 
   00642    0.4575   -1560.8247  0.9756 
   00643    0.4525   -1559.0270  0.9752 
   00644    0.4600   -1555.8175  0.9745 
   00645    0.4625   -1559.6218  0.9748 
   00646    0.4775   -1560.2667  0.9762 
   00647    0.4950   -1559.5880  0.9760 
   00648    0.4675   -1560.4667  0.9764 
   00649    0.5375   -1561.7728  0.9771 
   00650    0.4575   -1561.4809  0.9784 
   00651    0.4700   -1559.4176  0.9793 
   00652    0.4525   -1557.4004  0.9785 
   00653    0.4775   -1557.1049  0.9782 
   00654    0.4750   -1557.1612  0.9765 
   00655    0.4825   -1555.4117  0.9759 
   00656    0.4675   -1554.8116  0.9766 
   00657    0.4550   -1557.1397  0.9761 
   00658    0.4050   -1557.0040  0.9745 
   00659    0.5100   -1555.4623  0.9731 
   00660    0.4950   -1551.8785  0.9708 
   00661    0.4525   -1556.5387  0.9719 
   00662    0.4425   -1559.4465  0.9734 
   00663    0.4450   -1561.8135  0.9735 
   00664    0.4975   -1555.3502  0.9718 
   00665    0.5050   -1554.4912  0.9714 
   00666    0.4950   -1555.1928  0.9717 
   00667    0.5050   -1552.8920  0.9707 
   00668    0.4825   -1552.5273  0.9704 
   00669    0.4850   -1561.2507  0.9734 
   00670    0.4825   -1561.2592  0.9736 
   00671    0.4475   -1559.8123  0.9753 
   00672    0.4600   -1555.8382  0.9725 
   00673    0.5050   -1555.6558  0.9727 
   00674    0.4875   -1556.6273  0.9734 
   00675    0.4900   -1552.9551  0.9712 
   00676    0.5175   -1556.0810  0.9734 
   00677    0.4900   -1556.5811  0.9731 
   00678    0.4950   -1559.6740  0.9743 
   00679    0.4525   -1559.3785  0.9744 
   00680    0.5075   -1557.9820  0.9745 
   00681    0.4700   -1558.3117  0.9740 
   00682    0.5025   -1556.4937  0.9742 
   00683    0.4700   -1559.6997  0.9759 
   00684    0.4600   -1554.6322  0.9736 
   00685    0.4475   -1552.4695  0.9726 
   00686    0.4875   -1554.2411  0.9728 
   00687    0.4250   -1552.0374  0.9714 
   00688    0.4700   -1553.5270  0.9698 
   00689    0.5425   -1552.9718  0.9694 
   00690    0.4650   -1555.6509  0.9696 
   00691    0.4850   -1556.2138  0.9690 
   00692    0.5075   -1555.9795  0.9682 
   00693    0.4425   -1559.5887  0.9710 
   00694    0.4775   -1558.8694  0.9708 
   00695    0.4500   -1559.4937  0.9711 
   00696    0.4550   -1558.9063  0.9726 
   00697    0.5175   -1558.5467  0.9727 
   00698    0.4650   -1553.4344  0.9704 
   00699    0.4550   -1556.2725  0.9721 
   00700    0.4650   -1558.3245  0.9726 
   00701    0.4500   -1558.6554  0.9740 
   00702    0.4900   -1558.8091  0.9728 
   00703    0.4500   -1558.0195  0.9729 
   00704    0.4650   -1556.6249  0.9727 
   00705    0.4600   -1556.8156  0.9738 
   00706    0.4400   -1558.1627  0.9747 
   00707    0.4425   -1556.3979  0.9736 
   00708    0.4900   -1556.7386  0.9743 
   00709    0.4725   -1557.6676  0.9739 
   00710    0.4975   -1556.7015  0.9723 
   00711    0.4800   -1555.3849  0.9736 
   00712    0.4775   -1554.2131  0.9733 
   00713    0.4675   -1554.3845  0.9712 
   00714    0.5200   -1555.6487  0.9714 
   00715    0.4550   -1553.2676  0.9711 
   00716    0.4375   -1557.0648  0.9723 
   00717    0.4450   -1559.0255  0.9710 
   00718    0.5050   -1563.5137  0.9734 
   00719    0.4250   -1563.2246  0.9740 
   00720    0.4775   -1559.3161  0.9734 
   00721    0.4850   -1556.0558  0.9723 
   00722    0.4950   -1556.9418  0.9721 
   00723    0.4125   -1556.9352  0.9738 
   00724    0.4450   -1558.6012  0.9751 
   00725    0.5000   -1556.9963  0.9737 
   00726    0.4650   -1556.6519  0.9712 
   00727    0.4275   -1553.8428  0.9718 
   00728    0.5125   -1553.1338  0.9712 
   00729    0.4725   -1557.8197  0.9711 
   00730    0.5025   -1558.7198  0.9715 
   00731    0.4775   -1557.0316  0.9696 
   00732    0.5200   -1561.0338  0.9702 
   00733    0.5075   -1560.7244  0.9704 
   00734    0.4650   -1559.0544  0.9694 
   00735    0.4400   -1559.2170  0.9703 
   00736    0.4875   -1561.1396  0.9698 
   00737    0.4525   -1562.1303  0.9711 
   00738    0.4700   -1563.8300  0.9711 
   00739    0.4500   -1562.5123  0.9709 
   00740    0.4475   -1560.2768  0.9712 
   00741    0.5125   -1557.7417  0.9700 
   00742    0.4925   -1554.5630  0.9692 
   00743    0.4775   -1559.7054  0.9682 
   00744    0.4925   -1557.2596  0.9688 
   00745    0.4900   -1558.1395  0.9695 
   00746    0.5150   -1560.6869  0.9704 
   00747    0.5350   -1560.7649  0.9693 
   00748    0.4750   -1559.3866  0.9693 
   00749    0.4525   -1560.3803  0.9710 
   00750    0.4450   -1558.8959  0.9687 
   00751    0.5225   -1558.8041  0.9663 
   00752    0.4650   -1556.0053  0.9644 
   00753    0.5150   -1554.6841  0.9639 
   00754    0.4550   -1552.4358  0.9607 
   00755    0.4975   -1549.1173  0.9581 
   00756    0.5175   -1550.3364  0.9578 
   00757    0.4675   -1549.9595  0.9598 
   00758    0.4750   -1553.6806  0.9598 
   00759    0.4875   -1559.1275  0.9620 
   00760    0.4725   -1559.6091  0.9650 
   00761    0.4725   -1558.2849  0.9646 
   00762    0.4875   -1558.8476  0.9653 
   00763    0.4725   -1557.8479  0.9653 
   00764    0.5000   -1561.8503  0.9666 
   00765    0.4875   -1560.0554  0.9648 
   00766    0.5050   -1559.6334  0.9651 
   00767    0.5000   -1559.5797  0.9653 
   00768    0.4450   -1556.0009  0.9637 
   00769    0.4975   -1559.1782  0.9666 
   00770    0.5025   -1556.5020  0.9650 
   00771    0.4775   -1558.1747  0.9651 
   00772    0.4875   -1557.4587  0.9645 
   00773    0.5375   -1560.4553  0.9632 
   00774    0.4925   -1558.2012  0.9651 
   00775    0.4825   -1560.0217  0.9680 
   00776    0.4700   -1558.8463  0.9653 
   00777    0.4875   -1560.3883  0.9659 
   00778    0.5125   -1559.6327  0.9651 
   00779    0.4475   -1564.8553  0.9662 
   00780    0.4550   -1561.4805  0.9647 
   00781    0.5000   -1560.7091  0.9630 
   00782    0.5125   -1560.1489  0.9643 
   00783    0.4625   -1557.6035  0.9643 
   00784    0.4600   -1558.1946  0.9635 
   00785    0.4625   -1557.3995  0.9629 
   00786    0.4700   -1562.3577  0.9644 
   00787    0.4400   -1559.4369  0.9643 
   00788    0.5350   -1559.7235  0.9633 
   00789    0.4425   -1560.1968  0.9652 
   00790    0.5225   -1557.9781  0.9636 
   00791    0.4800   -1556.4840  0.9646 
   00792    0.4750   -1559.2706  0.9652 
   00793    0.4525   -1556.1011  0.9648 
   00794    0.4800   -1558.1865  0.9673 
   00795    0.4325   -1555.9175  0.9662 
   00796    0.5175   -1556.9968  0.9672 
   00797    0.4575   -1556.1131  0.9661 
   00798    0.4500   -1557.8413  0.9684 
   00799    0.4575   -1558.2455  0.9674 
   00800    0.4525   -1556.5961  0.9682 
   00801    0.4750   -1558.9806  0.9704 
   00802    0.4850   -1556.7234  0.9704 
   00803    0.4850   -1557.4359  0.9689 
   00804    0.4575   -1555.1481  0.9675 
   00805    0.4675   -1555.0694  0.9684 
   00806    0.4900   -1557.2949  0.9698 
   00807    0.4600   -1557.5503  0.9680 
   00808    0.4250   -1553.4023  0.9661 
   00809    0.5000   -1553.5001  0.9663 
   00810    0.4725   -1553.5798  0.9674 
   00811    0.5000   -1553.1499  0.9687 
   00812    0.4925   -1552.3915  0.9702 
   00813    0.4725   -1553.5273  0.9671 
   00814    0.5050   -1554.5361  0.9686 
   00815    0.4675   -1554.0342  0.9681 
   00816    0.4725   -1554.2320  0.9691 
   00817    0.5050   -1552.1155  0.9703 
   00818    0.4975   -1555.0055  0.9709 
   00819    0.4725   -1561.0163  0.9713 
   00820    0.4825   -1560.5259  0.9718 
   00821    0.4625   -1561.4975  0.9708 
   00822    0.5075   -1558.3521  0.9677 
   00823    0.4325   -1560.4011  0.9685 
   00824    0.4600   -1558.7284  0.9683 
   00825    0.4125   -1556.5319  0.9658 
   00826    0.4600   -1553.5508  0.9650 
   00827    0.4700   -1551.5383  0.9624 
   00828    0.4850   -1549.9295  0.9622 
   00829    0.4500   -1553.6791  0.9647 
   00830    0.4925   -1555.4681  0.9664 
   00831    0.4525   -1556.7702  0.9673 
   00832    0.4425   -1560.7984  0.9670 
   00833    0.4475   -1558.3567  0.9645 
   00834    0.5025   -1558.7084  0.9661 
   00835    0.4975   -1559.7672  0.9646 
   00836    0.5275   -1559.9463  0.9647 
   00837    0.4800   -1560.1389  0.9654 
   00838    0.4825   -1558.7539  0.9647 
   00839    0.4575   -1558.5421  0.9661 
   00840    0.4700   -1557.6073  0.9646 
   00841    0.5050   -1557.1616  0.9631 
   00842    0.4400   -1556.1290  0.9627 
   00843    0.5225   -1553.0078  0.9646 
   00844    0.4900   -1556.2918  0.9646 
   00845    0.4750   -1557.0759  0.9658 
   00846    0.4350   -1557.4872  0.9677 
   00847    0.4500   -1558.5941  0.9661 
   00848    0.4375   -1555.9515  0.9665 
   00849    0.4625   -1554.2614  0.9664 
   00850    0.4675   -1553.4818  0.9658 
   00851    0.5075   -1552.6086  0.9644 
   00852    0.5000   -1549.6966  0.9650 
   00853    0.4625   -1555.6328  0.9651 
   00854    0.4850   -1557.7442  0.9642 
   00855    0.4925   -1557.1243  0.9654 
   00856    0.4225   -1557.4620  0.9674 
   00857    0.4575   -1562.0563  0.9697 
   00858    0.4350   -1559.0697  0.9697 
   00859    0.4700   -1556.9988  0.9678 
   00860    0.4300   -1560.9594  0.9699 
   00861    0.4700   -1562.6253  0.9710 
   00862    0.4900   -1559.9719  0.9701 
   00863    0.5025   -1561.7890  0.9713 
   00864    0.4800   -1559.9297  0.9712 
   00865    0.4825   -1560.9818  0.9718 
   00866    0.4750   -1559.5754  0.9716 
   00867    0.4800   -1561.2433  0.9713 
   00868    0.5100   -1559.5268  0.9718 
   00869    0.4850   -1556.3033  0.9712 
   00870    0.4825   -1561.1243  0.9750 
   00871    0.4700   -1560.5357  0.9767 
   00872    0.4675   -1560.6456  0.9756 
   00873    0.5200   -1558.1192  0.9756 
   00874    0.4950   -1560.2106  0.9773 
   00875    0.4600   -1559.5299  0.9780 
   00876    0.4575   -1560.1000  0.9775 
   00877    0.4750   -1562.0059  0.9777 
   00878    0.4350   -1559.9423  0.9763 
   00879    0.4500   -1557.5933  0.9753 
   00880    0.4675   -1560.8615  0.9779 
   00881    0.4800   -1556.9493  0.9761 
   00882    0.4825   -1560.1468  0.9770 
   00883    0.4325   -1560.6287  0.9765 
   00884    0.4750   -1562.3933  0.9769 
   00885    0.5150   -1562.0861  0.9780 
   00886    0.4750   -1561.0476  0.9773 
   00887    0.4550   -1560.0093  0.9776 
   00888    0.4975   -1560.9423  0.9765 
   00889    0.5075   -1558.7097  0.9759 
   00890    0.4775   -1559.9082  0.9764 
   00891    0.4875   -1557.3340  0.9756 
   00892    0.4650   -1556.9841  0.9755 
   00893    0.4925   -1555.2512  0.9754 
   00894    0.4875   -1557.1168  0.9771 
   00895    0.4750   -1559.0193  0.9770 
   00896    0.4375   -1561.8720  0.9772 
   00897    0.4875   -1562.1865  0.9760 
   00898    0.4800   -1560.9255  0.9768 
   00899    0.4850   -1560.6848  0.9765 
   00900    0.4950   -1560.4682  0.9753 
   00901    0.4525   -1563.3379  0.9775 
   00902    0.4575   -1564.2315  0.9780 
   00903    0.4950   -1563.8731  0.9784 
   00904    0.4700   -1561.5692  0.9780 
   00905    0.5100   -1562.8689  0.9799 
   00906    0.4775   -1563.0335  0.9801 
   00907    0.4675   -1562.3919  0.9802 
   00908    0.4525   -1561.0677  0.9798 
   00909    0.4800   -1561.6409  0.9791 
   00910    0.4600   -1562.3539  0.9796 
   00911    0.4875   -1558.9990  0.9792 
   00912    0.4725   -1560.4248  0.9776 
   00913    0.4425   -1562.8538  0.9768 
   00914    0.5075   -1561.8791  0.9765 
   00915    0.4550   -1559.3292  0.9752 
   00916    0.4600   -1558.6680  0.9749 
   00917    0.4375   -1558.4663  0.9732 
   00918    0.4975   -1557.9857  0.9749 
   00919    0.4725   -1557.1536  0.9746 
   00920    0.4625   -1555.4828  0.9729 
   00921    0.4475   -1555.8843  0.9715 
   00922    0.4850   -1557.5870  0.9734 
   00923    0.4550   -1558.5197  0.9745 
   00924    0.4600   -1555.8313  0.9740 
   00925    0.5050   -1556.6094  0.9738 
   00926    0.5000   -1558.2662  0.9745 
   00927    0.5225   -1559.3241  0.9733 
   00928    0.4750   -1560.3384  0.9734 
   00929    0.4825   -1561.7529  0.9732 
   00930    0.4850   -1562.2071  0.9737 
   00931    0.4925   -1561.2120  0.9726 
   00932    0.4775   -1558.7057  0.9724 
   00933    0.5200   -1562.9540  0.9728 
   00934    0.4825   -1561.8980  0.9722 
   00935    0.4700   -1564.9206  0.9738 
   00936    0.4500   -1562.1545  0.9735 
   00937    0.4650   -1564.3194  0.9735 
   00938    0.4950   -1558.5742  0.9733 
   00939    0.4650   -1560.3122  0.9735 
   00940    0.4950   -1558.6489  0.9744 
   00941    0.4500   -1558.8501  0.9731 
   00942    0.4925   -1557.1901  0.9725 
   00943    0.4675   -1557.2590  0.9728 
   00944    0.4800   -1557.7890  0.9709 
   00945    0.4975   -1558.6993  0.9726 
   00946    0.4400   -1558.1139  0.9726 
   00947    0.5250   -1560.7855  0.9726 
   00948    0.4700   -1562.0039  0.9742 
   00949    0.4875   -1558.7207  0.9745 
   00950    0.4650   -1559.3252  0.9744 
   00951    0.4375   -1558.3495  0.9751 
   00952    0.4600   -1558.5053  0.9747 
   00953    0.4950   -1560.2644  0.9749 
   00954    0.4550   -1559.3084  0.9735 
   00955    0.4725   -1558.9562  0.9722 
   00956    0.4600   -1556.4350  0.9720 
   00957    0.4600   -1561.8522  0.9739 
   00958    0.4450   -1560.0241  0.9746 
   00959    0.4700   -1564.5358  0.9767 
   00960    0.4950   -1561.4535  0.9732 
   00961    0.4800   -1560.7419  0.9736 
   00962    0.4750   -1562.0368  0.9742 
   00963    0.4475   -1561.4327  0.9732 
   00964    0.4975   -1561.1866  0.9720 
   00965    0.5100   -1562.5739  0.9723 
   00966    0.4900   -1563.9408  0.9753 
   00967    0.4875   -1561.6963  0.9725 
   00968    0.4500   -1561.5950  0.9728 
   00969    0.4525   -1557.9963  0.9724 
   00970    0.4900   -1559.0151  0.9724 
   00971    0.4625   -1556.6457  0.9720 
   00972    0.4625   -1557.5539  0.9734 
   00973    0.4875   -1556.9526  0.9728 
   00974    0.5075   -1556.5716  0.9714 
   00975    0.4875   -1553.7947  0.9713 
   00976    0.5175   -1557.0725  0.9744 
   00977    0.5025   -1560.4066  0.9765 
   00978    0.4350   -1558.9509  0.9769 
   00979    0.5175   -1558.5977  0.9784 
   00980    0.4350   -1554.1298  0.9764 
   00981    0.4875   -1555.9604  0.9763 
   00982    0.4925   -1555.9185  0.9755 
   00983    0.5250   -1562.0038  0.9762 
   00984    0.4950   -1563.1512  0.9770 
   00985    0.4525   -1563.7136  0.9783 
   00986    0.4775   -1562.7508  0.9769 
   00987    0.4550   -1561.1413  0.9754 
   00988    0.4900   -1560.6201  0.9761 
   00989    0.4800   -1562.2818  0.9751 
   00990    0.4750   -1562.1053  0.9739 
   00991    0.4425   -1561.3723  0.9737 
   00992    0.5000   -1563.2780  0.9745 
   00993    0.4725   -1564.8796  0.9759 
   00994    0.4575   -1560.3812  0.9741 
   00995    0.4825   -1560.3100  0.9722 
   00996    0.4900   -1555.6197  0.9694 
   00997    0.4750   -1552.0541  0.9679 
   00998    0.4575   -1556.8194  0.9698 
   00999    0.5050   -1555.8904  0.9690 
   01000    0.4550   -1554.5817  0.9671 
