#=====================================================
# File created:        Fri-13-Feb-2026-at-12-55-27PM
# Size of lattice:     20x20
# Number of MC steps:  1000
# Reduced temperature: 0.700
# Run time (s):        13.041169
#=====================================================
# MC step:  Ratio:     Energy:   Order:
#=====================================================
   00000    0.5000    -382.3780  0.2929 
   00001    0.6750    -655.9991  0.3046 
   00002    0.6000    -760.8605  0.3278 
   00003    0.5925    -822.6852  0.3398 
   00004    0.5500    -861.1133  0.3728 
   00005    0.5600    -858.5146  0.3577 
   00006    0.5300    -924.3571  0.4107 
   00007    0.5650    -964.4634  0.4282 
   00008    0.4975   -1003.4827  0.4254 
   00009    0.4475    -996.3558  0.4046 
   00010    0.4725   -1026.7278  0.4016 
   00011    0.4550   -1049.6201  0.4336 
   00012    0.4250   -1066.4031  0.4386 
   00013    0.4175   -1099.3573  0.4628 
   00014    0.4650   -1073.6800  0.4428 
   00015    0.4600   -1107.6799  0.4262 
   00016    0.4850   -1099.0383  0.4356 
   00017    0.4350   -1119.7905  0.4560 
   00018    0.4350   -1118.6422  0.4581 
   00019    0.3850   -1128.4095  0.4503 
   00020    0.4150   -1125.4412  0.4580 
   00021    0.4325   -1126.8835  0.4663 
   00022    0.3950   -1138.5786  0.4794 
   00023    0.4000   -1159.0300  0.4852 
   00024    0.4750   -1174.0427  0.4624 
   00025    0.3450   -1165.7800  0.4492 
   00026    0.4000   -1177.7938  0.4430 
   00027    0.4325   -1172.9916  0.4362 
   00028    0.4150   -1141.8906  0.4327 
   00029    0.4500   -1138.9786  0.4459 
   00030    0.4025   -1156.5954  0.4809 
   00031    0.4350   -1163.4906  0.5015 
   00032    0.4250   -1160.9826  0.4881 
   00033    0.4075   -1157.3578  0.4826 
   00034    0.3925   -1177.3640  0.5123 
   00035    0.4175   -1157.6689  0.5052 
   00036    0.4150   -1174.3821  0.5140 
   00037    0.4600   -1159.0430  0.5007 
   00038    0.4225   -1183.0519  0.5188 
   00039    0.4575   -1189.7548  0.5348 
   00040    0.4325   -1193.2887  0.5444 
   00041    0.4275   -1199.9460  0.5404 
   00042    0.3950   -1202.8512  0.5618 
   00043    0.4000   -1168.9144  0.5571 
   00044    0.4100   -1194.2137  0.5750 
   00045    0.4350   -1233.6731  0.5997 
   00046    0.4075   -1231.7513  0.6248 
   00047    0.4000   -1231.7695  0.6325 
   00048    0.4300   -1201.9631  0.6381 
   00049    0.4250   -1182.8768  0.6264 
   00050    0.4075   -1179.2179  0.6228 
   00051    0.3550   -1194.5155  0.6160 
   00052    0.4000   -1214.0398  0.6170 
   00053    0.4275   -1179.3977  0.6133 
   00054    0.4275   -1163.7385  0.6079 
   00055    0.4050   -1162.0476  0.6155 
   00056    0.4250   -1187.8965  0.6297 
   00057    0.3875   -1207.7640  0.6521 
   00058    0.4100   -1188.9235  0.6643 
   00059    0.3925   -1208.8100  0.6632 
   00060    0.4375   -1201.8773  0.6377 
   00061    0.4375   -1209.3562  0.6400 
   00062    0.3925   -1226.6456  0.6430 
   00063    0.3900   -1211.1863  0.6282 
   00064    0.3875   -1234.1789  0.6232 
   00065    0.4175   -1229.3929  0.6305 
   00066    0.3900   -1217.3389  0.6315 
   00067    0.4350   -1229.0363  0.6278 
   00068    0.4400   -1224.2552  0.6348 
   00069    0.3975   -1224.4129  0.6254 
   00070    0.4025   -1218.5303  0.6193 
   00071    0.4125   -1218.6426  0.6249 
   00072    0.4525   -1203.7834  0.6032 
   00073    0.4575   -1200.9041  0.5780 
   00074    0.4000   -1193.4768  0.5941 
   00075    0.3750   -1212.8017  0.6071 
   00076    0.4075   -1217.6579  0.6124 
   00077    0.4100   -1181.0162  0.6056 
   00078    0.4275   -1199.8924  0.6357 
   00079    0.4300   -1177.1162  0.6286 
   00080    0.4375   -1201.1684  0.6158 
   00081    0.4150   -1188.0614  0.6216 
   00082    0.4000   -1178.1025  0.6001 
   00083    0.4225   -1189.0537  0.5998 
   00084    0.3675   -1208.5795  0.6078 
   00085    0.4350   -1178.7955  0.6019 
   00086    0.4025   -1186.9994  0.6046 
   00087    0.4050   -1224.7713  0.5964 
   00088    0.4050   -1212.0065  0.5845 
   00089    0.3900   -1199.0468  0.5706 
   00090    0.4450   -1193.0905  0.5661 
   00091    0.4175   -1181.7307  0.5764 
   00092    0.3775   -1193.6619  0.5743 
   00093    0.4025   -1195.1501  0.5783 
   00094    0.4225   -1174.1030  0.5823 
   00095    0.4225   -1163.8888  0.5858 
   00096    0.4100   -1214.5171  0.6139 
   00097    0.4125   -1194.7972  0.6185 
   00098    0.4175   -1196.1964  0.6085 
   00099    0.4075   -1233.4210  0.6051 
   00100    0.4300   -1220.9671  0.5814 
   00101    0.3475   -1222.6455  0.5883 
   00102    0.4100   -1224.6284  0.5862 
   00103    0.4125   -1223.3676  0.5699 
   00104    0.3925   -1199.7298  0.5576 
   00105    0.4100   -1196.9823  0.5631 
   00106    0.4225   -1190.6567  0.5637 
   00107    0.4225   -1186.2453  0.5792 
   00108    0.4525   -1205.2037  0.5856 
   00109    0.4500   -1199.3169  0.6127 
   00110    0.4425   -1228.8472  0.6147 
   00111    0.3925   -1214.6298  0.6180 
   00112    0.4425   -1242.6443  0.6094 
   00113    0.3900   -1252.4341  0.6102 
   00114    0.3800   -1209.6723  0.5819 
   00115    0.3675   -1203.6048  0.5916 
   00116    0.3800   -1202.8849  0.6091 
   00117    0.3525   -1206.8389  0.6063 
   00118    0.4500   -1200.6299  0.6089 
   00119    0.4225   -1190.1279  0.5943 
   00120    0.4325   -1184.7099  0.5785 
   00121    0.4325   -1208.4286  0.5780 
   00122    0.4150   -1190.0962  0.5496 
   00123    0.3800   -1191.2939  0.5597 
   00124    0.3825   -1198.4652  0.5456 
   00125    0.4425   -1169.1371  0.5128 
   00126    0.4400   -1152.9969  0.5108 
   00127    0.4700   -1187.9099  0.5433 
   00128    0.4225   -1182.9006  0.5305 
   00129    0.3650   -1164.0176  0.5264 
   00130    0.4075   -1188.0724  0.5365 
   00131    0.4075   -1170.2493  0.5238 
   00132    0.4625   -1186.1391  0.5248 
   00133    0.4525   -1190.4399  0.5032 
   00134    0.4350   -1209.3196  0.5055 
   00135    0.4325   -1166.3670  0.5010 
   00136    0.4225   -1179.9376  0.5124 
   00137    0.4000   -1164.5858  0.5031 
   00138    0.4275   -1159.5980  0.4867 
   00139    0.4000   -1176.6649  0.5025 
   00140    0.4325   -1151.1841  0.5067 
   00141    0.4250   -1160.6422  0.5162 
   00142    0.4175   -1166.8168  0.5244 
   00143    0.4225   -1186.1067  0.5241 
   00144    0.3875   -1203.2661  0.5285 
   00145    0.4025   -1203.7051  0.5422 
   00146    0.4175   -1202.5883  0.5387 
   00147    0.4225   -1193.3704  0.5297 
   00148    0.4050   -1186.7922  0.5391 
   00149    0.4250   -1186.2263  0.5582 
   00150    0.4325   -1174.3230  0.5646 
   00151    0.4175   -1181.0054  0.5620 
   00152    0.4100   -1184.7979  0.5670 
   00153    0.4525   -1157.6016  0.5773 
   00154    0.4000   -1201.2037  0.5823 
   00155    0.4600   -1187.3254  0.5572 
   00156    0.4050   -1226.5920  0.5631 
   00157    0.3750   -1220.8012  0.5864 
   00158    0.3550   -1220.7534  0.5826 
   00159    0.3850   -1207.3012  0.5899 
   00160    0.3550   -1180.1706  0.5774 
   00161    0.4550   -1196.1184  0.6017 
   00162    0.3950   -1201.6711  0.6020 
   00163    0.4375   -1191.4436  0.6084 
   00164    0.4400   -1202.0399  0.6151 
   00165    0.4225   -1188.2048  0.6231 
   00166    0.4450   -1199.1988  0.6139 
   00167    0.4150   -1216.1099  0.6220 
   00168    0.4150   -1216.8236  0.6265 
   00169    0.4350   -1236.2131  0.6288 
   00170    0.4300   -1253.1043  0.6530 
   00171    0.3750   -1248.7877  0.6569 
   00172    0.4075   -1232.0897  0.6557 
   00173    0.3775   -1227.8988  0.6595 
   00174    0.4275   -1229.4518  0.6372 
   00175    0.3950   -1236.0662  0.6418 
   00176    0.4100   -1238.4548  0.6464 
   00177    0.4400   -1264.6102  0.6498 
   00178    0.3875   -1251.5869  0.6559 
   00179    0.3875   -1251.6056  0.6712 
   00180    0.3950   -1265.4773  0.6818 
   00181    0.4200   -1239.3130  0.6698 
   00182    0.3875   -1242.0686  0.6832 
   00183    0.4025   -1223.4112  0.6639 
   00184    0.3800   -1238.9517  0.6779 
   00185    0.4150   -1223.4452  0.6571 
   00186    0.3825   -1223.9619  0.6561 
   00187    0.3825   -1232.3507  0.6532 
   00188    0.4425   -1220.8792  0.6705 
   00189    0.4275   -1201.4805  0.6728 
   00190    0.4450   -1217.5958  0.6877 
   00191    0.3550   -1210.5135  0.6901 
   00192    0.4025   -1210.9027  0.7071 
   00193    0.3975   -1222.0585  0.7227 
   00194    0.4325   -1238.6940  0.7357 
   00195    0.3900   -1253.8131  0.7094 
   00196    0.3850   -1248.3998  0.7144 
   00197    0.3825   -1230.9993  0.7229 
   00198    0.4050   -1250.1214  0.7276 
   00199    0.4250   -1216.2742  0.7345 
   00200    0.4175   -1217.4399  0.7212 
   00201    0.4475   -1218.9959  0.6930 
   00202    0.3975   -1240.5313  0.6985 
   00203    0.4250   -1253.8195  0.7107 
   00204    0.4475   -1232.4006  0.6992 
   00205    0.3825   -1247.7074  0.6962 
   00206    0.4075   -1256.8061  0.6944 
   00207    0.3875   -1245.2828  0.7047 
   00208    0.3850   -1256.2395  0.7038 
   00209    0.3950   -1257.6235  0.7253 
   00210    0.4300   -1256.2052  0.7260 
   00211    0.3500   -1265.5623  0.7337 
   00212    0.3650   -1233.4961  0.7176 
   00213    0.4125   -1226.3065  0.7115 
   00214    0.3925   -1252.6173  0.7213 
   00215    0.3950   -1248.1318  0.7239 
   00216    0.3775   -1255.1812  0.7335 
   00217    0.4500   -1234.0441  0.7240 
   00218    0.4225   -1245.7039  0.7269 
   00219    0.4200   -1254.9820  0.7353 
   00220    0.4250   -1258.2743  0.7345 
   00221    0.4175   -1246.1032  0.7418 
   00222    0.3750   -1262.3160  0.7481 
   00223    0.4025   -1239.7279  0.7444 
   00224    0.3700   -1243.6921  0.7475 
   00225    0.4175   -1247.3464  0.7419 
   00226    0.3875   -1251.3550  0.7385 
   00227    0.3625   -1224.0073  0.7275 
   00228    0.3850   -1244.1585  0.7397 
   00229    0.4150   -1233.0435  0.7425 
   00230    0.3650   -1230.0247  0.7411 
   00231    0.3900   -1221.3411  0.7416 
   00232    0.4250   -1219.2476  0.7302 
   00233    0.3725   -1254.2639  0.7596 
   00234    0.3575   -1242.5508  0.7420 
   00235    0.3500   -1225.9895  0.7295 
   00236    0.4075   -1226.8469  0.7237 
   00237    0.4075   -1235.2528  0.7287 
   00238    0.3950   -1221.1176  0.7278 
   00239    0.4075   -1236.3859  0.7426 
   00240    0.4000   -1235.3687  0.7565 
   00241    0.4200   -1224.1944  0.7538 
   00242    0.4175   -1203.5446  0.7291 
   00243    0.4200   -1230.8126  0.7269 
   00244    0.4300   -1240.4707  0.7268 
   00245    0.3975   -1229.5923  0.7454 
   00246    0.3950   -1235.7483  0.7571 
   00247    0.4150   -1238.7943  0.7605 
   00248    0.3900   -1238.4496  0.7588 
   00249    0.4000   -1227.7383  0.7414 
   00250    0.3625   -1243.7918  0.7401 
   00251    0.3950   -1242.2176  0.7565 
   00252    0.4075   -1262.1665  0.7609 
   00253    0.3750   -1282.2800  0.7530 
   00254    0.3675   -1243.6928  0.7418 
   00255    0.4200   -1241.3915  0.7278 
   00256    0.4100   -1248.0074  0.7287 
   00257    0.4125   -1243.9718  0.7198 
   00258    0.4075   -1246.0581  0.7179 
   00259    0.3650   -1244.0168  0.7196 
   00260    0.3775   -1252.9407  0.7135 
   00261    0.3625   -1254.1248  0.7216 
   00262    0.3975   -1272.9772  0.7338 
   00263    0.3875   -1270.7067  0.7549 
   00264    0.3875   -1267.0608  0.7498 
   00265    0.3850   -1266.6370  0.7439 
   00266    0.3700   -1287.9889  0.7501 
   00267    0.4375   -1264.0003  0.7259 
   00268    0.3575   -1239.7575  0.7360 
   00269    0.3725   -1241.9409  0.7370 
   00270    0.4100   -1223.2198  0.7282 
   00271    0.4050   -1235.2675  0.7301 
   00272    0.4225   -1233.4277  0.7274 
   00273    0.3900   -1217.6195  0.7343 
   00274    0.4175   -1243.9270  0.7379 
   00275    0.3875   -1240.8308  0.7494 
   00276    0.3850   -1233.4369  0.7485 
   00277    0.4075   -1247.7134  0.7437 
   00278    0.4300   -1239.0484  0.7251 
   00279    0.4125   -1216.1352  0.7170 
   00280    0.4150   -1195.2199  0.6925 
   00281    0.4150   -1189.2931  0.6872 
   00282    0.3875   -1195.4793  0.6756 
   00283    0.4100   -1202.4686  0.6783 
   00284    0.4300   -1202.0681  0.6791 
   00285    0.4600   -1203.0324  0.6715 
   00286    0.4000   -1221.9719  0.6923 
   00287    0.4475   -1229.3115  0.6988 
   00288    0.4300   -1250.7095  0.7073 
   00289    0.4000   -1250.3252  0.7155 
   00290    0.4600   -1238.5488  0.6922 
   00291    0.3775   -1274.7793  0.7073 
   00292    0.3900   -1250.7724  0.6852 
   00293    0.3725   -1231.4797  0.6783 
   00294    0.3850   -1231.2251  0.6725 
   00295    0.3975   -1238.5157  0.6601 
   00296    0.3850   -1268.3930  0.6770 
   00297    0.4150   -1260.0628  0.7045 
   00298    0.4275   -1238.7718  0.7095 
   00299    0.3625   -1259.1832  0.7181 
   00300    0.3950   -1252.2810  0.7003 
   00301    0.3775   -1256.2688  0.7046 
   00302    0.4050   -1247.3669  0.7070 
   00303    0.4425   -1224.2777  0.6774 
   00304    0.3975   -1236.3763  0.7073 
   00305    0.4425   -1240.6792  0.6963 
   00306    0.4100   -1242.1987  0.6958 
   00307    0.3825   -1239.2415  0.6906 
   00308    0.4250   -1246.6752  0.7004 
   00309    0.3900   -1251.9937  0.7028 
   00310    0.4050   -1235.5232  0.6989 
   00311    0.4125   -1240.6126  0.7109 
   00312    0.3975   -1238.8983  0.7086 
   00313    0.3700   -1212.1339  0.7026 
   00314    0.4200   -1208.6206  0.7299 
   00315    0.4325   -1207.0974  0.7262 
   00316    0.4375   -1245.5749  0.7429 
   00317    0.3850   -1248.3003  0.7287 
   00318    0.3650   -1271.7875  0.7256 
   00319    0.4025   -1272.7674  0.7284 
   00320    0.3850   -1275.9113  0.7427 
   00321    0.4425   -1281.7138  0.7546 
   00322    0.3625   -1281.0356  0.7560 
   00323    0.3975   -1269.8347  0.7618 
   00324    0.3300   -1269.6378  0.7687 
   00325    0.3825   -1255.6269  0.7611 
   00326    0.3100   -1255.4161  0.7593 
   00327    0.4050   -1261.9299  0.7659 
   00328    0.3700   -1269.4379  0.7614 
   00329    0.4650   -1279.5316  0.7621 
   00330    0.3750   -1275.6901  0.7553 
   00331    0.3800   -1254.0981  0.7665 
   00332    0.3800   -1260.5902  0.7743 
   00333    0.3700   -1259.7866  0.7733 
   00334    0.4050   -1268.0082  0.7681 
   00335    0.4200   -1240.5252  0.7691 
   00336    0.4225   -1240.9431  0.7438 
   00337    0.3875   -1252.7462  0.7539 
   00338    0.3675   -1251.1016  0.7531 
   00339    0.3950   -1237.3983  0.7575 
   00340    0.4225   -1240.3232  0.7626 
   00341    0.4000   -1239.2937  0.7380 
   00342    0.3600   -1232.2852  0.7343 
   00343    0.4550   -1255.0193  0.7426 
   00344    0.3850   -1236.3231  0.7429 
   00345    0.4050   -1228.2551  0.7416 
   00346    0.3925   -1209.2251  0.7419 
   00347    0.4300   -1211.3800  0.7426 
   00348    0.4300   -1220.5647  0.7456 
   00349    0.4475   -1240.3748  0.7626 
   00350    0.3700   -1249.7500  0.7662 
   00351    0.3825   -1254.2964  0.7705 
   00352    0.4000   -1247.1158  0.7673 
   00353    0.3950   -1261.2310  0.7811 
   00354    0.3925   -1226.4271  0.7738 
   00355    0.4100   -1218.8666  0.7580 
   00356    0.4075   -1229.5401  0.7645 
   00357    0.4075   -1216.0416  0.7682 
   00358    0.4200   -1204.9207  0.7593 
   00359    0.4325   -1222.8348  0.7698 
   00360    0.4275   -1241.6082  0.7822 
   00361    0.3925   -1216.8231  0.7744 
   00362    0.4150   -1196.9848  0.7714 
   00363    0.4300   -1225.4554  0.7836 
   00364    0.3825   -1240.5021  0.7751 
   00365    0.4150   -1241.2145  0.7832 
   00366    0.3550   -1246.6418  0.7942 
   00367    0.3950   -1246.5904  0.7929 
   00368    0.3900   -1250.1743  0.7876 
   00369    0.4300   -1253.4885  0.8006 
   00370    0.4000   -1242.0764  0.8046 
   00371    0.3600   -1265.1192  0.8169 
   00372    0.4000   -1253.8444  0.7946 
   00373    0.4050   -1266.7566  0.7980 
   00374    0.4025   -1271.0408  0.8136 
   00375    0.3850   -1265.8854  0.8141 
   00376    0.4375   -1252.7972  0.8075 
   00377    0.3900   -1277.6061  0.8248 
   00378    0.4025   -1280.0677  0.8193 
   00379    0.3725   -1276.6857  0.8179 
   00380    0.4375   -1291.7943  0.8253 
   00381    0.4200   -1295.2612  0.8182 
   00382    0.4050   -1270.6756  0.8152 
   00383    0.3925   -1265.7543  0.8138 
   00384    0.3875   -1264.8087  0.8156 
   00385    0.3875   -1269.5411  0.8088 
   00386    0.4025   -1267.4784  0.8080 
   00387    0.4100   -1265.8541  0.8159 
   00388    0.4150   -1265.4849  0.8254 
   00389    0.4050   -1276.1019  0.8184 
   00390    0.3775   -1278.7633  0.8359 
   00391    0.4025   -1272.8673  0.8287 
   00392    0.4225   -1274.4625  0.8317 
   00393    0.3800   -1283.9243  0.8294 
   00394    0.3675   -1277.6032  0.8227 
   00395    0.3775   -1290.5765  0.8164 
   00396    0.3650   -1255.5394  0.8073 
   00397    0.3975   -1268.4261  0.8230 
   00398    0.3825   -1259.4835  0.8143 
   00399    0.4200   -1243.2811  0.8001 
   00400    0.3650   -1268.7648  0.8095 
   00401    0.3425   -1254.2316  0.7985 
   00402    0.3800   -1229.6530  0.7681 
   00403    0.4225   -1229.2916  0.7681 
   00404    0.4275   -1232.7881  0.7866 
   00405    0.3650   -1268.4774  0.8020 
   00406    0.4325   -1298.1079  0.8149 
   00407    0.4025   -1278.2845  0.7953 
   00408    0.4050   -1268.1054  0.7842 
   00409    0.3675   -1265.1940  0.7961 
   00410    0.3900   -1271.7539  0.7936 
   00411    0.4150   -1265.3087  0.7973 
   00412    0.3650   -1245.9349  0.7903 
   00413    0.4000   -1239.6410  0.7896 
   00414    0.3750   -1253.7844  0.7939 
   00415    0.3675   -1229.2258  0.7633 
   00416    0.4050   -1217.4334  0.7688 
   00417    0.4300   -1247.1769  0.7651 
   00418    0.3450   -1256.7331  0.7703 
   00419    0.4025   -1261.6044  0.7475 
   00420    0.4225   -1252.7888  0.7496 
   00421    0.4475   -1237.9215  0.7641 
   00422    0.4000   -1247.5503  0.7548 
   00423    0.3575   -1231.2696  0.7522 
   00424    0.4050   -1225.4934  0.7529 
   00425    0.4100   -1247.8767  0.7587 
   00426    0.3925   -1251.3713  0.7459 
   00427    0.4000   -1241.8335  0.7341 
   00428    0.4275   -1234.7029  0.7198 
   00429    0.4100   -1233.3853  0.7056 
   00430    0.3775   -1200.6449  0.6784 
   00431    0.4225   -1179.4530  0.6690 
   00432    0.4225   -1172.3737  0.6676 
   00433    0.4325   -1233.3201  0.6964 
   00434    0.3825   -1218.7876  0.6906 
   00435    0.4300   -1220.7209  0.7007 
   00436    0.3775   -1212.0195  0.6787 
   00437    0.4250   -1203.4734  0.6850 
   00438    0.3875   -1221.1282  0.7063 
   00439    0.4025   -1226.8789  0.6990 
   00440    0.4025   -1199.2719  0.6890 
   00441    0.3900   -1203.0246  0.7087 
   00442    0.4100   -1203.0962  0.7034 
   00443    0.4450   -1198.7701  0.7101 
   00444    0.4400   -1222.6313  0.7095 
   00445    0.3500   -1251.3696  0.7332 
   00446    0.4025   -1218.3943  0.7191 
   00447    0.4025   -1192.8864  0.6967 
   00448    0.4225   -1198.6359  0.6992 
   00449    0.4050   -1234.2663  0.7222 
   00450    0.4225   -1222.4337  0.7236 
   00451    0.4000   -1229.7436  0.7250 
   00452    0.4025   -1217.8742  0.7053 
   00453    0.4250   -1207.6392  0.7133 
   00454    0.4050   -1214.3428  0.7090 
   00455    0.4225   -1227.9616  0.7021 
   00456    0.4050   -1206.3479  0.7186 
   00457    0.3750   -1227.9117  0.7298 
   00458    0.4125   -1238.2008  0.7254 
   00459    0.4175   -1233.0821  0.7177 
   00460    0.4350   -1246.7121  0.7140 
   00461    0.4125   -1235.8242  0.7061 
   00462    0.4275   -1214.0065  0.7028 
   00463    0.4200   -1206.2604  0.6935 
   00464    0.4000   -1240.5117  0.6964 
   00465    0.4075   -1254.5229  0.6915 
   00466    0.3600   -1285.7631  0.7127 
   00467    0.4100   -1285.2540  0.7139 
   00468    0.4200   -1256.5792  0.7033 
   00469    0.4050   -1254.4798  0.7105 
   00470    0.3675   -1230.3860  0.6960 
   00471    0.3575   -1242.8166  0.6919 
   00472    0.4075   -1242.9167  0.7018 
   00473    0.4050   -1232.1753  0.7022 
   00474    0.3375   -1252.6300  0.7010 
   00475    0.4125   -1216.8135  0.6860 
   00476    0.4275   -1216.5795  0.6941 
   00477    0.3450   -1235.7096  0.6877 
   00478    0.4400   -1235.8830  0.6779 
   00479    0.3950   -1198.7753  0.6699 
   00480    0.4375   -1225.1438  0.6988 
   00481    0.4350   -1220.1031  0.6973 
   00482    0.3900   -1253.8120  0.7100 
   00483    0.4200   -1290.9592  0.7353 
   00484    0.3775   -1275.7340  0.7359 
   00485    0.4175   -1266.2135  0.7364 
   00486    0.4050   -1226.5154  0.7418 
   00487    0.3825   -1248.0024  0.7492 
   00488    0.4475   -1253.5774  0.7728 
   00489    0.3800   -1251.2247  0.7734 
   00490    0.4075   -1256.2282  0.7629 
   00491    0.3950   -1265.4495  0.7558 
   00492    0.3525   -1282.4294  0.7713 
   00493    0.3800   -1281.2644  0.7558 
   00494    0.3825   -1264.3930  0.7463 
   00495    0.4150   -1257.5683  0.7514 
   00496    0.3775   -1250.0183  0.7600 
   00497    0.4225   -1264.7017  0.7554 
   00498    0.4050   -1260.5511  0.7658 
   00499    0.4225   -1247.3486  0.7581 
   00500    0.3650   -1239.8429  0.7351 
   00501    0.4150   -1243.9237  0.7468 
   00502    0.4000   -1222.7851  0.7239 
   00503    0.4050   -1230.3917  0.7065 
   00504    0.4175   -1221.4995  0.7196 
   00505    0.4200   -1204.4374  0.7245 
   00506    0.4375   -1230.7626  0.7405 
   00507    0.3775   -1241.7822  0.7495 
   00508    0.3875   -1217.7360  0.7300 
   00509    0.4175   -1205.2705  0.7302 
   00510    0.4725   -1216.5967  0.7349 
   00511    0.3950   -1232.7256  0.7412 
   00512    0.4125   -1270.4926  0.7515 
   00513    0.3775   -1245.1196  0.7335 
   00514    0.4000   -1220.3897  0.7240 
   00515    0.4325   -1230.4913  0.7370 
   00516    0.3800   -1221.8972  0.7250 
   00517    0.3600   -1203.4303  0.7308 
   00518    0.3900   -1209.3915  0.7195 
   00519    0.3975   -1207.0632  0.7036 
   00520    0.4100   -1218.6474  0.6855 
   00521    0.4150   -1213.1624  0.6805 
   00522    0.4500   -1195.5956  0.6670 
   00523    0.4175   -1219.9779  0.6622 
   00524    0.4175   -1227.8941  0.6535 
   00525    0.4075   -1233.4459  0.6508 
   00526    0.3875   -1217.0452  0.6340 
   00527    0.3875   -1230.1909  0.6308 
   00528    0.3975   -1196.0936  0.6326 
   00529    0.4175   -1204.8052  0.6555 
   00530    0.3875   -1198.5438  0.6423 
   00531    0.4225   -1225.4361  0.6541 
   00532    0.4100   -1233.5041  0.6498 
   00533    0.3975   -1227.8099  0.6486 
   00534    0.3525   -1243.1761  0.6407 
   00535    0.4100   -1238.2678  0.6320 
   00536    0.4225   -1231.0759  0.6422 
   00537    0.4200   -1225.1284  0.6342 
   00538    0.4200   -1210.0833  0.6330 
   00539    0.4025   -1236.4803  0.6619 
   00540    0.4025   -1222.5376  0.6666 
   00541    0.3850   -1227.1233  0.6694 
   00542    0.3725   -1255.1680  0.6849 
   00543    0.3900   -1234.3786  0.6724 
   00544    0.4225   -1195.6675  0.6672 
   00545    0.4250   -1161.4536  0.6778 
   00546    0.4425   -1190.1431  0.6761 
   00547    0.4300   -1206.0627  0.6730 
   00548    0.4325   -1206.4859  0.6710 
   00549    0.4200   -1205.2590  0.6725 
   00550    0.3900   -1221.9573  0.6749 
   00551    0.3650   -1222.9437  0.6730 
   00552    0.4900   -1221.8559  0.6674 
   00553    0.4175   -1200.1439  0.6708 
   00554    0.4200   -1213.0911  0.6587 
   00555    0.4125   -1233.5890  0.6624 
   00556    0.4550   -1220.6331  0.6515 
   00557    0.3875   -1209.4620  0.6490 
   00558    0.3750   -1204.0178  0.6409 
   00559    0.3625   -1196.8935  0.6288 
   00560    0.4350   -1193.7314  0.6168 
   00561    0.4000   -1187.6338  0.5992 
   00562    0.3950   -1206.5658  0.6005 
   00563    0.3850   -1219.0518  0.6082 
   00564    0.4025   -1235.8190  0.6202 
   00565    0.3925   -1244.4032  0.6332 
   00566    0.4200   -1230.1351  0.6290 
   00567    0.4275   -1211.6095  0.6375 
   00568    0.3975   -1230.7539  0.6473 
   00569    0.3850   -1255.8461  0.6690 
   00570    0.4050   -1256.6887  0.6861 
   00571    0.3700   -1246.4367  0.6823 
   00572    0.4250   -1268.3061  0.6999 
   00573    0.4000   -1269.1271  0.7023 
   00574    0.4125   -1266.2065  0.6913 
   00575    0.4250   -1282.3751  0.6909 
   00576    0.3550   -1254.4505  0.6846 
   00577    0.3850   -1255.4974  0.6977 
   00578    0.4125   -1283.9700  0.7040 
   00579    0.3850   -1282.7680  0.7170 
   00580    0.3875   -1261.8851  0.7149 
   00581    0.3800   -1274.3377  0.7152 
   00582    0.4150   -1279.9444  0.7043 
   00583    0.3825   -1267.4640  0.6862 
   00584    0.4450   -1288.1184  0.7156 
   00585    0.3750   -1275.2645  0.7100 
   00586    0.3700   -1274.7208  0.7142 
   00587    0.3700   -1274.4721  0.6910 
   00588    0.3975   -1280.7994  0.6858 
   00589    0.4225   -1266.7002  0.6954 
   00590    0.3925   -1256.8541  0.7021 
   00591    0.4175   -1266.9442  0.7129 
   00592    0.3850   -1249.1601  0.7048 
   00593    0.4250   -1263.8701  0.7213 
   00594    0.3950   -1251.1478  0.7220 
   00595    0.3975   -1239.9681  0.7173 
   00596    0.3850   -1239.4423  0.7273 
   00597    0.4050   -1237.7986  0.7337 
   00598    0.4150   -1251.9413  0.7417 
   00599    0.3800   -1249.5086  0.7317 
   00600    0.3650   -1232.8482  0.7310 
   00601    0.3850   -1231.1082  0.7192 
   00602    0.3950   -1265.6126  0.7550 
   00603    0.3825   -1253.2311  0.7589 
   00604    0.3575   -1271.8356  0.7488 
   00605    0.4025   -1255.8345  0.7391 
   00606    0.3875   -1238.7863  0.7316 
   00607    0.4050   -1270.7537  0.7424 
   00608    0.3975   -1274.0852  0.7407 
   00609    0.4050   -1280.6300  0.7462 
   00610    0.3875   -1289.0032  0.7473 
   00611    0.3700   -1285.3031  0.7471 
   00612    0.3950   -1268.1564  0.7442 
   00613    0.3375   -1259.5227  0.7441 
   00614    0.4500   -1222.9984  0.7311 
   00615    0.4150   -1233.4566  0.7255 
   00616    0.3925   -1242.0095  0.7293 
   00617    0.4475   -1247.1821  0.7272 
   00618    0.3825   -1235.8225  0.7262 
   00619    0.3500   -1233.9361  0.7249 
   00620    0.4000   -1235.8889  0.7376 
   00621    0.4250   -1200.3652  0.7288 
   00622    0.4125   -1221.4009  0.7479 
   00623    0.4325   -1233.9157  0.7460 
   00624    0.3800   -1205.1140  0.7301 
   00625    0.4100   -1232.9350  0.7585 
   00626    0.4300   -1265.5917  0.7697 
   00627    0.4250   -1251.9727  0.7554 
   00628    0.4225   -1224.1339  0.7310 
   00629    0.4025   -1207.7151  0.7167 
   00630    0.4175   -1220.4682  0.7085 
   00631    0.4350   -1212.1035  0.7065 
   00632    0.4175   -1219.1741  0.7115 
   00633    0.3800   -1215.1894  0.7216 
   00634    0.3725   -1233.8341  0.7320 
   00635    0.3950   -1246.4874  0.7228 
   00636    0.3775   -1221.8629  0.7198 
   00637    0.4125   -1229.4071  0.7125 
   00638    0.3925   -1229.6529  0.7266 
   00639    0.3800   -1254.0972  0.7260 
   00640    0.4075   -1246.1023  0.7299 
   00641    0.4375   -1212.9779  0.7303 
   00642    0.4450   -1216.0533  0.7282 
   00643    0.4175   -1202.3095  0.7267 
   00644    0.3825   -1233.5146  0.7300 
   00645    0.4275   -1248.4094  0.7435 
   00646    0.4300   -1225.7988  0.7391 
   00647    0.4350   -1223.7018  0.7198 
   00648    0.3875   -1236.4848  0.7287 
   00649    0.3700   -1236.3113  0.7302 
   00650    0.4150   -1224.1214  0.7269 
   00651    0.4075   -1243.4247  0.7513 
   00652    0.4275   -1226.8498  0.7488 
   00653    0.4200   -1257.7440  0.7652 
   00654    0.4300   -1254.6823  0.7686 
   00655    0.3975   -1282.9121  0.7724 
   00656    0.3950   -1298.6376  0.7718 
   00657    0.3850   -1283.2226  0.7770 
   00658    0.3725   -1302.8670  0.7775 
   00659    0.3675   -1293.7374  0.7663 
   00660    0.3750   -1263.2765  0.7750 
   00661    0.3975   -1247.3517  0.7764 
   00662    0.4275   -1254.3473  0.7706 
   00663    0.4125   -1273.6209  0.7808 
   00664    0.3775   -1277.5450  0.7977 
   00665    0.4125   -1275.9356  0.7960 
   00666    0.3850   -1278.9783  0.7963 
   00667    0.4050   -1276.9590  0.8060 
   00668    0.3500   -1277.6032  0.8043 
   00669    0.3775   -1261.2706  0.7973 
   00670    0.3850   -1233.0657  0.7701 
   00671    0.4325   -1270.5281  0.7922 
   00672    0.3700   -1240.0100  0.7749 
   00673    0.4325   -1253.4797  0.7738 
   00674    0.4225   -1249.6287  0.7681 
   00675    0.3800   -1242.9386  0.7627 
   00676    0.4000   -1219.7615  0.7335 
   00677    0.3925   -1240.3584  0.7395 
   00678    0.4050   -1255.4393  0.7575 
   00679    0.3725   -1272.8541  0.7685 
   00680    0.3450   -1285.1520  0.7677 
   00681    0.3575   -1285.4003  0.7576 
   00682    0.4425   -1277.0360  0.7522 
   00683    0.4300   -1263.7405  0.7470 
   00684    0.3950   -1251.9892  0.7377 
   00685    0.4075   -1278.3487  0.7482 
   00686    0.3650   -1291.9296  0.7655 
   00687    0.3525   -1278.8454  0.7696 
   00688    0.3900   -1268.8720  0.7630 
   00689    0.4100   -1244.0798  0.7449 
   00690    0.4400   -1242.3657  0.7390 
   00691    0.4250   -1244.1722  0.7608 
   00692    0.3925   -1239.8282  0.7643 
   00693    0.4250   -1267.3126  0.7743 
   00694    0.3925   -1259.5032  0.7635 
   00695    0.4150   -1271.4216  0.7691 
   00696    0.3775   -1261.6759  0.7603 
   00697    0.3975   -1274.2399  0.7722 
   00698    0.3675   -1265.4539  0.7691 
   00699    0.3950   -1258.3721  0.7636 
   00700    0.3900   -1279.0649  0.7923 
   00701    0.3800   -1274.1995  0.7931 
   00702    0.4100   -1259.1159  0.7885 
   00703    0.3775   -1286.1114  0.7975 
   00704    0.3875   -1297.3632  0.8058 
   00705    0.3625   -1275.4773  0.7938 
   00706    0.3700   -1266.4056  0.7837 
   00707    0.3850   -1286.7388  0.7878 
   00708    0.4300   -1280.1135  0.7797 
   00709    0.4325   -1270.4853  0.7876 
   00710    0.4350   -1253.5857  0.7727 
   00711    0.3825   -1254.8742  0.7767 
   00712    0.3500   -1237.9905  0.7709 
   00713    0.3975   -1260.3688  0.7854 
   00714    0.3875   -1239.3021  0.7806 
   00715    0.4300   -1251.3588  0.7899 
   00716    0.3550   -1258.4498  0.7972 
   00717    0.3975   -1259.6889  0.7889 
   00718    0.4150   -1268.0039  0.7986 
   00719    0.3725   -1249.2370  0.7826 
   00720    0.3875   -1259.8699  0.7912 
   00721    0.3700   -1236.8341  0.7826 
   00722    0.4075   -1252.7723  0.7753 
   00723    0.3775   -1272.2686  0.7849 
   00724    0.4400   -1227.7914  0.7687 
   00725    0.4050   -1250.4751  0.7922 
   00726    0.3600   -1258.8287  0.7931 
   00727    0.4175   -1258.8727  0.7985 
   00728    0.4000   -1281.8294  0.8130 
   00729    0.3575   -1271.4371  0.8046 
   00730    0.3925   -1278.3153  0.8030 
   00731    0.3450   -1262.8458  0.7864 
   00732    0.3925   -1275.4147  0.7924 
   00733    0.3975   -1239.5588  0.7953 
   00734    0.3500   -1242.1146  0.7901 
   00735    0.3800   -1252.8873  0.7929 
   00736    0.3900   -1241.6680  0.7917 
   00737    0.3725   -1245.9690  0.7871 
   00738    0.3950   -1226.1827  0.7723 
   00739    0.4125   -1238.0170  0.7732 
   00740    0.3850   -1251.6273  0.7735 
   00741    0.4000   -1250.2053  0.7661 
   00742    0.3650   -1261.4001  0.7832 
   00743    0.4025   -1256.9975  0.7864 
   00744    0.3500   -1275.4541  0.7911 
   00745    0.3950   -1261.3400  0.7725 
   00746    0.3625   -1276.4295  0.7745 
   00747    0.4725   -1266.8772  0.7753 
   00748    0.3750   -1252.0962  0.7606 
   00749    0.4150   -1273.5052  0.7548 
   00750    0.3900   -1281.9175  0.7539 
   00751    0.3625   -1278.7960  0.7491 
   00752    0.4050   -1279.2545  0.7534 
   00753    0.3975   -1283.3838  0.7520 
   00754    0.3700   -1278.5915  0.7409 
   00755    0.3800   -1255.1364  0.7361 
   00756    0.4125   -1226.8104  0.7305 
   00757    0.4000   -1235.3783  0.7357 
   00758    0.4225   -1207.1820  0.7136 
   00759    0.3375   -1225.1315  0.7134 
   00760    0.4300   -1236.1190  0.7127 
   00761    0.3925   -1216.8515  0.6980 
   00762    0.4100   -1198.5099  0.7027 
   00763    0.3875   -1189.4925  0.6993 
   00764    0.3650   -1194.1372  0.6884 
   00765    0.3925   -1203.2111  0.6830 
   00766    0.4100   -1220.1571  0.7028 
   00767    0.4425   -1221.4642  0.7106 
   00768    0.4200   -1208.1934  0.7177 
   00769    0.4050   -1221.5905  0.7174 
   00770    0.4100   -1204.0421  0.7083 
   00771    0.3700   -1218.7090  0.7232 
   00772    0.4375   -1216.9294  0.7192 
   00773    0.3950   -1213.3777  0.7141 
   00774    0.4175   -1233.2998  0.7185 
   00775    0.4000   -1232.4535  0.7277 
   00776    0.3775   -1228.0178  0.7382 
   00777    0.4350   -1241.0081  0.7452 
   00778    0.4175   -1248.3770  0.7633 
   00779    0.3900   -1239.6664  0.7638 
   00780    0.3850   -1241.2624  0.7469 
   00781    0.4050   -1247.0995  0.7552 
   00782    0.4025   -1275.8146  0.7559 
   00783    0.4025   -1260.0008  0.7542 
   00784    0.4250   -1263.5205  0.7503 
   00785    0.4050   -1254.2931  0.7412 
   00786    0.4025   -1255.4785  0.7490 
   00787    0.3900   -1235.1628  0.7320 
   00788    0.3925   -1253.3054  0.7318 
   00789    0.3700   -1250.2999  0.7354 
   00790    0.3775   -1235.1434  0.7268 
   00791    0.4000   -1262.6944  0.7250 
   00792    0.4175   -1241.0636  0.6977 
   00793    0.3750   -1247.9163  0.7015 
   00794    0.4350   -1221.9029  0.6801 
   00795    0.4175   -1211.5730  0.6666 
   00796    0.3925   -1218.3864  0.6719 
   00797    0.3575   -1227.3902  0.6592 
   00798    0.4100   -1202.6088  0.6681 
   00799    0.4675   -1184.5323  0.6794 
   00800    0.3325   -1220.4502  0.6935 
   00801    0.4225   -1219.0836  0.7231 
   00802    0.4050   -1259.6768  0.7608 
   00803    0.4100   -1265.8321  0.7732 
   00804    0.3900   -1262.5278  0.7579 
   00805    0.4200   -1285.0006  0.7564 
   00806    0.3600   -1289.2184  0.7475 
   00807    0.3950   -1270.9442  0.7508 
   00808    0.3425   -1254.0217  0.7499 
   00809    0.4025   -1245.1098  0.7462 
   00810    0.3400   -1249.5905  0.7647 
   00811    0.3650   -1241.9885  0.7575 
   00812    0.3850   -1251.1766  0.7516 
   00813    0.4375   -1245.5724  0.7363 
   00814    0.3975   -1229.6666  0.7291 
   00815    0.4350   -1196.4495  0.7390 
   00816    0.3925   -1206.0448  0.7458 
   00817    0.3850   -1180.2248  0.7409 
   00818    0.4050   -1205.1571  0.7370 
   00819    0.4775   -1201.7636  0.7534 
   00820    0.4400   -1203.6119  0.7673 
   00821    0.3875   -1202.7736  0.7666 
   00822    0.4300   -1211.9901  0.7722 
   00823    0.3750   -1222.5793  0.7782 
   00824    0.4350   -1241.2947  0.7982 
   00825    0.3775   -1241.3606  0.8025 
   00826    0.3950   -1244.1014  0.8155 
   00827    0.4225   -1246.2263  0.8107 
   00828    0.3925   -1267.7931  0.8163 
   00829    0.3900   -1257.9233  0.8185 
   00830    0.3875   -1235.5332  0.8066 
   00831    0.3725   -1254.7646  0.8163 
   00832    0.4300   -1256.7302  0.8204 
   00833    0.4150   -1266.9277  0.8204 
   00834    0.4275   -1235.9146  0.8165 
   00835    0.3925   -1229.9686  0.8155 
   00836    0.3675   -1237.1324  0.8196 
   00837    0.3850   -1281.1250  0.8402 
   00838    0.4225   -1297.0478  0.8424 
   00839    0.3650   -1298.8320  0.8406 
   00840    0.4175   -1286.5283  0.8433 
   00841    0.3575   -1292.7431  0.8334 
   00842    0.4600   -1298.3747  0.8307 
   00843    0.3450   -1301.8557  0.8233 
   00844    0.4250   -1290.2213  0.8245 
   00845    0.3575   -1299.6843  0.8276 
   00846    0.3700   -1302.4348  0.8249 
   00847    0.3825   -1301.1609  0.8247 
   00848    0.4200   -1288.9032  0.8132 
   00849    0.4475   -1281.4589  0.7997 
   00850    0.3775   -1277.8523  0.7855 
   00851    0.4125   -1256.3370  0.7771 
   00852    0.3825   -1237.5371  0.7649 
   00853    0.4275   -1244.8616  0.7689 
   00854    0.4225   -1227.4500  0.7628 
   00855    0.4175   -1246.4995  0.7605 
   00856    0.4075   -1250.2106  0.7549 
   00857    0.3950   -1249.4091  0.7549 
   00858    0.3750   -1263.0191  0.7554 
   00859    0.4150   -1266.5604  0.7712 
   00860    0.3975   -1281.2904  0.7878 
   00861    0.3550   -1275.0010  0.7688 
   00862    0.3750   -1241.3282  0.7585 
   00863    0.4000   -1250.2313  0.7622 
   00864    0.4500   -1238.0155  0.7642 
   00865    0.3650   -1253.5975  0.7726 
   00866    0.4100   -1270.4766  0.7855 
   00867    0.4250   -1250.9573  0.7922 
   00868    0.4100   -1257.9890  0.7946 
   00869    0.3775   -1265.8873  0.7924 
   00870    0.4150   -1280.3357  0.8123 
   00871    0.4225   -1267.3190  0.8119 
   00872    0.4200   -1273.0133  0.8108 
   00873    0.4175   -1281.7501  0.8147 
   00874    0.3750   -1290.3445  0.8053 
   00875    0.4000   -1289.5540  0.8170 
   00876    0.4075   -1291.1821  0.8238 
   00877    0.4050   -1274.1958  0.8158 
   00878    0.4350   -1268.0546  0.8160 
   00879    0.3925   -1250.8064  0.8125 
   00880    0.3850   -1256.7814  0.8078 
   00881    0.4075   -1269.5940  0.8127 
   00882    0.3875   -1266.3434  0.8142 
   00883    0.3650   -1277.5584  0.8077 
   00884    0.3900   -1240.1797  0.7838 
   00885    0.3700   -1253.3934  0.7854 
   00886    0.4075   -1264.4079  0.7839 
   00887    0.3875   -1286.8369  0.7803 
   00888    0.4375   -1255.8905  0.7847 
   00889    0.3825   -1229.8387  0.7730 
   00890    0.3800   -1216.4194  0.7671 
   00891    0.4250   -1225.7999  0.7675 
   00892    0.4250   -1232.4668  0.7767 
   00893    0.4000   -1235.8939  0.7874 
   00894    0.3875   -1227.5390  0.7837 
   00895    0.4075   -1230.3324  0.7817 
   00896    0.4050   -1247.6069  0.7951 
   00897    0.4000   -1227.5788  0.7745 
   00898    0.4200   -1243.9261  0.7689 
   00899    0.3975   -1274.9310  0.7710 
   00900    0.4050   -1253.9116  0.7726 
   00901    0.4250   -1278.9201  0.7742 
   00902    0.4000   -1290.3707  0.7824 
   00903    0.4125   -1292.9883  0.7877 
   00904    0.3875   -1295.4637  0.7844 
   00905    0.4125   -1275.3593  0.7729 
   00906    0.3725   -1267.5813  0.7657 
   00907    0.4000   -1255.8801  0.7532 
   00908    0.3700   -1258.3220  0.7501 
   00909    0.4450   -1236.3089  0.7407 
   00910    0.4350   -1236.0665  0.7217 
   00911    0.3375   -1256.2589  0.7284 
   00912    0.4225   -1238.0556  0.7393 
   00913    0.4125   -1217.6027  0.7398 
   00914    0.4100   -1203.9059  0.7289 
   00915    0.4325   -1190.4119  0.7266 
   00916    0.4250   -1198.2174  0.7413 
   00917    0.4350   -1211.6528  0.7577 
   00918    0.3875   -1243.9333  0.7663 
   00919    0.3875   -1267.0330  0.7789 
   00920    0.3550   -1263.4031  0.7690 
   00921    0.4300   -1266.7091  0.7639 
   00922    0.3825   -1256.1651  0.7526 
   00923    0.3800   -1256.6181  0.7570 
   00924    0.3875   -1259.9692  0.7618 
   00925    0.3750   -1272.0062  0.7707 
   00926    0.4150   -1239.9985  0.7643 
   00927    0.3725   -1263.0730  0.7911 
   00928    0.3950   -1271.2915  0.7913 
   00929    0.3750   -1281.9007  0.7998 
   00930    0.3400   -1287.7147  0.7997 
   00931    0.3800   -1281.0314  0.7962 
   00932    0.3725   -1271.9225  0.8002 
   00933    0.3800   -1266.0570  0.7964 
   00934    0.3750   -1257.9446  0.7968 
   00935    0.3725   -1264.5821  0.7960 
   00936    0.3875   -1266.4024  0.7916 
   00937    0.4225   -1229.9767  0.7666 
   00938    0.4625   -1208.4028  0.7479 
   00939    0.3700   -1219.0203  0.7567 
   00940    0.3675   -1236.8207  0.7600 
   00941    0.4475   -1254.3893  0.7577 
   00942    0.3750   -1277.2287  0.7650 
   00943    0.3725   -1264.7237  0.7627 
   00944    0.4025   -1267.4613  0.7654 
   00945    0.4150   -1282.0213  0.7837 
   00946    0.4100   -1301.1055  0.8003 
   00947    0.4025   -1270.7918  0.8075 
   00948    0.3975   -1302.8821  0.8071 
   00949    0.4025   -1298.1373  0.7979 
   00950    0.4275   -1303.5825  0.8073 
   00951    0.3900   -1284.9898  0.7958 
   00952    0.3875   -1264.4932  0.7868 
   00953    0.3900   -1255.7879  0.7874 
   00954    0.3500   -1277.0583  0.7922 
   00955    0.3925   -1277.4570  0.7893 
   00956    0.3725   -1282.7900  0.7898 
   00957    0.4100   -1277.5919  0.7859 
   00958    0.4050   -1256.9691  0.7671 
   00959    0.4075   -1255.0294  0.7671 
   00960    0.4025   -1267.1070  0.7758 
   00961    0.4075   -1266.5762  0.7595 
   00962    0.3575   -1279.3979  0.7798 
   00963    0.4150   -1288.5440  0.7692 
   00964    0.3800   -1265.7846  0.7616 
   00965    0.3925   -1276.5665  0.7703 
   00966    0.3450   -1284.0100  0.7570 
   00967    0.4000   -1263.5266  0.7545 
   00968    0.3975   -1275.9344  0.7667 
   00969    0.4125   -1255.2406  0.7726 
   00970    0.3775   -1243.5214  0.7690 
   00971    0.3775   -1262.1016  0.7900 
   00972    0.4025   -1265.4792  0.8028 
   00973    0.4325   -1279.3425  0.8080 
   00974    0.4050   -1258.1116  0.7965 
   00975    0.3950   -1257.2583  0.7939 
   00976    0.3800   -1263.8869  0.7823 
   00977    0.3750   -1284.4628  0.7786 
   00978    0.3950   -1276.6895  0.7840 
   00979    0.3425   -1277.4484  0.7821 
   00980    0.3675   -1276.4961  0.7872 
   00981    0.4025   -1282.5386  0.7846 
   00982    0.4125   -1271.1972  0.7913 
   00983    0.3825   -1262.5271  0.7874 
   00984    0.3525   -1255.1271  0.7853 
   00985    0.4125   -1247.0512  0.7792 
   00986    0.3975   -1276.5926  0.7926 
   00987    0.3875   -1259.1959  0.7871 
   00988    0.3750   -1242.4615  0.7751 
   00989    0.4075   -1257.6445  0.7796 
   00990    0.3575   -1273.5525  0.7928 
   00991    0.4175   -1259.5859  0.7832 
   00992    0.3875   -1267.1730  0.7881 
   00993    0.4200   -1246.5623  0.7797 
   00994    0.3925   -1277.6476  0.7988 
   00995    0.3875   -1285.1490  0.7861 
   00996    0.4025   -1274.5391  0.7904 
   00997    0.4025   -1273.2445  0.7985 
   00998    0.3900   -1267.6691  0.7989 
   00999    0.4300   -1271.7696  0.8025 
   01000    0.4125   -1285.8010  0.7941 
