#=====================================================
# File created:        Fri-13-Feb-2026-at-12-55-51PM
# Size of lattice:     20x20
# Number of MC steps:  1000
# Reduced temperature: 0.800
# Run time (s):        12.986801
#=====================================================
# MC step:  Ratio:     Energy:   Order:
#=====================================================
   00000    0.5000    -446.0971  0.2825 
   00001    0.6900    -618.7119  0.3059 
   00002    0.6025    -721.1849  0.3154 
   00003    0.5375    -806.1124  0.3487 
   00004    0.5600    -836.5118  0.3540 
   00005    0.4925    -876.2740  0.3558 
   00006    0.4925    -910.4617  0.3479 
   00007    0.5050    -908.3076  0.3357 
   00008    0.5150    -934.4059  0.3275 
   00009    0.5150    -946.0915  0.3132 
   00010    0.5250    -957.7918  0.3303 
   00011    0.4550    -951.8696  0.3514 
   00012    0.4650    -960.5996  0.3586 
   00013    0.4650    -958.8782  0.3667 
   00014    0.5075    -956.2618  0.3754 
   00015    0.4900    -981.3057  0.3915 
   00016    0.5150    -980.9328  0.4294 
   00017    0.4700   -1018.4192  0.4371 
   00018    0.5150   -1027.8377  0.4441 
   00019    0.4600   -1019.6660  0.4160 
   00020    0.4450    -990.1878  0.4012 
   00021    0.4500   -1030.2499  0.4152 
   00022    0.4175    -989.6140  0.4205 
   00023    0.5025    -980.0707  0.3979 
   00024    0.4975    -973.3844  0.3989 
   00025    0.4850    -996.9251  0.3891 
   00026    0.4675   -1026.6936  0.4023 
   00027    0.4900   -1044.3153  0.3873 
   00028    0.4725   -1054.6379  0.3934 
   00029    0.4575   -1073.5367  0.4206 
   00030    0.4375   -1085.3673  0.4148 
   00031    0.4450   -1101.3293  0.4294 
   00032    0.4450   -1083.6176  0.4496 
   00033    0.4300   -1088.2657  0.4653 
   00034    0.4550   -1109.3378  0.4810 
   00035    0.4450   -1123.0384  0.4928 
   00036    0.4425   -1114.8042  0.4970 
   00037    0.4350   -1099.4149  0.4762 
   00038    0.4450   -1108.3096  0.4604 
   00039    0.3950   -1093.3425  0.4680 
   00040    0.4600   -1078.9969  0.4596 
   00041    0.4400   -1091.6199  0.4436 
   00042    0.4475   -1087.0583  0.4450 
   00043    0.4525   -1081.4395  0.4419 
   00044    0.4825   -1069.2211  0.4486 
   00045    0.4800   -1092.2937  0.4355 
   00046    0.4175   -1090.0359  0.4333 
   00047    0.4250   -1099.1195  0.4533 
   00048    0.4325   -1087.2123  0.4891 
   00049    0.4450   -1086.6895  0.4923 
   00050    0.4625   -1098.6147  0.4785 
   00051    0.4925   -1095.5302  0.4882 
   00052    0.4550   -1122.5799  0.5169 
   00053    0.4100   -1103.1841  0.4986 
   00054    0.4575   -1100.6172  0.4732 
   00055    0.4800   -1081.1388  0.4645 
   00056    0.4975   -1095.0724  0.4548 
   00057    0.4200   -1080.5077  0.4217 
   00058    0.4375   -1079.5602  0.4149 
   00059    0.4400   -1061.0770  0.4134 
   00060    0.4325   -1039.7625  0.4003 
   00061    0.4600   -1073.7125  0.3886 
   00062    0.4550   -1092.6423  0.4061 
   00063    0.4200   -1095.8567  0.4136 
   00064    0.4550   -1086.4892  0.4076 
   00065    0.4750   -1097.7437  0.3933 
   00066    0.4200   -1101.4642  0.3908 
   00067    0.4100   -1107.5716  0.3680 
   00068    0.4650   -1129.5675  0.3586 
   00069    0.4250   -1137.9604  0.3656 
   00070    0.3850   -1125.0980  0.3784 
   00071    0.4150   -1119.3067  0.4015 
   00072    0.3900   -1099.9357  0.4137 
   00073    0.4200   -1127.2093  0.4160 
   00074    0.4300   -1133.7438  0.4245 
   00075    0.4375   -1173.5730  0.4343 
   00076    0.3950   -1138.4373  0.4377 
   00077    0.3875   -1129.7021  0.4102 
   00078    0.4025   -1102.6183  0.4202 
   00079    0.4175   -1117.8961  0.4215 
   00080    0.4275   -1096.9547  0.4140 
   00081    0.4275   -1092.6852  0.3983 
   00082    0.4375   -1150.8033  0.3997 
   00083    0.4025   -1132.7604  0.3740 
   00084    0.4050   -1110.8513  0.3674 
   00085    0.4250   -1082.9174  0.3338 
   00086    0.4350   -1092.7093  0.3538 
   00087    0.4025   -1062.8967  0.3644 
   00088    0.4425   -1050.3792  0.3570 
   00089    0.4400   -1062.8384  0.3587 
   00090    0.4525   -1047.3998  0.3651 
   00091    0.4350   -1039.8324  0.3870 
   00092    0.4425   -1047.9653  0.3967 
   00093    0.3950   -1009.0240  0.3746 
   00094    0.4450    -991.7518  0.3734 
   00095    0.4875    -987.2965  0.3816 
   00096    0.4500   -1016.1934  0.3726 
   00097    0.4825   -1050.3675  0.3800 
   00098    0.4300   -1038.3865  0.3628 
   00099    0.4425   -1091.1549  0.3665 
   00100    0.4400   -1076.3332  0.3818 
   00101    0.4575   -1054.6489  0.3983 
   00102    0.4825   -1044.4543  0.4054 
   00103    0.4750   -1055.3814  0.4278 
   00104    0.4875   -1084.9681  0.4292 
   00105    0.4400   -1089.0637  0.3766 
   00106    0.4550   -1082.3623  0.3772 
   00107    0.4375   -1083.8717  0.3897 
   00108    0.4350   -1065.7871  0.4126 
   00109    0.4650   -1065.9185  0.4144 
   00110    0.3850   -1083.5964  0.4155 
   00111    0.4550   -1080.2803  0.3835 
   00112    0.4550   -1112.4167  0.3867 
   00113    0.4150   -1118.6676  0.3634 
   00114    0.4575   -1103.8238  0.3613 
   00115    0.4250   -1104.9793  0.3724 
   00116    0.4300   -1085.8276  0.3847 
   00117    0.4175   -1096.5632  0.4056 
   00118    0.4100   -1094.2965  0.4036 
   00119    0.4400   -1080.0725  0.3902 
   00120    0.4575   -1097.3137  0.4096 
   00121    0.4150   -1090.8379  0.3898 
   00122    0.4150   -1063.8921  0.4023 
   00123    0.4175   -1080.5129  0.3933 
   00124    0.4850   -1073.6183  0.4025 
   00125    0.4275   -1076.4907  0.4296 
   00126    0.4125   -1110.9173  0.4143 
   00127    0.4400   -1139.7540  0.4114 
   00128    0.4125   -1149.2757  0.4313 
   00129    0.4275   -1160.0861  0.4448 
   00130    0.4350   -1147.4128  0.4582 
   00131    0.4650   -1108.0907  0.4418 
   00132    0.4600   -1074.1674  0.4466 
   00133    0.4325   -1062.6614  0.4308 
   00134    0.4275   -1092.3319  0.4279 
   00135    0.4225   -1072.6804  0.4310 
   00136    0.4625   -1085.4238  0.4274 
   00137    0.4575   -1085.8634  0.4151 
   00138    0.4750   -1083.3860  0.4367 
   00139    0.4800   -1058.3735  0.4512 
   00140    0.4475   -1103.0246  0.4566 
   00141    0.4525   -1097.8492  0.4451 
   00142    0.3975   -1079.6966  0.4469 
   00143    0.4275   -1091.1811  0.4309 
   00144    0.4100   -1119.6156  0.4594 
   00145    0.4125   -1097.1804  0.4522 
   00146    0.4100   -1102.1106  0.4466 
   00147    0.3875   -1102.3970  0.4471 
   00148    0.4450   -1159.0854  0.4891 
   00149    0.4050   -1162.2372  0.4888 
   00150    0.4050   -1140.7047  0.4992 
   00151    0.3900   -1154.9969  0.5068 
   00152    0.4275   -1136.1199  0.4901 
   00153    0.3875   -1138.1519  0.5017 
   00154    0.4100   -1130.7341  0.4797 
   00155    0.4275   -1160.9800  0.4967 
   00156    0.4250   -1111.9407  0.5058 
   00157    0.4725   -1097.0095  0.5150 
   00158    0.4125   -1121.4162  0.5256 
   00159    0.4600   -1105.9373  0.5327 
   00160    0.4675   -1109.3761  0.5520 
   00161    0.4350   -1119.3685  0.5522 
   00162    0.4425   -1127.2567  0.5545 
   00163    0.4225   -1117.2131  0.5482 
   00164    0.4425   -1091.6477  0.5609 
   00165    0.3700   -1080.5521  0.5510 
   00166    0.4600   -1092.3765  0.5642 
   00167    0.4150   -1093.2909  0.5750 
   00168    0.4725   -1070.3612  0.5605 
   00169    0.4600   -1094.2726  0.5852 
   00170    0.4300   -1078.6284  0.5776 
   00171    0.4250   -1104.3148  0.5951 
   00172    0.4925   -1093.1341  0.5924 
   00173    0.4250   -1094.6014  0.6093 
   00174    0.4425   -1082.8548  0.6038 
   00175    0.4650   -1069.8568  0.6261 
   00176    0.4550   -1072.8561  0.6360 
   00177    0.4650   -1077.8334  0.6432 
   00178    0.4200   -1082.2618  0.6371 
   00179    0.4250   -1082.8015  0.6323 
   00180    0.4475   -1102.3565  0.6368 
   00181    0.4675   -1122.1914  0.6482 
   00182    0.4075   -1136.9203  0.6535 
   00183    0.3850   -1133.4293  0.6420 
   00184    0.4125   -1127.9863  0.6080 
   00185    0.4250   -1096.5892  0.5768 
   00186    0.4275   -1109.1668  0.5964 
   00187    0.4375   -1115.9010  0.5958 
   00188    0.4325   -1143.2315  0.6305 
   00189    0.4150   -1129.7528  0.5819 
   00190    0.3975   -1110.6821  0.5864 
   00191    0.4225   -1122.4183  0.5831 
   00192    0.4050   -1117.9733  0.5956 
   00193    0.4450   -1110.9440  0.6155 
   00194    0.3800   -1107.9877  0.5958 
   00195    0.4550   -1089.7708  0.5919 
   00196    0.4300   -1077.8025  0.5920 
   00197    0.4675   -1092.9651  0.5799 
   00198    0.4550   -1078.6180  0.6055 
   00199    0.4450   -1099.0682  0.6062 
   00200    0.4650   -1082.5777  0.5936 
   00201    0.4700   -1059.9251  0.5790 
   00202    0.4525   -1065.0038  0.5950 
   00203    0.4375   -1126.8816  0.6114 
   00204    0.4200   -1139.0125  0.6141 
   00205    0.4700   -1117.0470  0.5934 
   00206    0.3825   -1126.3457  0.6063 
   00207    0.3975   -1103.4615  0.5861 
   00208    0.4275   -1100.0223  0.6013 
   00209    0.4850   -1102.0120  0.6415 
   00210    0.4300   -1087.0616  0.6057 
   00211    0.4750   -1115.6985  0.6139 
   00212    0.4400   -1118.7306  0.6413 
   00213    0.4600   -1123.3537  0.6581 
   00214    0.4675   -1140.4300  0.6366 
   00215    0.4025   -1137.4352  0.6352 
   00216    0.4400   -1146.1965  0.6595 
   00217    0.3950   -1165.8602  0.6622 
   00218    0.4125   -1150.5304  0.6631 
   00219    0.3925   -1158.2892  0.6635 
   00220    0.4400   -1154.0239  0.6718 
   00221    0.3775   -1177.3973  0.6619 
   00222    0.4025   -1171.3826  0.6734 
   00223    0.4250   -1140.0050  0.6594 
   00224    0.3925   -1138.9904  0.6472 
   00225    0.4100   -1122.1696  0.6467 
   00226    0.4300   -1089.7338  0.6483 
   00227    0.4300   -1087.2926  0.6183 
   00228    0.4375   -1124.7664  0.6274 
   00229    0.4175   -1131.2671  0.6382 
   00230    0.4250   -1113.5340  0.6371 
   00231    0.4325   -1107.5216  0.6281 
   00232    0.4200   -1095.9540  0.6137 
   00233    0.4750   -1093.8339  0.6115 
   00234    0.4300   -1106.0650  0.6186 
   00235    0.4575   -1084.6813  0.6016 
   00236    0.4175   -1110.1986  0.6071 
   00237    0.4000   -1071.4899  0.5888 
   00238    0.4225   -1081.5106  0.5772 
   00239    0.4375   -1095.0558  0.5933 
   00240    0.4075   -1122.6170  0.6124 
   00241    0.4200   -1131.6014  0.6386 
   00242    0.4375   -1129.9586  0.6632 
   00243    0.3800   -1128.7259  0.6367 
   00244    0.4325   -1111.8673  0.6331 
   00245    0.4400   -1101.6996  0.6425 
   00246    0.4300   -1123.0754  0.6587 
   00247    0.4300   -1144.1783  0.6628 
   00248    0.3850   -1132.6652  0.6736 
   00249    0.3975   -1146.8688  0.6567 
   00250    0.4575   -1103.9770  0.6374 
   00251    0.4050   -1120.8224  0.6531 
   00252    0.4050   -1139.4888  0.6785 
   00253    0.4525   -1144.5759  0.6742 
   00254    0.4425   -1147.8090  0.6726 
   00255    0.4175   -1130.9486  0.6665 
   00256    0.4100   -1143.7372  0.6602 
   00257    0.4450   -1147.4604  0.6547 
   00258    0.4725   -1123.7882  0.6379 
   00259    0.4150   -1125.5796  0.6489 
   00260    0.4350   -1125.9880  0.6360 
   00261    0.4650   -1127.0010  0.6470 
   00262    0.4075   -1118.7032  0.6407 
   00263    0.4550   -1127.7886  0.6475 
   00264    0.4225   -1143.8758  0.6632 
   00265    0.4075   -1158.9350  0.6851 
   00266    0.4200   -1144.7266  0.6672 
   00267    0.4500   -1144.7407  0.6909 
   00268    0.4575   -1129.3696  0.6661 
   00269    0.4300   -1115.1077  0.6641 
   00270    0.4375   -1114.7752  0.6660 
   00271    0.4450   -1083.1953  0.6449 
   00272    0.4450   -1108.0792  0.6550 
   00273    0.4025   -1063.2856  0.6262 
   00274    0.4575   -1070.6817  0.6084 
   00275    0.4575   -1050.4571  0.5974 
   00276    0.4425   -1104.6472  0.6001 
   00277    0.4200   -1119.0665  0.6149 
   00278    0.3900   -1133.9591  0.6110 
   00279    0.4200   -1134.1578  0.6102 
   00280    0.4450   -1167.5263  0.6261 
   00281    0.4525   -1148.7619  0.6274 
   00282    0.4400   -1150.5238  0.6373 
   00283    0.4075   -1137.2822  0.6394 
   00284    0.3875   -1122.3042  0.6400 
   00285    0.4075   -1132.9239  0.6495 
   00286    0.4025   -1134.9614  0.6680 
   00287    0.4475   -1164.6889  0.6774 
   00288    0.3625   -1156.5038  0.6735 
   00289    0.3975   -1168.3211  0.6835 
   00290    0.4075   -1146.7557  0.6694 
   00291    0.4500   -1121.1089  0.6507 
   00292    0.4200   -1118.7430  0.6592 
   00293    0.4200   -1130.3909  0.6503 
   00294    0.4500   -1128.8193  0.6691 
   00295    0.4275   -1129.6219  0.6512 
   00296    0.4350   -1126.2532  0.6460 
   00297    0.4200   -1109.5269  0.6374 
   00298    0.4300   -1128.8274  0.6491 
   00299    0.4250   -1120.0328  0.6489 
   00300    0.4250   -1125.2276  0.6321 
   00301    0.4450   -1136.5967  0.6395 
   00302    0.4500   -1103.4286  0.6312 
   00303    0.4375   -1134.3738  0.6363 
   00304    0.4400   -1129.0418  0.6249 
   00305    0.4375   -1134.9888  0.6472 
   00306    0.4400   -1155.4096  0.6547 
   00307    0.4175   -1167.5608  0.6787 
   00308    0.4325   -1126.3750  0.6561 
   00309    0.4525   -1135.7520  0.6608 
   00310    0.4375   -1141.8411  0.6467 
   00311    0.4600   -1112.5380  0.6625 
   00312    0.4350   -1100.2984  0.6640 
   00313    0.4475   -1093.4965  0.6458 
   00314    0.4200   -1126.1478  0.6469 
   00315    0.4350   -1101.5521  0.6269 
   00316    0.4600   -1108.2649  0.6232 
   00317    0.4400   -1101.5923  0.6285 
   00318    0.4250   -1121.8305  0.6486 
   00319    0.4075   -1122.3963  0.6450 
   00320    0.4450   -1119.7192  0.6438 
   00321    0.3675   -1139.3606  0.6429 
   00322    0.3800   -1156.4126  0.6604 
   00323    0.4600   -1110.0654  0.6649 
   00324    0.4550   -1102.6234  0.6603 
   00325    0.4600   -1088.6484  0.6392 
   00326    0.4450   -1118.9357  0.6538 
   00327    0.4325   -1146.2635  0.6693 
   00328    0.3900   -1117.9938  0.6781 
   00329    0.4100   -1123.6755  0.6820 
   00330    0.4250   -1157.5509  0.6960 
   00331    0.4600   -1132.9802  0.6690 
   00332    0.3875   -1153.9508  0.6872 
   00333    0.4050   -1148.2450  0.6787 
   00334    0.3825   -1148.5068  0.6712 
   00335    0.4400   -1149.1143  0.6513 
   00336    0.4000   -1145.4826  0.6653 
   00337    0.4150   -1133.6039  0.6819 
   00338    0.4200   -1155.8992  0.6596 
   00339    0.4350   -1146.4985  0.6703 
   00340    0.4200   -1155.6185  0.6584 
   00341    0.4075   -1157.0857  0.6501 
   00342    0.3925   -1143.9042  0.6508 
   00343    0.4375   -1120.4442  0.6493 
   00344    0.4150   -1120.5219  0.6495 
   00345    0.4200   -1160.7304  0.6510 
   00346    0.4150   -1162.7161  0.6447 
   00347    0.3925   -1157.8459  0.6508 
   00348    0.3700   -1161.8436  0.6586 
   00349    0.4125   -1157.2308  0.6602 
   00350    0.4675   -1175.8659  0.6723 
   00351    0.4325   -1157.6034  0.6740 
   00352    0.3775   -1145.5563  0.6868 
   00353    0.4475   -1181.9094  0.6921 
   00354    0.4150   -1151.3724  0.6801 
   00355    0.4400   -1150.3522  0.6903 
   00356    0.4075   -1156.0879  0.6782 
   00357    0.4075   -1183.9054  0.6810 
   00358    0.4350   -1189.6560  0.7022 
   00359    0.4000   -1187.0149  0.6870 
   00360    0.4075   -1182.5997  0.6847 
   00361    0.3925   -1162.1437  0.6887 
   00362    0.3700   -1182.7905  0.7177 
   00363    0.4350   -1168.0247  0.7040 
   00364    0.4150   -1176.9040  0.7089 
   00365    0.4125   -1117.8559  0.6739 
   00366    0.4400   -1120.9251  0.6717 
   00367    0.4350   -1120.5678  0.6750 
   00368    0.4250   -1104.8562  0.6579 
   00369    0.4125   -1137.6557  0.6662 
   00370    0.3825   -1130.0542  0.6698 
   00371    0.4075   -1154.1490  0.6665 
   00372    0.4000   -1149.8640  0.6709 
   00373    0.4675   -1119.0692  0.6656 
   00374    0.4225   -1116.5569  0.6790 
   00375    0.4325   -1160.6306  0.7127 
   00376    0.3975   -1193.3594  0.7406 
   00377    0.3725   -1211.1139  0.7519 
   00378    0.4250   -1157.7078  0.7333 
   00379    0.3800   -1170.0549  0.7342 
   00380    0.4050   -1144.0658  0.7234 
   00381    0.4200   -1166.4448  0.7321 
   00382    0.4175   -1148.1634  0.7298 
   00383    0.4200   -1176.1653  0.7217 
   00384    0.4350   -1183.2674  0.7399 
   00385    0.4375   -1173.9722  0.7460 
   00386    0.4000   -1208.1437  0.7512 
   00387    0.4075   -1237.9381  0.7670 
   00388    0.3950   -1232.9956  0.7633 
   00389    0.3600   -1208.8960  0.7525 
   00390    0.4550   -1191.2116  0.7402 
   00391    0.4050   -1191.2282  0.7595 
   00392    0.3500   -1194.2667  0.7564 
   00393    0.3825   -1172.3528  0.7619 
   00394    0.4100   -1197.5590  0.7598 
   00395    0.3900   -1197.6490  0.7568 
   00396    0.4325   -1133.6870  0.7334 
   00397    0.4200   -1172.5540  0.7492 
   00398    0.4200   -1203.8997  0.7626 
   00399    0.4125   -1190.1987  0.7493 
   00400    0.3700   -1201.2552  0.7576 
   00401    0.4450   -1207.7469  0.7596 
   00402    0.3800   -1209.2100  0.7641 
   00403    0.3800   -1202.7420  0.7733 
   00404    0.4175   -1219.1815  0.7795 
   00405    0.4400   -1197.8352  0.7831 
   00406    0.3925   -1203.4487  0.7750 
   00407    0.4500   -1183.6109  0.7537 
   00408    0.4175   -1173.5669  0.7358 
   00409    0.4225   -1152.3100  0.7130 
   00410    0.4225   -1136.4817  0.7055 
   00411    0.4425   -1133.6685  0.7096 
   00412    0.4250   -1151.6174  0.7132 
   00413    0.4200   -1131.2961  0.7045 
   00414    0.3725   -1143.4369  0.7127 
   00415    0.4200   -1153.1327  0.7277 
   00416    0.4025   -1164.9353  0.7340 
   00417    0.4000   -1177.2137  0.7432 
   00418    0.4100   -1175.5354  0.7399 
   00419    0.4425   -1178.6753  0.7359 
   00420    0.4550   -1171.3067  0.7316 
   00421    0.4225   -1165.2129  0.7485 
   00422    0.4500   -1164.2012  0.7521 
   00423    0.3975   -1176.2342  0.7532 
   00424    0.4150   -1189.1380  0.7520 
   00425    0.4100   -1193.3396  0.7474 
   00426    0.3875   -1207.2477  0.7412 
   00427    0.3950   -1183.4037  0.7081 
   00428    0.4000   -1158.3231  0.7008 
   00429    0.4125   -1149.5762  0.7039 
   00430    0.3900   -1171.3691  0.7121 
   00431    0.3725   -1162.1276  0.7196 
   00432    0.4525   -1155.7445  0.7211 
   00433    0.3775   -1177.2320  0.7304 
   00434    0.3950   -1228.2940  0.7399 
   00435    0.3950   -1229.9529  0.7485 
   00436    0.3700   -1226.4294  0.7520 
   00437    0.3850   -1240.2948  0.7471 
   00438    0.4125   -1208.8923  0.7306 
   00439    0.3675   -1222.5085  0.7589 
   00440    0.4175   -1242.2163  0.7790 
   00441    0.3750   -1226.8374  0.7630 
   00442    0.3925   -1231.5846  0.7769 
   00443    0.4225   -1189.9367  0.7736 
   00444    0.3700   -1218.4932  0.7729 
   00445    0.4075   -1197.7821  0.7570 
   00446    0.3675   -1218.0748  0.7601 
   00447    0.4200   -1218.4545  0.7602 
   00448    0.3925   -1224.9528  0.7675 
   00449    0.4000   -1254.7414  0.7863 
   00450    0.3875   -1235.2478  0.7753 
   00451    0.4350   -1202.5343  0.7581 
   00452    0.3850   -1211.1559  0.7575 
   00453    0.4100   -1211.5106  0.7687 
   00454    0.4400   -1204.1942  0.7684 
   00455    0.4000   -1189.2951  0.7595 
   00456    0.3775   -1189.8788  0.7430 
   00457    0.4150   -1174.8306  0.7463 
   00458    0.4000   -1191.0162  0.7462 
   00459    0.4500   -1187.0983  0.7446 
   00460    0.4150   -1184.9462  0.7231 
   00461    0.4275   -1204.8907  0.7204 
   00462    0.3775   -1180.9443  0.7066 
   00463    0.3950   -1183.8021  0.7102 
   00464    0.4200   -1185.9033  0.7006 
   00465    0.4150   -1170.7594  0.7048 
   00466    0.4000   -1169.2788  0.7225 
   00467    0.3775   -1161.4518  0.7260 
   00468    0.4100   -1175.8910  0.7127 
   00469    0.3750   -1174.3346  0.7202 
   00470    0.4175   -1140.9393  0.7078 
   00471    0.4275   -1137.1113  0.6979 
   00472    0.4750   -1111.1184  0.6809 
   00473    0.4400   -1116.9842  0.6707 
   00474    0.4600   -1093.4776  0.6743 
   00475    0.4100   -1094.2476  0.6671 
   00476    0.4425   -1133.6908  0.6790 
   00477    0.4175   -1140.6161  0.6758 
   00478    0.4350   -1130.7473  0.6851 
   00479    0.4275   -1122.7781  0.6742 
   00480    0.4375   -1124.2733  0.6598 
   00481    0.4250   -1143.3420  0.6738 
   00482    0.4375   -1139.9842  0.6673 
   00483    0.4250   -1143.7557  0.6873 
   00484    0.4425   -1134.1911  0.6853 
   00485    0.4500   -1131.0183  0.6821 
   00486    0.4275   -1155.8346  0.6833 
   00487    0.4125   -1173.6522  0.7021 
   00488    0.3825   -1183.8358  0.7343 
   00489    0.3725   -1190.3562  0.7437 
   00490    0.3925   -1199.9216  0.7405 
   00491    0.3950   -1198.2293  0.7284 
   00492    0.4325   -1173.0021  0.7334 
   00493    0.4100   -1226.3438  0.7485 
   00494    0.4425   -1246.8493  0.7655 
   00495    0.3625   -1237.2879  0.7595 
   00496    0.3650   -1227.5596  0.7610 
   00497    0.3800   -1201.9967  0.7505 
   00498    0.4250   -1204.8600  0.7434 
   00499    0.4200   -1188.8572  0.7229 
   00500    0.4050   -1171.3709  0.7165 
   00501    0.3825   -1152.9419  0.7139 
   00502    0.4200   -1144.6021  0.7063 
   00503    0.4200   -1127.8159  0.6764 
   00504    0.3950   -1144.6737  0.6728 
   00505    0.4550   -1111.1742  0.6618 
   00506    0.4275   -1140.6728  0.6680 
   00507    0.4150   -1147.3471  0.6622 
   00508    0.3900   -1176.4618  0.6818 
   00509    0.3950   -1163.3009  0.6749 
   00510    0.3875   -1153.8592  0.6775 
   00511    0.4150   -1165.4653  0.6952 
   00512    0.4200   -1165.6919  0.6969 
   00513    0.4350   -1159.0578  0.6954 
   00514    0.4200   -1161.4212  0.6982 
   00515    0.4025   -1173.1150  0.6898 
   00516    0.3675   -1163.5875  0.6936 
   00517    0.4350   -1165.1012  0.6909 
   00518    0.3925   -1148.7262  0.6863 
   00519    0.4275   -1147.2963  0.6963 
   00520    0.4000   -1121.6502  0.6935 
   00521    0.4575   -1122.9525  0.6856 
   00522    0.4550   -1094.5015  0.7019 
   00523    0.4000   -1117.4831  0.7105 
   00524    0.4600   -1128.8322  0.6963 
   00525    0.3750   -1138.6147  0.7055 
   00526    0.3875   -1151.1327  0.7095 
   00527    0.3675   -1140.0791  0.7010 
   00528    0.4400   -1144.3903  0.7129 
   00529    0.4275   -1126.0520  0.7077 
   00530    0.4200   -1136.5595  0.7278 
   00531    0.4600   -1139.2383  0.7392 
   00532    0.3725   -1167.8442  0.7458 
   00533    0.4375   -1172.2461  0.7536 
   00534    0.4250   -1189.6670  0.7554 
   00535    0.4150   -1187.9662  0.7523 
   00536    0.3975   -1180.7904  0.7425 
   00537    0.3725   -1166.3042  0.7132 
   00538    0.4175   -1162.2058  0.7172 
   00539    0.4225   -1155.5635  0.7242 
   00540    0.4200   -1181.9575  0.7286 
   00541    0.4275   -1207.0424  0.7579 
   00542    0.4175   -1230.2381  0.7737 
   00543    0.4250   -1197.7186  0.7584 
   00544    0.3750   -1236.6383  0.7761 
   00545    0.3925   -1239.2022  0.7740 
   00546    0.4200   -1242.7492  0.7728 
   00547    0.4125   -1254.5087  0.7816 
   00548    0.3375   -1262.6538  0.7832 
   00549    0.4000   -1262.5962  0.7821 
   00550    0.3675   -1271.0303  0.7966 
   00551    0.3725   -1263.8125  0.8095 
   00552    0.4200   -1240.0032  0.7986 
   00553    0.4075   -1217.3321  0.7826 
   00554    0.3625   -1185.1367  0.7532 
   00555    0.4275   -1158.9733  0.7444 
   00556    0.3625   -1171.3559  0.7471 
   00557    0.4175   -1120.1385  0.7372 
   00558    0.4200   -1118.9517  0.7353 
   00559    0.4325   -1134.4524  0.7398 
   00560    0.4500   -1198.3630  0.7530 
   00561    0.4300   -1198.0201  0.7657 
   00562    0.3925   -1178.6870  0.7497 
   00563    0.3625   -1151.7265  0.7241 
   00564    0.4300   -1166.9903  0.7261 
   00565    0.3875   -1157.8823  0.7239 
   00566    0.4450   -1158.7095  0.7387 
   00567    0.4025   -1144.3753  0.7317 
   00568    0.3900   -1171.8625  0.7363 
   00569    0.4125   -1162.5803  0.7347 
   00570    0.3925   -1172.1948  0.7390 
   00571    0.3900   -1191.3389  0.7568 
   00572    0.3700   -1169.1187  0.7425 
   00573    0.3975   -1181.6673  0.7461 
   00574    0.3950   -1179.6873  0.7530 
   00575    0.4475   -1186.2752  0.7486 
   00576    0.4325   -1200.9644  0.7548 
   00577    0.3575   -1216.3578  0.7565 
   00578    0.4150   -1192.2263  0.7685 
   00579    0.4000   -1187.2473  0.7617 
   00580    0.4275   -1199.6462  0.7686 
   00581    0.4325   -1173.3155  0.7450 
   00582    0.4250   -1186.8187  0.7554 
   00583    0.3700   -1169.3123  0.7671 
   00584    0.3975   -1185.1313  0.7832 
   00585    0.3675   -1195.9025  0.7960 
   00586    0.4375   -1174.5508  0.7723 
   00587    0.3800   -1183.9174  0.7749 
   00588    0.3825   -1190.8108  0.7855 
   00589    0.4300   -1214.0349  0.7971 
   00590    0.3775   -1220.7396  0.7901 
   00591    0.3825   -1225.8686  0.8076 
   00592    0.4450   -1210.1998  0.7801 
   00593    0.3400   -1195.5251  0.7737 
   00594    0.4250   -1187.7207  0.7652 
   00595    0.4550   -1173.7255  0.7707 
   00596    0.4050   -1159.2654  0.7685 
   00597    0.4000   -1182.5794  0.7724 
   00598    0.4000   -1186.0913  0.7582 
   00599    0.4600   -1170.8200  0.7676 
   00600    0.4250   -1171.7888  0.7825 
   00601    0.3850   -1181.6387  0.7856 
   00602    0.4050   -1184.4778  0.7836 
   00603    0.4025   -1248.8004  0.7975 
   00604    0.4250   -1218.8845  0.7810 
   00605    0.3575   -1213.6895  0.7929 
   00606    0.3900   -1243.2677  0.8075 
   00607    0.4050   -1216.8042  0.7904 
   00608    0.4175   -1212.2042  0.7766 
   00609    0.3750   -1223.7850  0.7842 
   00610    0.3550   -1231.0310  0.7787 
   00611    0.4125   -1216.8681  0.7726 
   00612    0.4125   -1206.4878  0.7732 
   00613    0.4050   -1206.5168  0.7690 
   00614    0.4000   -1188.8408  0.7541 
   00615    0.4325   -1197.7748  0.7679 
   00616    0.3825   -1215.7479  0.7721 
   00617    0.4075   -1250.7803  0.7824 
   00618    0.3775   -1257.8098  0.7959 
   00619    0.3975   -1266.9456  0.7859 
   00620    0.3300   -1230.3146  0.7747 
   00621    0.4000   -1208.6486  0.7691 
   00622    0.3775   -1209.8714  0.7584 
   00623    0.3925   -1201.8141  0.7594 
   00624    0.4425   -1153.2980  0.7455 
   00625    0.4000   -1162.3065  0.7542 
   00626    0.4225   -1146.3192  0.7523 
   00627    0.4325   -1148.3352  0.7625 
   00628    0.4350   -1190.7495  0.7824 
   00629    0.3875   -1186.1121  0.7645 
   00630    0.4325   -1167.5789  0.7598 
   00631    0.3700   -1174.7727  0.7485 
   00632    0.4600   -1213.6908  0.7694 
   00633    0.3675   -1203.7811  0.7690 
   00634    0.4200   -1212.0783  0.7621 
   00635    0.4350   -1195.2745  0.7446 
   00636    0.4700   -1172.4533  0.7358 
   00637    0.4250   -1161.1165  0.7132 
   00638    0.4075   -1164.9752  0.7114 
   00639    0.4000   -1175.4224  0.7121 
   00640    0.3975   -1185.0402  0.7067 
   00641    0.3800   -1177.7107  0.7104 
   00642    0.3900   -1157.1870  0.7087 
   00643    0.3750   -1158.6794  0.7055 
   00644    0.4275   -1162.7009  0.7150 
   00645    0.4050   -1163.9798  0.7272 
   00646    0.3900   -1116.4242  0.7139 
   00647    0.4350   -1118.2378  0.6910 
   00648    0.4050   -1161.1585  0.7033 
   00649    0.3950   -1161.5722  0.7110 
   00650    0.4175   -1154.6728  0.7172 
   00651    0.4200   -1147.9747  0.7225 
   00652    0.4375   -1163.0394  0.7327 
   00653    0.3925   -1168.5790  0.7352 
   00654    0.4275   -1177.0030  0.7402 
   00655    0.4575   -1185.0873  0.7223 
   00656    0.3925   -1152.2702  0.6971 
   00657    0.4150   -1156.7829  0.6881 
   00658    0.4025   -1186.2843  0.7106 
   00659    0.4400   -1132.7889  0.6851 
   00660    0.3900   -1128.2921  0.6769 
   00661    0.4275   -1164.4505  0.6776 
   00662    0.4100   -1149.2872  0.6862 
   00663    0.3775   -1163.6785  0.7073 
   00664    0.3925   -1175.0906  0.7325 
   00665    0.3850   -1219.6122  0.7600 
   00666    0.3750   -1210.1836  0.7535 
   00667    0.4125   -1212.1234  0.7596 
   00668    0.3825   -1177.2713  0.7352 
   00669    0.3850   -1176.9833  0.7241 
   00670    0.4100   -1161.0106  0.7121 
   00671    0.3925   -1165.9843  0.7167 
   00672    0.3975   -1188.0405  0.7340 
   00673    0.3775   -1218.1579  0.7344 
   00674    0.4050   -1221.7649  0.7175 
   00675    0.4000   -1189.8035  0.7190 
   00676    0.4425   -1191.9894  0.7260 
   00677    0.4375   -1198.4192  0.7315 
   00678    0.4150   -1176.9071  0.7002 
   00679    0.3750   -1136.7229  0.6911 
   00680    0.3950   -1127.4483  0.6920 
   00681    0.4350   -1130.4414  0.6886 
   00682    0.4600   -1092.9929  0.6837 
   00683    0.4275   -1111.0254  0.6916 
   00684    0.4350   -1126.1339  0.6821 
   00685    0.4125   -1140.5588  0.6979 
   00686    0.3500   -1183.0758  0.7029 
   00687    0.4125   -1180.8089  0.7007 
   00688    0.3825   -1189.2553  0.7090 
   00689    0.3950   -1212.0918  0.7175 
   00690    0.4200   -1220.9670  0.7298 
   00691    0.3750   -1213.6177  0.7438 
   00692    0.3650   -1190.1945  0.7373 
   00693    0.4200   -1211.7271  0.7489 
   00694    0.3800   -1212.7780  0.7332 
   00695    0.3600   -1213.0435  0.7152 
   00696    0.3825   -1207.1780  0.7178 
   00697    0.3875   -1203.4960  0.7291 
   00698    0.3875   -1195.2660  0.7267 
   00699    0.3950   -1184.0372  0.7252 
   00700    0.4300   -1193.2008  0.7201 
   00701    0.4175   -1179.5025  0.7192 
   00702    0.4050   -1156.9807  0.7217 
   00703    0.4450   -1170.4991  0.7291 
   00704    0.4250   -1204.0227  0.7339 
   00705    0.3825   -1195.1773  0.7435 
   00706    0.4425   -1204.7347  0.7368 
   00707    0.4375   -1209.5327  0.7345 
   00708    0.3975   -1212.0377  0.7291 
   00709    0.4125   -1190.0289  0.7110 
   00710    0.3825   -1197.5515  0.7069 
   00711    0.3675   -1228.3621  0.7230 
   00712    0.3600   -1230.9621  0.7124 
   00713    0.3925   -1224.6570  0.6930 
   00714    0.4450   -1251.0418  0.7196 
   00715    0.3750   -1190.7618  0.6959 
   00716    0.4175   -1199.7815  0.7010 
   00717    0.4200   -1203.1915  0.7152 
   00718    0.3700   -1196.9142  0.7235 
   00719    0.4450   -1196.1659  0.7109 
   00720    0.4275   -1168.3362  0.7214 
   00721    0.4275   -1132.1650  0.7187 
   00722    0.4550   -1123.5534  0.7018 
   00723    0.4625   -1137.7654  0.7317 
   00724    0.3900   -1113.7731  0.7262 
   00725    0.4000   -1154.8593  0.7168 
   00726    0.4225   -1162.0849  0.7319 
   00727    0.4100   -1134.3504  0.7343 
   00728    0.4000   -1170.6521  0.7512 
   00729    0.4225   -1137.6041  0.7317 
   00730    0.4125   -1161.2203  0.7424 
   00731    0.4300   -1099.9886  0.7220 
   00732    0.4050   -1095.4251  0.7188 
   00733    0.4500   -1105.5696  0.7183 
   00734    0.4325   -1102.2371  0.6978 
   00735    0.4425   -1101.0704  0.7086 
   00736    0.4150   -1136.0810  0.7325 
   00737    0.4400   -1119.6063  0.7213 
   00738    0.4475   -1141.7607  0.7081 
   00739    0.4100   -1152.8699  0.7133 
   00740    0.4050   -1154.2463  0.6988 
   00741    0.4450   -1166.0385  0.6950 
   00742    0.3975   -1124.1722  0.6772 
   00743    0.4100   -1161.3320  0.6811 
   00744    0.4175   -1186.1582  0.6893 
   00745    0.4025   -1150.2873  0.6706 
   00746    0.4350   -1177.3960  0.6789 
   00747    0.3950   -1172.5397  0.6885 
   00748    0.4550   -1156.1040  0.6908 
   00749    0.4050   -1108.6392  0.6924 
   00750    0.4000   -1125.8025  0.6956 
   00751    0.3925   -1143.3985  0.6861 
   00752    0.3975   -1146.2409  0.7070 
   00753    0.4025   -1151.1118  0.6881 
   00754    0.4150   -1126.6790  0.6836 
   00755    0.4100   -1165.9853  0.6921 
   00756    0.3950   -1209.4183  0.7157 
   00757    0.4425   -1191.8809  0.6975 
   00758    0.4375   -1179.2217  0.7062 
   00759    0.3950   -1189.9778  0.7136 
   00760    0.3975   -1168.0415  0.7230 
   00761    0.4225   -1149.2406  0.7177 
   00762    0.4200   -1197.8333  0.7046 
   00763    0.4350   -1161.0496  0.6861 
   00764    0.4350   -1166.5763  0.6806 
   00765    0.4100   -1171.2325  0.7054 
   00766    0.4350   -1154.5251  0.6958 
   00767    0.4175   -1153.9548  0.6882 
   00768    0.4025   -1163.9962  0.6921 
   00769    0.3925   -1198.0625  0.6924 
   00770    0.3825   -1174.5598  0.6615 
   00771    0.4400   -1188.5802  0.6676 
   00772    0.4275   -1173.9095  0.6447 
   00773    0.3950   -1186.0933  0.6381 
   00774    0.4275   -1175.8530  0.6549 
   00775    0.4325   -1180.7954  0.6579 
   00776    0.4525   -1130.4731  0.6439 
   00777    0.4300   -1147.6033  0.6410 
   00778    0.3800   -1186.4212  0.6574 
   00779    0.4175   -1189.1362  0.6383 
   00780    0.3800   -1166.9044  0.6416 
   00781    0.4475   -1167.6822  0.6396 
   00782    0.3800   -1160.9093  0.6394 
   00783    0.4375   -1144.3821  0.6449 
   00784    0.3875   -1179.8874  0.6603 
   00785    0.4300   -1193.6974  0.6904 
   00786    0.4125   -1158.4897  0.6734 
   00787    0.4500   -1140.6029  0.6553 
   00788    0.4200   -1170.0877  0.6382 
   00789    0.3975   -1188.6784  0.6530 
   00790    0.4100   -1163.7428  0.6387 
   00791    0.4475   -1172.5004  0.6349 
   00792    0.4375   -1200.7628  0.6568 
   00793    0.3875   -1195.7363  0.6494 
   00794    0.3925   -1195.1911  0.6718 
   00795    0.4075   -1204.9126  0.6883 
   00796    0.4100   -1202.8080  0.7037 
   00797    0.3850   -1181.3852  0.7116 
   00798    0.4050   -1188.5872  0.7069 
   00799    0.3850   -1210.9199  0.7209 
   00800    0.3875   -1194.7631  0.7203 
   00801    0.4100   -1201.6843  0.7047 
   00802    0.4275   -1207.4049  0.6903 
   00803    0.4225   -1181.6526  0.6999 
   00804    0.3525   -1186.7850  0.7105 
   00805    0.3900   -1173.1294  0.7015 
   00806    0.4675   -1153.6681  0.6895 
   00807    0.3800   -1170.1007  0.6886 
   00808    0.4150   -1125.7409  0.6673 
   00809    0.4550   -1153.6082  0.6638 
   00810    0.4250   -1182.6330  0.6809 
   00811    0.3875   -1195.3185  0.6924 
   00812    0.4575   -1184.6465  0.6751 
   00813    0.3600   -1188.1122  0.6739 
   00814    0.4225   -1193.0875  0.6588 
   00815    0.4150   -1204.0537  0.6670 
   00816    0.4100   -1170.7287  0.6611 
   00817    0.4125   -1185.1789  0.6693 
   00818    0.4100   -1182.5408  0.6849 
   00819    0.3850   -1204.7189  0.7086 
   00820    0.4025   -1193.5015  0.7125 
   00821    0.4025   -1191.1706  0.6981 
   00822    0.4125   -1198.1095  0.7039 
   00823    0.3775   -1176.6528  0.6907 
   00824    0.4300   -1161.5714  0.6956 
   00825    0.4225   -1173.3357  0.6975 
   00826    0.4450   -1156.2872  0.7011 
   00827    0.3725   -1160.9915  0.7110 
   00828    0.3850   -1189.9570  0.7006 
   00829    0.4075   -1212.0547  0.6961 
   00830    0.4175   -1162.2273  0.6823 
   00831    0.4125   -1137.7869  0.6791 
   00832    0.4500   -1155.9532  0.6704 
   00833    0.4275   -1138.7268  0.6555 
   00834    0.4050   -1160.8618  0.6574 
   00835    0.4400   -1133.9740  0.6589 
   00836    0.3925   -1171.3599  0.6796 
   00837    0.4250   -1119.5618  0.6770 
   00838    0.4300   -1145.0471  0.6915 
   00839    0.3975   -1159.7901  0.7002 
   00840    0.4125   -1161.5288  0.6865 
   00841    0.4550   -1127.5906  0.6640 
   00842    0.4000   -1114.0191  0.6488 
   00843    0.4025   -1113.0271  0.6568 
   00844    0.4225   -1128.9350  0.6615 
   00845    0.4475   -1144.4953  0.6688 
   00846    0.4350   -1148.6670  0.6722 
   00847    0.4550   -1157.3415  0.6650 
   00848    0.3975   -1163.2712  0.6594 
   00849    0.4125   -1207.9790  0.6957 
   00850    0.3750   -1196.5107  0.6991 
   00851    0.4100   -1155.2615  0.6893 
   00852    0.4000   -1161.2262  0.6759 
   00853    0.3700   -1155.8170  0.6761 
   00854    0.4300   -1164.1720  0.6864 
   00855    0.3925   -1167.2055  0.6867 
   00856    0.4375   -1174.9041  0.6906 
   00857    0.3875   -1170.2165  0.6889 
   00858    0.3775   -1164.0748  0.6959 
   00859    0.4625   -1158.6384  0.7108 
   00860    0.4325   -1172.2688  0.7126 
   00861    0.4350   -1159.7612  0.7029 
   00862    0.3675   -1156.2567  0.6773 
   00863    0.4575   -1114.4080  0.6653 
   00864    0.4175   -1130.8337  0.6543 
   00865    0.4375   -1132.4754  0.6546 
   00866    0.4300   -1160.1229  0.6412 
   00867    0.4400   -1141.9095  0.6254 
   00868    0.4300   -1143.9947  0.6119 
   00869    0.4275   -1172.2667  0.6304 
   00870    0.4225   -1214.5615  0.6459 
   00871    0.4175   -1207.3189  0.6335 
   00872    0.4125   -1212.1019  0.6282 
   00873    0.4100   -1233.6584  0.6591 
   00874    0.4050   -1187.8242  0.6587 
   00875    0.4250   -1204.2713  0.6745 
   00876    0.4250   -1160.1394  0.6635 
   00877    0.4425   -1150.2553  0.6622 
   00878    0.4225   -1157.9905  0.6749 
   00879    0.4050   -1196.3754  0.6621 
   00880    0.3875   -1211.9314  0.6692 
   00881    0.4225   -1202.7644  0.6480 
   00882    0.3950   -1203.9367  0.6614 
   00883    0.4075   -1179.6155  0.6711 
   00884    0.4100   -1179.8571  0.6665 
   00885    0.4300   -1195.1743  0.6983 
   00886    0.4125   -1201.1893  0.7067 
   00887    0.3750   -1188.5064  0.6812 
   00888    0.4250   -1181.1632  0.6562 
   00889    0.4000   -1168.7688  0.6376 
   00890    0.4075   -1169.3117  0.6199 
   00891    0.4050   -1124.1224  0.6152 
   00892    0.4175   -1149.9938  0.6462 
   00893    0.4200   -1142.1643  0.6542 
   00894    0.4550   -1142.9396  0.6654 
   00895    0.4600   -1119.3514  0.6459 
   00896    0.4175   -1154.5122  0.6588 
   00897    0.3800   -1110.4811  0.6596 
   00898    0.4425   -1135.0073  0.6579 
   00899    0.4000   -1121.1295  0.6628 
   00900    0.4300   -1109.0038  0.6637 
   00901    0.4525   -1089.5587  0.6632 
   00902    0.4075   -1082.6406  0.6431 
   00903    0.4000   -1079.1332  0.6437 
   00904    0.4600   -1078.9347  0.6322 
   00905    0.4250   -1092.0012  0.6167 
   00906    0.4100   -1084.3304  0.6071 
   00907    0.4650   -1125.5056  0.6175 
   00908    0.4100   -1162.1230  0.6272 
   00909    0.4675   -1185.7773  0.6590 
   00910    0.4325   -1175.8840  0.6695 
   00911    0.4475   -1140.0531  0.6410 
   00912    0.4000   -1138.2112  0.6300 
   00913    0.4375   -1160.9677  0.6469 
   00914    0.4700   -1142.1421  0.6545 
   00915    0.4425   -1137.9120  0.6444 
   00916    0.4525   -1120.1450  0.6237 
   00917    0.4475   -1134.2587  0.6240 
   00918    0.4375   -1116.5039  0.6144 
   00919    0.4225   -1134.1274  0.6028 
   00920    0.4075   -1140.7145  0.6185 
   00921    0.3600   -1124.3884  0.6091 
   00922    0.4350   -1124.2360  0.6175 
   00923    0.4050   -1136.7425  0.6270 
   00924    0.4200   -1148.6372  0.6199 
   00925    0.4475   -1138.4340  0.6049 
   00926    0.4275   -1123.2520  0.5858 
   00927    0.3800   -1154.8911  0.6135 
   00928    0.3800   -1144.3605  0.5911 
   00929    0.4050   -1155.6960  0.5987 
   00930    0.4275   -1151.4667  0.6041 
   00931    0.4650   -1160.1772  0.6126 
   00932    0.4325   -1164.9868  0.6402 
   00933    0.4100   -1163.4999  0.6351 
   00934    0.4075   -1158.4386  0.6585 
   00935    0.4125   -1154.2509  0.6631 
   00936    0.3975   -1174.4691  0.6475 
   00937    0.4425   -1190.8418  0.6550 
   00938    0.4225   -1174.3720  0.6655 
   00939    0.4075   -1142.4249  0.6595 
   00940    0.4325   -1154.4546  0.6725 
   00941    0.4300   -1150.7718  0.6702 
   00942    0.4075   -1144.5529  0.6524 
   00943    0.3875   -1115.8153  0.6449 
   00944    0.4175   -1129.5160  0.6459 
   00945    0.4075   -1159.4805  0.6302 
   00946    0.4125   -1173.3654  0.6306 
   00947    0.4150   -1169.6227  0.6339 
   00948    0.4175   -1179.5717  0.6537 
   00949    0.4025   -1194.0284  0.6675 
   00950    0.4425   -1198.5203  0.6787 
   00951    0.4050   -1187.5131  0.6749 
   00952    0.3925   -1197.0052  0.6967 
   00953    0.3925   -1166.7992  0.7085 
   00954    0.4050   -1130.2109  0.7062 
   00955    0.4175   -1139.5085  0.7191 
   00956    0.4450   -1142.0569  0.7121 
   00957    0.4000   -1145.8786  0.7334 
   00958    0.4400   -1155.6333  0.7259 
   00959    0.4575   -1164.1980  0.7229 
   00960    0.4475   -1175.4558  0.7191 
   00961    0.4000   -1141.4603  0.7020 
   00962    0.4625   -1125.5221  0.7085 
   00963    0.4475   -1146.9720  0.7348 
   00964    0.3725   -1175.4595  0.7545 
   00965    0.4075   -1172.9957  0.7388 
   00966    0.4025   -1201.9663  0.7557 
   00967    0.4075   -1201.7801  0.7524 
   00968    0.4300   -1205.7922  0.7534 
   00969    0.4050   -1189.3269  0.7487 
   00970    0.4050   -1192.8625  0.7461 
   00971    0.4475   -1193.2791  0.7520 
   00972    0.4650   -1205.7626  0.7604 
   00973    0.4375   -1209.0501  0.7690 
   00974    0.4325   -1190.7906  0.7577 
   00975    0.3625   -1197.0397  0.7651 
   00976    0.4150   -1242.0677  0.7923 
   00977    0.4600   -1219.0206  0.7745 
   00978    0.3900   -1188.0092  0.7613 
   00979    0.4400   -1191.9643  0.7606 
   00980    0.4075   -1187.4786  0.7614 
   00981    0.3850   -1181.7250  0.7420 
   00982    0.4150   -1155.0451  0.7251 
   00983    0.3775   -1164.7828  0.7212 
   00984    0.4175   -1178.2255  0.7386 
   00985    0.3900   -1180.6873  0.7423 
   00986    0.3725   -1182.1211  0.7193 
   00987    0.3900   -1160.5090  0.6910 
   00988    0.4325   -1130.8741  0.6806 
   00989    0.4175   -1182.3376  0.6971 
   00990    0.4075   -1173.8142  0.7047 
   00991    0.4075   -1169.3484  0.7147 
   00992    0.4150   -1160.4825  0.7164 
   00993    0.4150   -1133.0103  0.7076 
   00994    0.3950   -1127.4404  0.6899 
   00995    0.4275   -1125.2423  0.6903 
   00996    0.3850   -1141.7557  0.6995 
   00997    0.3750   -1133.7473  0.7023 
   00998    0.4025   -1137.5407  0.7001 
   00999    0.4000   -1145.1328  0.6977 
   01000    0.4200   -1147.4899  0.7036 
