#=====================================================
# File created:        Fri-13-Feb-2026-at-12-54-25PM
# Size of lattice:     20x20
# Number of MC steps:  1000
# Reduced temperature: 0.400
# Run time (s):        12.880831
#=====================================================
# MC step:  Ratio:     Energy:   Order:
#=====================================================
   00000    0.5000    -333.9197  0.2878 
   00001    0.7050    -551.6079  0.2941 
   00002    0.6175    -659.2203  0.3068 
   00003    0.5850    -763.2774  0.3389 
   00004    0.5625    -834.1376  0.3390 
   00005    0.5075    -901.9261  0.3534 
   00006    0.5375    -955.0081  0.3550 
   00007    0.5225   -1019.0051  0.3461 
   00008    0.5100   -1079.4661  0.3733 
   00009    0.5175   -1109.6106  0.3875 
   00010    0.5000   -1126.1199  0.3880 
   00011    0.4725   -1180.1498  0.3993 
   00012    0.4900   -1197.9815  0.4184 
   00013    0.4450   -1210.5885  0.4217 
   00014    0.4375   -1228.3513  0.4199 
   00015    0.3975   -1235.5699  0.4271 
   00016    0.4550   -1234.1398  0.4366 
   00017    0.4450   -1216.7991  0.4207 
   00018    0.4575   -1245.8793  0.4518 
   00019    0.4775   -1278.8797  0.4703 
   00020    0.4500   -1299.5061  0.4944 
   00021    0.4150   -1305.7149  0.4809 
   00022    0.4725   -1310.0460  0.4911 
   00023    0.4375   -1300.7571  0.4918 
   00024    0.4250   -1297.7996  0.4924 
   00025    0.4475   -1316.6362  0.4954 
   00026    0.4400   -1311.2938  0.4903 
   00027    0.4775   -1316.6512  0.5046 
   00028    0.4800   -1316.9857  0.5154 
   00029    0.4825   -1314.7413  0.5258 
   00030    0.4375   -1321.0031  0.5408 
   00031    0.4300   -1305.8012  0.5582 
   00032    0.3825   -1299.6250  0.5634 
   00033    0.4575   -1310.6067  0.5686 
   00034    0.4625   -1320.4080  0.5625 
   00035    0.4250   -1321.9700  0.5630 
   00036    0.4600   -1331.4413  0.5615 
   00037    0.4625   -1323.7805  0.5636 
   00038    0.4350   -1323.8925  0.5641 
   00039    0.4425   -1318.3809  0.5656 
   00040    0.4850   -1329.1517  0.5660 
   00041    0.4775   -1318.5525  0.5516 
   00042    0.4475   -1331.9766  0.5508 
   00043    0.4725   -1320.7654  0.5527 
   00044    0.4475   -1326.7774  0.5681 
   00045    0.4550   -1342.0063  0.5639 
   00046    0.4475   -1339.4368  0.5641 
   00047    0.4675   -1342.0284  0.5597 
   00048    0.4500   -1334.1744  0.5628 
   00049    0.4800   -1326.2161  0.5658 
   00050    0.4650   -1326.9982  0.5681 
   00051    0.4475   -1339.5739  0.5737 
   00052    0.4125   -1332.3117  0.5693 
   00053    0.4775   -1336.5121  0.5518 
   00054    0.4225   -1336.8400  0.5656 
   00055    0.4400   -1345.8028  0.5699 
   00056    0.4300   -1355.6508  0.5852 
   00057    0.4250   -1363.4087  0.6067 
   00058    0.4275   -1367.5000  0.6056 
   00059    0.3850   -1363.8313  0.6104 
   00060    0.4750   -1364.6752  0.6140 
   00061    0.4425   -1358.9712  0.5963 
   00062    0.4825   -1354.2706  0.5936 
   00063    0.4250   -1359.4366  0.6000 
   00064    0.4500   -1342.5677  0.5878 
   00065    0.4625   -1344.4303  0.6015 
   00066    0.4050   -1328.0844  0.5945 
   00067    0.4700   -1326.0752  0.6014 
   00068    0.4500   -1324.5516  0.6084 
   00069    0.4550   -1341.1231  0.6033 
   00070    0.4375   -1342.1357  0.6139 
   00071    0.4400   -1337.3787  0.5976 
   00072    0.4375   -1339.1293  0.6098 
   00073    0.4350   -1355.7492  0.6184 
   00074    0.4500   -1361.9323  0.6320 
   00075    0.4500   -1360.8695  0.6204 
   00076    0.4450   -1365.3395  0.6239 
   00077    0.4500   -1368.8099  0.6257 
   00078    0.4375   -1368.5736  0.6238 
   00079    0.4625   -1374.0756  0.6191 
   00080    0.4500   -1378.6213  0.6122 
   00081    0.4450   -1378.0300  0.6109 
   00082    0.4200   -1385.1141  0.6024 
   00083    0.4500   -1382.7614  0.6060 
   00084    0.4375   -1366.3751  0.6118 
   00085    0.3750   -1369.9991  0.6162 
   00086    0.4550   -1379.4285  0.6264 
   00087    0.4400   -1380.4344  0.6521 
   00088    0.4200   -1370.0935  0.6532 
   00089    0.4000   -1392.2675  0.6539 
   00090    0.4225   -1377.8410  0.6678 
   00091    0.4350   -1383.3965  0.6625 
   00092    0.4200   -1379.8318  0.6609 
   00093    0.4625   -1378.8502  0.6644 
   00094    0.4450   -1394.9806  0.6730 
   00095    0.4150   -1399.6054  0.6772 
   00096    0.4600   -1382.9619  0.6848 
   00097    0.4200   -1377.7731  0.6851 
   00098    0.4250   -1364.1605  0.6803 
   00099    0.4050   -1368.3610  0.6781 
   00100    0.4025   -1379.4091  0.6786 
   00101    0.4375   -1395.6992  0.6812 
   00102    0.3900   -1390.1913  0.6760 
   00103    0.4400   -1409.9332  0.6870 
   00104    0.3975   -1394.6841  0.6875 
   00105    0.4425   -1409.0066  0.6851 
   00106    0.4200   -1396.6453  0.6792 
   00107    0.4100   -1400.6689  0.6756 
   00108    0.4075   -1411.5334  0.6847 
   00109    0.4300   -1400.4725  0.6849 
   00110    0.4175   -1387.0462  0.6813 
   00111    0.4150   -1377.3821  0.6824 
   00112    0.4700   -1386.9252  0.6780 
   00113    0.3975   -1400.8905  0.6820 
   00114    0.4350   -1402.6246  0.6764 
   00115    0.4225   -1404.3932  0.6788 
   00116    0.4575   -1404.8806  0.6834 
   00117    0.4550   -1395.1607  0.6915 
   00118    0.4475   -1394.8363  0.6807 
   00119    0.3725   -1397.5926  0.6682 
   00120    0.4150   -1391.3852  0.6698 
   00121    0.4375   -1393.2579  0.6679 
   00122    0.3800   -1399.3814  0.6694 
   00123    0.4350   -1399.3085  0.6766 
   00124    0.4425   -1411.2871  0.6793 
   00125    0.4200   -1418.6883  0.6808 
   00126    0.4150   -1410.1369  0.6758 
   00127    0.4375   -1404.1452  0.6689 
   00128    0.4175   -1408.2732  0.6673 
   00129    0.4100   -1405.7604  0.6619 
   00130    0.4500   -1387.4205  0.6571 
   00131    0.4525   -1385.6843  0.6503 
   00132    0.3475   -1398.8374  0.6532 
   00133    0.4275   -1396.1597  0.6572 
   00134    0.4150   -1380.8013  0.6602 
   00135    0.4800   -1371.8409  0.6569 
   00136    0.4225   -1369.2478  0.6603 
   00137    0.4700   -1388.8716  0.6677 
   00138    0.3950   -1380.9370  0.6551 
   00139    0.4325   -1377.3570  0.6731 
   00140    0.4175   -1392.8222  0.6828 
   00141    0.3925   -1391.3131  0.6892 
   00142    0.3750   -1383.5364  0.6823 
   00143    0.4450   -1384.0270  0.6723 
   00144    0.3975   -1380.8221  0.6634 
   00145    0.4550   -1364.8583  0.6759 
   00146    0.4075   -1366.0651  0.6778 
   00147    0.4475   -1383.5499  0.6911 
   00148    0.4275   -1394.2242  0.7006 
   00149    0.4400   -1390.2024  0.6978 
   00150    0.4325   -1385.2827  0.6968 
   00151    0.4325   -1397.7592  0.6875 
   00152    0.4075   -1395.5236  0.6751 
   00153    0.4225   -1385.8233  0.6740 
   00154    0.4550   -1400.0223  0.6779 
   00155    0.4275   -1398.1420  0.6853 
   00156    0.4125   -1387.1638  0.6817 
   00157    0.4100   -1403.0788  0.6899 
   00158    0.4525   -1397.4536  0.7005 
   00159    0.4025   -1395.0459  0.7004 
   00160    0.4325   -1404.9388  0.7154 
   00161    0.4400   -1405.1903  0.7215 
   00162    0.4025   -1400.6700  0.7154 
   00163    0.4350   -1401.0772  0.7117 
   00164    0.4225   -1396.0501  0.6998 
   00165    0.4525   -1383.6356  0.6970 
   00166    0.4150   -1383.0021  0.7053 
   00167    0.4300   -1390.4066  0.7191 
   00168    0.4225   -1396.8042  0.7093 
   00169    0.4425   -1403.1919  0.7195 
   00170    0.4325   -1409.9207  0.7184 
   00171    0.4225   -1399.0294  0.7283 
   00172    0.3950   -1394.6968  0.7345 
   00173    0.4075   -1387.5317  0.7326 
   00174    0.3875   -1388.4084  0.7440 
   00175    0.4200   -1396.8499  0.7472 
   00176    0.4375   -1396.6970  0.7471 
   00177    0.4425   -1388.6503  0.7493 
   00178    0.4375   -1387.8110  0.7472 
   00179    0.4400   -1391.8395  0.7543 
   00180    0.4475   -1403.3265  0.7636 
   00181    0.4325   -1399.9500  0.7651 
   00182    0.4525   -1388.6592  0.7591 
   00183    0.4450   -1394.7248  0.7633 
   00184    0.4350   -1398.9546  0.7636 
   00185    0.4175   -1405.8346  0.7737 
   00186    0.4350   -1408.5735  0.7764 
   00187    0.4350   -1394.6790  0.7741 
   00188    0.4625   -1421.2843  0.7890 
   00189    0.4525   -1399.4410  0.7846 
   00190    0.4225   -1393.0036  0.7752 
   00191    0.4150   -1397.5744  0.7743 
   00192    0.4325   -1398.2071  0.7809 
   00193    0.3900   -1405.2107  0.7681 
   00194    0.4475   -1394.0840  0.7570 
   00195    0.4550   -1387.3309  0.7540 
   00196    0.4600   -1384.5718  0.7560 
   00197    0.4225   -1381.5798  0.7561 
   00198    0.4375   -1379.4465  0.7561 
   00199    0.4400   -1385.8434  0.7531 
   00200    0.4125   -1384.3587  0.7576 
   00201    0.4450   -1389.4893  0.7766 
   00202    0.4525   -1402.4906  0.7884 
   00203    0.3900   -1411.0795  0.7858 
   00204    0.4250   -1416.3548  0.8007 
   00205    0.4250   -1420.3670  0.8006 
   00206    0.4225   -1421.6916  0.8040 
   00207    0.4275   -1448.8091  0.8141 
   00208    0.4025   -1465.5053  0.8220 
   00209    0.3950   -1459.8481  0.8202 
   00210    0.4150   -1443.7749  0.8215 
   00211    0.4150   -1439.0645  0.8251 
   00212    0.3850   -1443.8783  0.8291 
   00213    0.4125   -1438.9276  0.8290 
   00214    0.4200   -1430.7500  0.8247 
   00215    0.4575   -1431.2323  0.8289 
   00216    0.4200   -1426.9108  0.8225 
   00217    0.4050   -1416.9992  0.8134 
   00218    0.4225   -1406.0834  0.8019 
   00219    0.4275   -1405.0777  0.8022 
   00220    0.4575   -1406.7956  0.8022 
   00221    0.3800   -1423.0533  0.8201 
   00222    0.4225   -1425.4480  0.8197 
   00223    0.4175   -1429.9858  0.8095 
   00224    0.4450   -1425.7965  0.8029 
   00225    0.4200   -1424.6823  0.7987 
   00226    0.4100   -1419.8559  0.7970 
   00227    0.4225   -1409.2643  0.7932 
   00228    0.4650   -1403.6468  0.7980 
   00229    0.4500   -1426.9456  0.7995 
   00230    0.4350   -1428.2172  0.7877 
   00231    0.4250   -1418.5542  0.7773 
   00232    0.4175   -1415.0918  0.7783 
   00233    0.4300   -1410.7512  0.7869 
   00234    0.4050   -1419.7261  0.7938 
   00235    0.4550   -1431.0330  0.7954 
   00236    0.3950   -1425.6426  0.7918 
   00237    0.4250   -1419.7660  0.7919 
   00238    0.4400   -1415.1281  0.7936 
   00239    0.4275   -1419.8027  0.7977 
   00240    0.3900   -1417.7601  0.8077 
   00241    0.3925   -1432.4423  0.8014 
   00242    0.4650   -1427.6913  0.8008 
   00243    0.4050   -1409.2229  0.8006 
   00244    0.4225   -1415.7548  0.8118 
   00245    0.4975   -1409.3540  0.8086 
   00246    0.4425   -1429.4616  0.8158 
   00247    0.4100   -1420.2640  0.8227 
   00248    0.4550   -1404.1850  0.8122 
   00249    0.4100   -1414.9352  0.8201 
   00250    0.4325   -1419.2252  0.8167 
   00251    0.4175   -1415.3889  0.8169 
   00252    0.3875   -1412.9491  0.8222 
   00253    0.4075   -1416.9542  0.8190 
   00254    0.3825   -1426.0572  0.8289 
   00255    0.4550   -1428.0660  0.8257 
   00256    0.4025   -1427.1715  0.8124 
   00257    0.4625   -1429.7426  0.8164 
   00258    0.3925   -1412.2586  0.8156 
   00259    0.3900   -1438.3424  0.8246 
   00260    0.3750   -1448.0906  0.8204 
   00261    0.4125   -1449.2553  0.8221 
   00262    0.4275   -1436.9022  0.8196 
   00263    0.4225   -1437.5374  0.8158 
   00264    0.3825   -1428.7597  0.8103 
   00265    0.4275   -1425.6810  0.8140 
   00266    0.3975   -1415.0025  0.8105 
   00267    0.4375   -1432.3977  0.8191 
   00268    0.4075   -1426.1993  0.8225 
   00269    0.4600   -1409.0681  0.8152 
   00270    0.4400   -1420.1026  0.8147 
   00271    0.4850   -1415.4641  0.8181 
   00272    0.4275   -1428.5461  0.8190 
   00273    0.4325   -1423.2228  0.8233 
   00274    0.4175   -1425.1772  0.8239 
   00275    0.4175   -1415.2897  0.8226 
   00276    0.4125   -1428.3067  0.8281 
   00277    0.4425   -1425.3837  0.8308 
   00278    0.3975   -1418.1720  0.8239 
   00279    0.4225   -1422.1038  0.8249 
   00280    0.4125   -1431.3158  0.8261 
   00281    0.4450   -1430.8172  0.8297 
   00282    0.4200   -1425.7300  0.8179 
   00283    0.3800   -1425.3945  0.8178 
   00284    0.4350   -1431.1596  0.8260 
   00285    0.4275   -1428.5547  0.8209 
   00286    0.4075   -1425.3654  0.8218 
   00287    0.4300   -1426.3493  0.8286 
   00288    0.4500   -1418.5231  0.8314 
   00289    0.4200   -1412.2102  0.8379 
   00290    0.4600   -1418.2442  0.8323 
   00291    0.4200   -1425.1283  0.8437 
   00292    0.4550   -1418.7665  0.8406 
   00293    0.4575   -1408.7784  0.8364 
   00294    0.4350   -1413.4463  0.8404 
   00295    0.4050   -1406.9186  0.8414 
   00296    0.4525   -1398.1137  0.8408 
   00297    0.3975   -1411.7963  0.8458 
   00298    0.4400   -1410.9394  0.8519 
   00299    0.4250   -1406.7791  0.8522 
   00300    0.4275   -1417.0729  0.8585 
   00301    0.3875   -1404.0477  0.8484 
   00302    0.4850   -1420.9257  0.8536 
   00303    0.4075   -1432.8955  0.8481 
   00304    0.4075   -1428.6275  0.8566 
   00305    0.4475   -1438.4961  0.8652 
   00306    0.4075   -1429.4346  0.8669 
   00307    0.3875   -1437.0153  0.8699 
   00308    0.4475   -1428.4595  0.8608 
   00309    0.4650   -1430.4916  0.8577 
   00310    0.4100   -1428.7678  0.8607 
   00311    0.4000   -1421.2241  0.8623 
   00312    0.4375   -1398.5207  0.8538 
   00313    0.4425   -1402.4067  0.8508 
   00314    0.4450   -1421.0436  0.8549 
   00315    0.4300   -1422.3954  0.8570 
   00316    0.4250   -1423.3476  0.8538 
   00317    0.4425   -1410.2715  0.8470 
   00318    0.4200   -1412.3980  0.8452 
   00319    0.4300   -1414.1085  0.8530 
   00320    0.4500   -1409.9496  0.8452 
   00321    0.4250   -1401.4756  0.8453 
   00322    0.4350   -1405.3610  0.8494 
   00323    0.4300   -1409.4811  0.8529 
   00324    0.4175   -1415.8084  0.8584 
   00325    0.4125   -1413.8246  0.8588 
   00326    0.3775   -1424.0426  0.8603 
   00327    0.3900   -1430.4398  0.8584 
   00328    0.4250   -1431.4186  0.8481 
   00329    0.4150   -1420.3908  0.8341 
   00330    0.4125   -1420.5001  0.8413 
   00331    0.4500   -1433.0187  0.8497 
   00332    0.4100   -1443.8695  0.8550 
   00333    0.4275   -1431.4364  0.8541 
   00334    0.4325   -1433.0444  0.8602 
   00335    0.4475   -1428.3941  0.8516 
   00336    0.4175   -1421.3290  0.8455 
   00337    0.4750   -1429.6507  0.8470 
   00338    0.4275   -1410.5026  0.8395 
   00339    0.4250   -1412.8688  0.8370 
   00340    0.3875   -1410.7286  0.8372 
   00341    0.4250   -1413.7326  0.8415 
   00342    0.4450   -1423.7653  0.8443 
   00343    0.4600   -1415.5495  0.8414 
   00344    0.4250   -1408.2793  0.8408 
   00345    0.4225   -1419.3380  0.8476 
   00346    0.4250   -1413.9787  0.8610 
   00347    0.4525   -1416.1297  0.8596 
   00348    0.4500   -1417.0257  0.8678 
   00349    0.3975   -1431.5583  0.8697 
   00350    0.4225   -1437.6820  0.8719 
   00351    0.4400   -1439.6309  0.8745 
   00352    0.4175   -1433.1743  0.8789 
   00353    0.3825   -1426.0871  0.8837 
   00354    0.4175   -1423.3144  0.8716 
   00355    0.4350   -1417.3488  0.8661 
   00356    0.4400   -1419.1393  0.8657 
   00357    0.3950   -1417.0986  0.8622 
   00358    0.4425   -1409.3604  0.8558 
   00359    0.4475   -1413.7488  0.8599 
   00360    0.4150   -1418.5871  0.8637 
   00361    0.4375   -1414.8556  0.8669 
   00362    0.4225   -1425.2977  0.8654 
   00363    0.4025   -1423.3179  0.8658 
   00364    0.4525   -1429.1271  0.8641 
   00365    0.4200   -1425.5682  0.8535 
   00366    0.4525   -1417.9643  0.8642 
   00367    0.4275   -1412.5866  0.8691 
   00368    0.4000   -1414.1674  0.8669 
   00369    0.4175   -1421.8800  0.8703 
   00370    0.4000   -1420.6030  0.8728 
   00371    0.4050   -1404.9108  0.8599 
   00372    0.4325   -1395.8336  0.8606 
   00373    0.4100   -1393.6752  0.8632 
   00374    0.4500   -1408.7155  0.8632 
   00375    0.4550   -1388.1896  0.8645 
   00376    0.4300   -1390.6369  0.8600 
   00377    0.4400   -1392.4295  0.8666 
   00378    0.4150   -1389.5764  0.8559 
   00379    0.4675   -1400.0510  0.8700 
   00380    0.4275   -1410.6841  0.8770 
   00381    0.3975   -1421.1209  0.8707 
   00382    0.4775   -1423.5498  0.8720 
   00383    0.4675   -1424.8898  0.8773 
   00384    0.4150   -1438.0300  0.8860 
   00385    0.4125   -1438.0206  0.8916 
   00386    0.4050   -1424.8065  0.8856 
   00387    0.4000   -1441.1591  0.8885 
   00388    0.4050   -1442.8388  0.8930 
   00389    0.4175   -1439.1307  0.8929 
   00390    0.4200   -1442.0517  0.8967 
   00391    0.4275   -1433.9350  0.8868 
   00392    0.4325   -1427.1820  0.8888 
   00393    0.4175   -1439.2010  0.9018 
   00394    0.4350   -1439.8111  0.9030 
   00395    0.4200   -1434.8372  0.8937 
   00396    0.4025   -1432.4434  0.8954 
   00397    0.4200   -1438.0874  0.8979 
   00398    0.3875   -1430.5397  0.8911 
   00399    0.4250   -1443.9394  0.8914 
   00400    0.4900   -1424.9998  0.8910 
   00401    0.4200   -1434.6033  0.8923 
   00402    0.4350   -1430.5458  0.8908 
   00403    0.4200   -1429.5182  0.8912 
   00404    0.4200   -1434.7297  0.8968 
   00405    0.4225   -1441.1115  0.8911 
   00406    0.4050   -1431.6192  0.8869 
   00407    0.4425   -1424.2831  0.8850 
   00408    0.3975   -1428.9893  0.8887 
   00409    0.4550   -1443.2664  0.9012 
   00410    0.4175   -1440.9859  0.8994 
   00411    0.4150   -1430.4180  0.8916 
   00412    0.3925   -1430.8016  0.8933 
   00413    0.4125   -1435.7133  0.8858 
   00414    0.4400   -1421.7256  0.8821 
   00415    0.4100   -1406.1330  0.8781 
   00416    0.4025   -1417.4590  0.8930 
   00417    0.4000   -1424.8652  0.8907 
   00418    0.3725   -1425.4319  0.8929 
   00419    0.4200   -1418.1898  0.8878 
   00420    0.4100   -1420.5056  0.8900 
   00421    0.3625   -1423.7692  0.8869 
   00422    0.3875   -1420.0816  0.8825 
   00423    0.4100   -1427.4447  0.8808 
   00424    0.4225   -1439.3666  0.8840 
   00425    0.3925   -1429.1300  0.8771 
   00426    0.3925   -1434.6820  0.8746 
   00427    0.3975   -1434.2340  0.8771 
   00428    0.3875   -1444.8415  0.8755 
   00429    0.4525   -1433.1039  0.8750 
   00430    0.4425   -1441.9488  0.8716 
   00431    0.4125   -1439.2426  0.8686 
   00432    0.4775   -1433.6628  0.8685 
   00433    0.4025   -1443.0269  0.8656 
   00434    0.3925   -1446.4174  0.8702 
   00435    0.4400   -1424.4857  0.8568 
   00436    0.3700   -1431.1512  0.8499 
   00437    0.4425   -1420.4889  0.8358 
   00438    0.3625   -1426.5774  0.8359 
   00439    0.4100   -1423.1214  0.8377 
   00440    0.4125   -1425.1823  0.8418 
   00441    0.3875   -1429.5697  0.8385 
   00442    0.4050   -1434.2658  0.8417 
   00443    0.4325   -1438.9511  0.8372 
   00444    0.4075   -1437.8624  0.8464 
   00445    0.3975   -1439.7469  0.8479 
   00446    0.4325   -1429.0157  0.8514 
   00447    0.4400   -1423.0472  0.8453 
   00448    0.3450   -1432.4270  0.8453 
   00449    0.3875   -1421.9838  0.8461 
   00450    0.4250   -1433.9227  0.8565 
   00451    0.4350   -1443.1846  0.8579 
   00452    0.4150   -1442.6764  0.8577 
   00453    0.4000   -1435.1567  0.8575 
   00454    0.3825   -1429.1249  0.8621 
   00455    0.4050   -1440.1912  0.8625 
   00456    0.4000   -1427.3355  0.8586 
   00457    0.4475   -1415.7894  0.8601 
   00458    0.4425   -1423.9313  0.8609 
   00459    0.4600   -1417.5895  0.8609 
   00460    0.4725   -1419.8538  0.8581 
   00461    0.3925   -1422.7317  0.8612 
   00462    0.4675   -1411.4635  0.8602 
   00463    0.4250   -1425.9556  0.8660 
   00464    0.4200   -1422.5731  0.8704 
   00465    0.4175   -1432.5945  0.8754 
   00466    0.3925   -1437.3963  0.8808 
   00467    0.4075   -1434.7678  0.8826 
   00468    0.4000   -1436.1331  0.8844 
   00469    0.4350   -1434.9575  0.8733 
   00470    0.4400   -1437.5215  0.8726 
   00471    0.4175   -1434.3229  0.8758 
   00472    0.4075   -1433.7535  0.8656 
   00473    0.4150   -1431.2121  0.8624 
   00474    0.4350   -1422.4621  0.8567 
   00475    0.4225   -1410.4231  0.8529 
   00476    0.4225   -1415.7064  0.8678 
   00477    0.4100   -1417.0411  0.8606 
   00478    0.3875   -1420.9736  0.8616 
   00479    0.4475   -1419.5976  0.8647 
   00480    0.4400   -1409.2954  0.8712 
   00481    0.4400   -1412.8532  0.8639 
   00482    0.4500   -1416.9730  0.8763 
   00483    0.4425   -1407.7783  0.8745 
   00484    0.4925   -1396.9811  0.8737 
   00485    0.4275   -1434.1129  0.8858 
   00486    0.4275   -1436.3927  0.8867 
   00487    0.3950   -1443.3448  0.8909 
   00488    0.4125   -1433.6282  0.8878 
   00489    0.4075   -1426.2870  0.8855 
   00490    0.4125   -1432.5273  0.8851 
   00491    0.4075   -1421.6089  0.8914 
   00492    0.4275   -1427.3632  0.8965 
   00493    0.4225   -1434.2651  0.8983 
   00494    0.4075   -1439.2460  0.9024 
   00495    0.4400   -1440.3905  0.9011 
   00496    0.4325   -1436.7330  0.9014 
   00497    0.4350   -1440.0113  0.9086 
   00498    0.4225   -1440.2693  0.9066 
   00499    0.4100   -1443.6681  0.9050 
   00500    0.4275   -1442.7844  0.9038 
   00501    0.4575   -1449.4400  0.9073 
   00502    0.4025   -1448.0604  0.9064 
   00503    0.4025   -1452.6102  0.9093 
   00504    0.3800   -1450.7841  0.9122 
   00505    0.4600   -1422.0602  0.9042 
   00506    0.4450   -1430.2023  0.9015 
   00507    0.4225   -1445.4032  0.9043 
   00508    0.4250   -1444.6348  0.9068 
   00509    0.4075   -1435.2103  0.9073 
   00510    0.4250   -1436.4996  0.9108 
   00511    0.4375   -1424.6830  0.9048 
   00512    0.4450   -1431.3377  0.8998 
   00513    0.3850   -1424.6127  0.8916 
   00514    0.4300   -1429.3547  0.8917 
   00515    0.4425   -1427.8030  0.8847 
   00516    0.4200   -1445.0240  0.8864 
   00517    0.4500   -1421.7088  0.8725 
   00518    0.4250   -1410.5384  0.8721 
   00519    0.3975   -1428.2946  0.8800 
   00520    0.3975   -1437.0113  0.8809 
   00521    0.4100   -1424.3402  0.8683 
   00522    0.4275   -1414.6068  0.8658 
   00523    0.4450   -1415.6818  0.8675 
   00524    0.4475   -1411.0046  0.8609 
   00525    0.4425   -1415.9595  0.8664 
   00526    0.4450   -1438.1314  0.8747 
   00527    0.4200   -1422.2461  0.8677 
   00528    0.4325   -1408.8936  0.8681 
   00529    0.4100   -1406.7227  0.8640 
   00530    0.4175   -1417.7210  0.8713 
   00531    0.4725   -1420.5201  0.8721 
   00532    0.3900   -1402.7163  0.8613 
   00533    0.4375   -1411.9986  0.8659 
   00534    0.4350   -1417.1282  0.8781 
   00535    0.4325   -1418.3767  0.8790 
   00536    0.4350   -1426.1343  0.8790 
   00537    0.3775   -1418.9494  0.8786 
   00538    0.3950   -1425.4054  0.8746 
   00539    0.4050   -1423.2810  0.8770 
   00540    0.4150   -1422.6081  0.8754 
   00541    0.4500   -1423.7809  0.8667 
   00542    0.3925   -1421.4665  0.8631 
   00543    0.4850   -1402.9395  0.8530 
   00544    0.4500   -1413.8225  0.8662 
   00545    0.4675   -1426.0091  0.8621 
   00546    0.4100   -1432.5461  0.8735 
   00547    0.3975   -1438.7270  0.8698 
   00548    0.4275   -1433.0355  0.8596 
   00549    0.4000   -1433.0781  0.8624 
   00550    0.4275   -1442.0828  0.8689 
   00551    0.4550   -1446.6899  0.8764 
   00552    0.3800   -1441.5960  0.8788 
   00553    0.4375   -1441.1567  0.8792 
   00554    0.4275   -1440.8939  0.8714 
   00555    0.4325   -1438.2480  0.8795 
   00556    0.4075   -1437.7646  0.8819 
   00557    0.4250   -1448.4176  0.8765 
   00558    0.4000   -1443.5155  0.8703 
   00559    0.3950   -1438.3170  0.8671 
   00560    0.3650   -1424.0804  0.8669 
   00561    0.4100   -1422.5341  0.8715 
   00562    0.4100   -1437.4937  0.8774 
   00563    0.4300   -1434.6523  0.8812 
   00564    0.4300   -1437.7217  0.8834 
   00565    0.4300   -1430.5774  0.8805 
   00566    0.4175   -1441.5628  0.8813 
   00567    0.4100   -1445.6215  0.8691 
   00568    0.3550   -1443.1137  0.8649 
   00569    0.4200   -1429.8473  0.8767 
   00570    0.4325   -1431.6180  0.8843 
   00571    0.4425   -1440.6013  0.8862 
   00572    0.4575   -1441.8403  0.8828 
   00573    0.4075   -1443.7522  0.8895 
   00574    0.4150   -1445.5814  0.8929 
   00575    0.4250   -1446.8605  0.8915 
   00576    0.4350   -1444.1417  0.8904 
   00577    0.4500   -1443.3904  0.8903 
   00578    0.4150   -1442.9262  0.8917 
   00579    0.4175   -1451.5681  0.8926 
   00580    0.4000   -1444.1700  0.8888 
   00581    0.4200   -1440.8474  0.8848 
   00582    0.4100   -1434.3909  0.8791 
   00583    0.3975   -1410.2647  0.8690 
   00584    0.4150   -1407.1517  0.8668 
   00585    0.4225   -1414.7811  0.8666 
   00586    0.4600   -1412.1807  0.8674 
   00587    0.4125   -1410.4604  0.8678 
   00588    0.4075   -1409.7534  0.8671 
   00589    0.4400   -1406.4456  0.8672 
   00590    0.3500   -1407.5775  0.8676 
   00591    0.4025   -1410.5527  0.8722 
   00592    0.4250   -1421.4134  0.8759 
   00593    0.4175   -1411.2749  0.8777 
   00594    0.4325   -1419.5506  0.8806 
   00595    0.4700   -1410.3333  0.8825 
   00596    0.3950   -1406.7491  0.8766 
   00597    0.4225   -1414.8598  0.8739 
   00598    0.4100   -1410.4785  0.8830 
   00599    0.4650   -1420.1859  0.8772 
   00600    0.4100   -1414.7283  0.8708 
   00601    0.3775   -1420.4787  0.8719 
   00602    0.4325   -1412.3713  0.8703 
   00603    0.4400   -1412.0779  0.8726 
   00604    0.3925   -1404.9054  0.8780 
   00605    0.4150   -1415.0323  0.8769 
   00606    0.4625   -1400.2711  0.8708 
   00607    0.3750   -1424.1553  0.8788 
   00608    0.4325   -1426.9031  0.8797 
   00609    0.4025   -1427.3346  0.8785 
   00610    0.3700   -1426.9459  0.8829 
   00611    0.4425   -1417.3330  0.8761 
   00612    0.4250   -1417.5123  0.8783 
   00613    0.4425   -1427.5528  0.8893 
   00614    0.3775   -1413.7189  0.8810 
   00615    0.4275   -1414.5234  0.8890 
   00616    0.4125   -1431.6344  0.8952 
   00617    0.3800   -1430.8867  0.8996 
   00618    0.4600   -1430.4449  0.9032 
   00619    0.4325   -1435.0015  0.9049 
   00620    0.4450   -1445.5941  0.9141 
   00621    0.4175   -1450.2812  0.9153 
   00622    0.3750   -1450.0228  0.9121 
   00623    0.4175   -1446.7676  0.9119 
   00624    0.4550   -1455.5863  0.9131 
   00625    0.4225   -1444.5785  0.9089 
   00626    0.4525   -1435.3865  0.9070 
   00627    0.4325   -1431.6716  0.9066 
   00628    0.3750   -1439.6114  0.9121 
   00629    0.3950   -1434.9716  0.9124 
   00630    0.3725   -1441.9991  0.9209 
   00631    0.4150   -1453.0576  0.9242 
   00632    0.4625   -1447.0934  0.9240 
   00633    0.4075   -1451.4286  0.9242 
   00634    0.4150   -1450.8163  0.9248 
   00635    0.4200   -1440.6842  0.9237 
   00636    0.4100   -1427.5891  0.9205 
   00637    0.4350   -1432.2039  0.9200 
   00638    0.3975   -1425.6257  0.9232 
   00639    0.4425   -1431.3364  0.9251 
   00640    0.4300   -1434.6203  0.9262 
   00641    0.4075   -1439.4272  0.9252 
   00642    0.4725   -1434.9686  0.9224 
   00643    0.4325   -1437.0252  0.9257 
   00644    0.4675   -1441.2235  0.9247 
   00645    0.4250   -1437.7588  0.9240 
   00646    0.4050   -1444.4477  0.9256 
   00647    0.3900   -1447.2313  0.9255 
   00648    0.3875   -1436.7826  0.9169 
   00649    0.4000   -1437.3131  0.9175 
   00650    0.4425   -1423.2191  0.9077 
   00651    0.4125   -1422.4686  0.9088 
   00652    0.4350   -1432.8510  0.9092 
   00653    0.4075   -1432.4540  0.9142 
   00654    0.4275   -1424.8904  0.9090 
   00655    0.3950   -1434.5339  0.9120 
   00656    0.4275   -1433.8406  0.9073 
   00657    0.4350   -1433.1911  0.9091 
   00658    0.4125   -1425.1495  0.9031 
   00659    0.4250   -1415.8719  0.9051 
   00660    0.4300   -1422.4533  0.9020 
   00661    0.4025   -1433.4875  0.9029 
   00662    0.3950   -1423.7534  0.9054 
   00663    0.4625   -1439.1590  0.9056 
   00664    0.4050   -1437.3929  0.9026 
   00665    0.4200   -1427.4592  0.9012 
   00666    0.4125   -1418.7724  0.8993 
   00667    0.4350   -1427.1437  0.8985 
   00668    0.4325   -1436.8626  0.9072 
   00669    0.3925   -1432.5758  0.9038 
   00670    0.4575   -1428.3240  0.9072 
   00671    0.3750   -1434.5013  0.9088 
   00672    0.4125   -1413.4681  0.9007 
   00673    0.4325   -1412.3400  0.8974 
   00674    0.4125   -1419.2124  0.9000 
   00675    0.4125   -1440.1209  0.9054 
   00676    0.4475   -1434.4266  0.9016 
   00677    0.4100   -1438.8439  0.9002 
   00678    0.4450   -1440.7492  0.8890 
   00679    0.4225   -1442.1116  0.8955 
   00680    0.4500   -1424.2605  0.8895 
   00681    0.4375   -1421.5908  0.8942 
   00682    0.4275   -1408.9988  0.8915 
   00683    0.4575   -1414.6571  0.8866 
   00684    0.4425   -1413.2847  0.8835 
   00685    0.4575   -1407.8342  0.8810 
   00686    0.4150   -1416.5476  0.8860 
   00687    0.4100   -1417.0549  0.8857 
   00688    0.4050   -1434.5463  0.8929 
   00689    0.4000   -1427.8860  0.8930 
   00690    0.4350   -1414.6870  0.8895 
   00691    0.4350   -1418.2322  0.8909 
   00692    0.4800   -1441.7431  0.9027 
   00693    0.3900   -1429.9876  0.9087 
   00694    0.4000   -1417.7242  0.8993 
   00695    0.4425   -1426.4354  0.8973 
   00696    0.4375   -1444.1214  0.9024 
   00697    0.4025   -1434.1275  0.8991 
   00698    0.4475   -1428.5823  0.9075 
   00699    0.4050   -1438.1000  0.9045 
   00700    0.4375   -1440.8897  0.9097 
   00701    0.4275   -1447.1003  0.9109 
   00702    0.3875   -1434.8386  0.8992 
   00703    0.4575   -1450.3437  0.9045 
   00704    0.3950   -1457.0071  0.9056 
   00705    0.4350   -1452.8009  0.9013 
   00706    0.4075   -1445.1010  0.9010 
   00707    0.4125   -1430.3592  0.8877 
   00708    0.4250   -1436.4391  0.8908 
   00709    0.4550   -1436.2633  0.8872 
   00710    0.4000   -1434.5366  0.8901 
   00711    0.4150   -1432.1325  0.8933 
   00712    0.4725   -1424.0672  0.8971 
   00713    0.4675   -1438.5722  0.9018 
   00714    0.4375   -1419.6380  0.8861 
   00715    0.4425   -1424.9727  0.8921 
   00716    0.3925   -1430.4513  0.8952 
   00717    0.4250   -1441.9877  0.9018 
   00718    0.4075   -1428.1980  0.8945 
   00719    0.4500   -1430.1849  0.8884 
   00720    0.4000   -1421.3046  0.8899 
   00721    0.4250   -1423.0311  0.8896 
   00722    0.4400   -1429.2107  0.8964 
   00723    0.3900   -1427.1784  0.9023 
   00724    0.4350   -1442.3357  0.9140 
   00725    0.4100   -1441.3025  0.9131 
   00726    0.3975   -1446.7803  0.9146 
   00727    0.4350   -1442.3036  0.9106 
   00728    0.4150   -1444.0884  0.9155 
   00729    0.3850   -1431.4491  0.9095 
   00730    0.4225   -1433.3887  0.9102 
   00731    0.4150   -1424.5231  0.9043 
   00732    0.4100   -1434.1436  0.9084 
   00733    0.4075   -1418.4690  0.9053 
   00734    0.3800   -1425.3286  0.9072 
   00735    0.4575   -1416.0504  0.9013 
   00736    0.4350   -1411.7162  0.8929 
   00737    0.4525   -1408.5265  0.8843 
   00738    0.4225   -1412.7155  0.8852 
   00739    0.4150   -1414.6318  0.8869 
   00740    0.4650   -1405.8262  0.8818 
   00741    0.4700   -1413.1485  0.8845 
   00742    0.4425   -1421.4603  0.8926 
   00743    0.4250   -1417.6565  0.8873 
   00744    0.4250   -1431.4560  0.8949 
   00745    0.4275   -1432.2738  0.8948 
   00746    0.4175   -1431.3007  0.8924 
   00747    0.4475   -1436.6764  0.8927 
   00748    0.4275   -1428.4644  0.8920 
   00749    0.3850   -1429.0967  0.8961 
   00750    0.3875   -1423.4016  0.8984 
   00751    0.4675   -1425.8024  0.9007 
   00752    0.3800   -1430.1058  0.8989 
   00753    0.4175   -1431.5214  0.8978 
   00754    0.4075   -1433.5789  0.8968 
   00755    0.4225   -1435.5871  0.8993 
   00756    0.4400   -1415.7719  0.8956 
   00757    0.4575   -1427.7064  0.8960 
   00758    0.4175   -1435.4142  0.8955 
   00759    0.4100   -1434.2216  0.8955 
   00760    0.4350   -1438.3028  0.8934 
   00761    0.4425   -1439.8403  0.8963 
   00762    0.4425   -1445.2619  0.9063 
   00763    0.4125   -1453.7024  0.9103 
   00764    0.4175   -1442.5659  0.9057 
   00765    0.4800   -1431.0832  0.8966 
   00766    0.4175   -1433.8795  0.8996 
   00767    0.4475   -1422.5934  0.8942 
   00768    0.3975   -1419.9386  0.8973 
   00769    0.3950   -1433.4433  0.8956 
   00770    0.4250   -1418.8898  0.8890 
   00771    0.3825   -1433.2767  0.8957 
   00772    0.4050   -1430.6677  0.8940 
   00773    0.4250   -1428.8289  0.8940 
   00774    0.4600   -1421.9006  0.8968 
   00775    0.4500   -1431.6825  0.9034 
   00776    0.4125   -1437.1197  0.9064 
   00777    0.4100   -1436.3127  0.9059 
   00778    0.3900   -1430.3707  0.9072 
   00779    0.4350   -1432.6351  0.9026 
   00780    0.4050   -1428.4929  0.9034 
   00781    0.4475   -1431.1689  0.9031 
   00782    0.4175   -1431.7415  0.8942 
   00783    0.4275   -1420.3106  0.8872 
   00784    0.4475   -1413.7487  0.8866 
   00785    0.4075   -1412.1313  0.8910 
   00786    0.4425   -1419.2110  0.8904 
   00787    0.4100   -1426.7956  0.8938 
   00788    0.4500   -1433.8924  0.8986 
   00789    0.4350   -1429.6563  0.8931 
   00790    0.4025   -1424.9104  0.8943 
   00791    0.4425   -1415.7067  0.8959 
   00792    0.4575   -1416.5638  0.8971 
   00793    0.4425   -1415.9060  0.8980 
   00794    0.4425   -1423.3398  0.9001 
   00795    0.4475   -1437.4544  0.9081 
   00796    0.4525   -1445.1027  0.9092 
   00797    0.4300   -1447.9728  0.9165 
   00798    0.4350   -1439.3175  0.9151 
   00799    0.4075   -1448.4856  0.9188 
   00800    0.4450   -1446.2834  0.9191 
   00801    0.4225   -1460.9069  0.9207 
   00802    0.4125   -1458.0696  0.9251 
   00803    0.4125   -1443.4756  0.9222 
   00804    0.4375   -1435.2286  0.9195 
   00805    0.4100   -1431.7604  0.9154 
   00806    0.4075   -1443.2665  0.9232 
   00807    0.4125   -1456.1772  0.9227 
   00808    0.4250   -1434.5260  0.9099 
   00809    0.4075   -1440.8997  0.9122 
   00810    0.4000   -1435.1434  0.9115 
   00811    0.4225   -1425.6212  0.9070 
   00812    0.4125   -1426.7768  0.9066 
   00813    0.4275   -1441.1275  0.9024 
   00814    0.4525   -1433.9955  0.8990 
   00815    0.4425   -1437.8069  0.9010 
   00816    0.3750   -1437.0721  0.9007 
   00817    0.4500   -1436.7811  0.8983 
   00818    0.4000   -1420.5133  0.8939 
   00819    0.4325   -1438.3118  0.8931 
   00820    0.4300   -1450.4470  0.9033 
   00821    0.4025   -1443.8518  0.9019 
   00822    0.4575   -1438.9914  0.8993 
   00823    0.4250   -1434.3688  0.8954 
   00824    0.4200   -1444.0136  0.8950 
   00825    0.4100   -1432.2203  0.8978 
   00826    0.4600   -1426.8145  0.8957 
   00827    0.4550   -1431.4582  0.8931 
   00828    0.3850   -1434.3476  0.8894 
   00829    0.4300   -1442.8957  0.8955 
   00830    0.4300   -1441.4823  0.8965 
   00831    0.4125   -1439.7533  0.8872 
   00832    0.4025   -1438.3464  0.8858 
   00833    0.3950   -1432.3758  0.8831 
   00834    0.3900   -1428.0476  0.8771 
   00835    0.4275   -1428.8970  0.8760 
   00836    0.3900   -1437.6169  0.8815 
   00837    0.3925   -1440.5473  0.8824 
   00838    0.4850   -1429.7299  0.8711 
   00839    0.3850   -1417.9168  0.8657 
   00840    0.4175   -1423.6374  0.8641 
   00841    0.4250   -1426.9466  0.8602 
   00842    0.4225   -1410.4928  0.8628 
   00843    0.4200   -1412.9724  0.8610 
   00844    0.4775   -1421.6040  0.8617 
   00845    0.4225   -1426.3306  0.8649 
   00846    0.4675   -1416.3835  0.8518 
   00847    0.3975   -1422.9379  0.8569 
   00848    0.4150   -1422.9334  0.8555 
   00849    0.3825   -1419.9172  0.8597 
   00850    0.4425   -1438.1345  0.8592 
   00851    0.4575   -1426.1344  0.8601 
   00852    0.4625   -1428.7286  0.8552 
   00853    0.4075   -1427.9078  0.8582 
   00854    0.4425   -1426.9548  0.8553 
   00855    0.3975   -1409.8022  0.8525 
   00856    0.4075   -1418.5638  0.8497 
   00857    0.4225   -1427.5895  0.8545 
   00858    0.4250   -1416.5314  0.8573 
   00859    0.4450   -1417.3958  0.8570 
   00860    0.4275   -1429.8565  0.8652 
   00861    0.3875   -1443.7959  0.8728 
   00862    0.3925   -1425.1121  0.8711 
   00863    0.4100   -1416.6583  0.8653 
   00864    0.4150   -1416.6055  0.8662 
   00865    0.3950   -1427.1178  0.8723 
   00866    0.3950   -1426.4158  0.8563 
   00867    0.4375   -1420.4232  0.8594 
   00868    0.4350   -1426.0988  0.8569 
   00869    0.4375   -1433.7252  0.8563 
   00870    0.4275   -1426.2478  0.8595 
   00871    0.4325   -1423.0288  0.8611 
   00872    0.4200   -1421.3479  0.8620 
   00873    0.3975   -1417.6458  0.8512 
   00874    0.4125   -1416.4640  0.8562 
   00875    0.4450   -1420.8251  0.8571 
   00876    0.3900   -1415.0379  0.8517 
   00877    0.4425   -1424.6051  0.8611 
   00878    0.4000   -1423.9859  0.8618 
   00879    0.4425   -1431.1790  0.8689 
   00880    0.4300   -1448.2735  0.8791 
   00881    0.3850   -1449.6789  0.8732 
   00882    0.4200   -1433.7818  0.8713 
   00883    0.4225   -1425.4690  0.8747 
   00884    0.4950   -1429.3552  0.8790 
   00885    0.4325   -1425.5362  0.8744 
   00886    0.3975   -1422.9836  0.8807 
   00887    0.4025   -1435.1990  0.8915 
   00888    0.3575   -1428.9152  0.8911 
   00889    0.4250   -1424.8375  0.8851 
   00890    0.4550   -1433.6196  0.8902 
   00891    0.3850   -1447.2134  0.8941 
   00892    0.3925   -1436.2886  0.8911 
   00893    0.4150   -1426.3891  0.8866 
   00894    0.4225   -1421.2839  0.8869 
   00895    0.4225   -1426.2316  0.8853 
   00896    0.4350   -1428.7493  0.8871 
   00897    0.4175   -1425.7674  0.8824 
   00898    0.3925   -1420.6487  0.8811 
   00899    0.4225   -1438.2731  0.8863 
   00900    0.4525   -1419.9495  0.8797 
   00901    0.4300   -1419.0773  0.8856 
   00902    0.4175   -1419.3074  0.8796 
   00903    0.4125   -1426.0497  0.8813 
   00904    0.4025   -1431.7930  0.8911 
   00905    0.4275   -1444.9032  0.8892 
   00906    0.4500   -1425.6596  0.8785 
   00907    0.4125   -1433.6102  0.8799 
   00908    0.4425   -1428.3614  0.8777 
   00909    0.4050   -1431.9997  0.8772 
   00910    0.4025   -1432.1656  0.8795 
   00911    0.4725   -1419.8152  0.8712 
   00912    0.3750   -1413.9941  0.8728 
   00913    0.4600   -1403.8539  0.8700 
   00914    0.4050   -1424.0741  0.8777 
   00915    0.4375   -1421.0221  0.8774 
   00916    0.4375   -1440.4358  0.8750 
   00917    0.3950   -1432.1345  0.8686 
   00918    0.3700   -1435.9532  0.8714 
   00919    0.4100   -1425.3202  0.8686 
   00920    0.4275   -1418.1989  0.8685 
   00921    0.4350   -1427.0119  0.8690 
   00922    0.4375   -1421.4119  0.8702 
   00923    0.4400   -1412.1489  0.8704 
   00924    0.4075   -1404.3820  0.8760 
   00925    0.4375   -1412.1191  0.8763 
   00926    0.4200   -1398.1789  0.8616 
   00927    0.4325   -1401.4363  0.8646 
   00928    0.4700   -1403.7316  0.8680 
   00929    0.4500   -1411.0146  0.8658 
   00930    0.4150   -1425.6628  0.8653 
   00931    0.4400   -1413.8782  0.8632 
   00932    0.4500   -1423.9019  0.8664 
   00933    0.4250   -1420.3323  0.8569 
   00934    0.4175   -1413.7347  0.8571 
   00935    0.4725   -1424.5411  0.8567 
   00936    0.4525   -1422.9004  0.8573 
   00937    0.3800   -1433.5785  0.8649 
   00938    0.3975   -1436.2819  0.8587 
   00939    0.3950   -1441.3079  0.8621 
   00940    0.4475   -1434.1857  0.8586 
   00941    0.4100   -1425.1845  0.8632 
   00942    0.4350   -1438.8819  0.8759 
   00943    0.4100   -1418.3576  0.8594 
   00944    0.4450   -1426.0597  0.8636 
   00945    0.4500   -1426.4674  0.8674 
   00946    0.4100   -1419.7388  0.8614 
   00947    0.4700   -1431.2692  0.8725 
   00948    0.4400   -1425.3703  0.8662 
   00949    0.4125   -1424.4296  0.8629 
   00950    0.4675   -1432.3449  0.8708 
   00951    0.4375   -1428.3743  0.8617 
   00952    0.4325   -1428.7691  0.8577 
   00953    0.4500   -1438.3111  0.8679 
   00954    0.3850   -1435.7768  0.8683 
   00955    0.4300   -1423.4215  0.8572 
   00956    0.3975   -1417.4673  0.8513 
   00957    0.3850   -1411.4026  0.8494 
   00958    0.4250   -1411.6030  0.8609 
   00959    0.3950   -1421.6271  0.8568 
   00960    0.4425   -1430.8736  0.8628 
   00961    0.4025   -1434.7037  0.8609 
   00962    0.4400   -1419.2741  0.8555 
   00963    0.4175   -1430.7482  0.8579 
   00964    0.3950   -1439.5225  0.8610 
   00965    0.4575   -1439.5637  0.8651 
   00966    0.4025   -1422.4619  0.8549 
   00967    0.4275   -1418.2094  0.8610 
   00968    0.4525   -1398.0805  0.8500 
   00969    0.4225   -1417.1113  0.8565 
   00970    0.4475   -1424.1322  0.8657 
   00971    0.4250   -1423.0694  0.8724 
   00972    0.4400   -1427.7559  0.8644 
   00973    0.4125   -1425.6392  0.8674 
   00974    0.4150   -1427.2727  0.8677 
   00975    0.3850   -1416.0052  0.8584 
   00976    0.4075   -1407.5149  0.8593 
   00977    0.4375   -1410.7141  0.8546 
   00978    0.3800   -1420.3608  0.8541 
   00979    0.4600   -1410.9389  0.8379 
   00980    0.4475   -1403.0554  0.8355 
   00981    0.4600   -1415.1359  0.8312 
   00982    0.4250   -1413.6703  0.8184 
   00983    0.4125   -1403.9445  0.8227 
   00984    0.4675   -1419.7108  0.8307 
   00985    0.4425   -1427.3726  0.8482 
   00986    0.4225   -1431.0683  0.8538 
   00987    0.4025   -1421.7080  0.8510 
   00988    0.4275   -1422.5897  0.8498 
   00989    0.4250   -1417.5055  0.8559 
   00990    0.4325   -1415.9266  0.8617 
   00991    0.4400   -1422.3913  0.8603 
   00992    0.4200   -1418.3370  0.8655 
   00993    0.4175   -1439.0875  0.8686 
   00994    0.4075   -1440.0133  0.8623 
   00995    0.3950   -1429.9055  0.8583 
   00996    0.4425   -1431.1545  0.8642 
   00997    0.4250   -1433.1445  0.8540 
   00998    0.4150   -1417.7334  0.8562 
   00999    0.4650   -1404.9641  0.8529 
   01000    0.3800   -1401.6503  0.8500 
