#=====================================================
# File created:        Fri-13-Feb-2026-at-12-10-58PM
# Size of lattice:     20x20
# Number of MC steps:  1000
# Reduced temperature: 0.650
# Run time (s):        7.985732
#=====================================================
# MC step:  Ratio:     Energy:   Order:
#=====================================================
   00000    0.5000    -398.8332  0.2685 
   00001    0.7050    -602.4164  0.3307 
   00002    0.5950    -743.8757  0.3076 
   00003    0.5750    -866.0646  0.3322 
   00004    0.5300    -905.3607  0.3244 
   00005    0.5200    -943.1575  0.3122 
   00006    0.4825    -955.4439  0.3290 
   00007    0.4675    -972.2331  0.3588 
   00008    0.4900   -1016.1027  0.3921 
   00009    0.4625   -1025.3672  0.3928 
   00010    0.4700   -1054.6841  0.3817 
   00011    0.3900   -1093.6752  0.3765 
   00012    0.4100   -1093.0702  0.3706 
   00013    0.4400   -1084.2633  0.4128 
   00014    0.4825   -1087.3780  0.4090 
   00015    0.4625   -1086.2135  0.4107 
   00016    0.4600   -1124.1102  0.4252 
   00017    0.4225   -1126.8639  0.4265 
   00018    0.5050   -1134.6065  0.4350 
   00019    0.4525   -1120.7119  0.4415 
   00020    0.4875   -1159.7954  0.4605 
   00021    0.4350   -1157.0384  0.4492 
   00022    0.4275   -1183.2551  0.4503 
   00023    0.4150   -1180.1949  0.4655 
   00024    0.4350   -1174.8828  0.4913 
   00025    0.4275   -1149.6942  0.4785 
   00026    0.4300   -1149.2051  0.4868 
   00027    0.4425   -1145.4319  0.4848 
   00028    0.4600   -1138.9432  0.4815 
   00029    0.4675   -1132.8546  0.4672 
   00030    0.4500   -1155.6129  0.4877 
   00031    0.4575   -1169.5341  0.5135 
   00032    0.4525   -1186.4320  0.5323 
   00033    0.4275   -1188.7120  0.5621 
   00034    0.4450   -1219.8874  0.5605 
   00035    0.3850   -1233.2214  0.5541 
   00036    0.4150   -1246.3654  0.5609 
   00037    0.4075   -1248.4077  0.5776 
   00038    0.3800   -1247.8216  0.5938 
   00039    0.4550   -1257.8281  0.6110 
   00040    0.4450   -1280.3022  0.6319 
   00041    0.3725   -1262.3239  0.6248 
   00042    0.3875   -1252.6883  0.6131 
   00043    0.4150   -1250.9602  0.6075 
   00044    0.3675   -1239.8081  0.6026 
   00045    0.4075   -1255.7325  0.6101 
   00046    0.4025   -1256.8220  0.6188 
   00047    0.3725   -1251.0143  0.6244 
   00048    0.3975   -1238.8427  0.6415 
   00049    0.4050   -1241.8038  0.6544 
   00050    0.3700   -1240.0193  0.6597 
   00051    0.3850   -1218.6555  0.6410 
   00052    0.4000   -1211.8565  0.6492 
   00053    0.3975   -1205.9191  0.6410 
   00054    0.4075   -1195.1079  0.6454 
   00055    0.4200   -1209.9650  0.6381 
   00056    0.4200   -1211.3870  0.6490 
   00057    0.3875   -1230.0847  0.6608 
   00058    0.3875   -1222.8773  0.6628 
   00059    0.4450   -1221.2062  0.6584 
   00060    0.3675   -1196.7254  0.6405 
   00061    0.4100   -1210.2645  0.6588 
   00062    0.4375   -1195.0082  0.6626 
   00063    0.4325   -1234.5855  0.6766 
   00064    0.4275   -1242.0394  0.6854 
   00065    0.4200   -1235.9422  0.6748 
   00066    0.4050   -1253.3469  0.6933 
   00067    0.4125   -1241.3492  0.6984 
   00068    0.4075   -1243.5280  0.6955 
   00069    0.4100   -1224.6404  0.6777 
   00070    0.3500   -1241.6595  0.6862 
   00071    0.3875   -1257.8912  0.6983 
   00072    0.4125   -1248.7966  0.6970 
   00073    0.3950   -1271.2403  0.6939 
   00074    0.4500   -1271.4090  0.6919 
   00075    0.3900   -1257.8182  0.6936 
   00076    0.3700   -1289.2744  0.7054 
   00077    0.3725   -1261.3821  0.7028 
   00078    0.4200   -1249.9126  0.6998 
   00079    0.3700   -1264.8510  0.6885 
   00080    0.4150   -1262.3559  0.6969 
   00081    0.4350   -1254.6410  0.7040 
   00082    0.4425   -1262.2710  0.7185 
   00083    0.4250   -1260.4733  0.7318 
   00084    0.4250   -1250.2443  0.7160 
   00085    0.3800   -1244.0948  0.7281 
   00086    0.4100   -1265.8364  0.7254 
   00087    0.3775   -1258.7437  0.7204 
   00088    0.3975   -1266.4430  0.7234 
   00089    0.3950   -1286.3202  0.7437 
   00090    0.3700   -1288.2657  0.7328 
   00091    0.4050   -1292.9239  0.7330 
   00092    0.3750   -1246.7936  0.6937 
   00093    0.4150   -1260.0130  0.7222 
   00094    0.4075   -1260.2436  0.7155 
   00095    0.4200   -1265.9090  0.7185 
   00096    0.4500   -1243.1986  0.7276 
   00097    0.4025   -1253.7669  0.7223 
   00098    0.5150   -1300.9002  0.7379 
   00099    0.4125   -1288.2414  0.7311 
   00100    0.3775   -1304.2648  0.7229 
   00101    0.3675   -1317.3141  0.7390 
   00102    0.3825   -1318.9820  0.7318 
   00103    0.3925   -1310.7777  0.7298 
   00104    0.3700   -1319.3409  0.7371 
   00105    0.3825   -1301.5841  0.7300 
   00106    0.3975   -1288.9938  0.7264 
   00107    0.3550   -1273.7896  0.7184 
   00108    0.3950   -1283.0192  0.7348 
   00109    0.4100   -1302.2409  0.7419 
   00110    0.4200   -1301.9473  0.7370 
   00111    0.4150   -1293.6226  0.7339 
   00112    0.4025   -1306.7522  0.7371 
   00113    0.4075   -1313.0215  0.7355 
   00114    0.4125   -1288.6720  0.7240 
   00115    0.3650   -1268.7915  0.7261 
   00116    0.3975   -1263.3186  0.7286 
   00117    0.4100   -1271.7879  0.7135 
   00118    0.3875   -1273.9628  0.7101 
   00119    0.3750   -1295.5701  0.7208 
   00120    0.4200   -1293.7896  0.7431 
   00121    0.4300   -1273.7085  0.7320 
   00122    0.3775   -1279.0939  0.7297 
   00123    0.3700   -1271.6291  0.7421 
   00124    0.3925   -1257.4524  0.7468 
   00125    0.3675   -1290.0785  0.7578 
   00126    0.4300   -1282.0554  0.7575 
   00127    0.3625   -1296.4621  0.7632 
   00128    0.3550   -1303.2485  0.7660 
   00129    0.4050   -1299.1916  0.7629 
   00130    0.3700   -1287.4142  0.7492 
   00131    0.4075   -1308.1575  0.7646 
   00132    0.4225   -1292.2909  0.7567 
   00133    0.4175   -1306.2049  0.7639 
   00134    0.3500   -1281.4030  0.7464 
   00135    0.3850   -1290.6446  0.7614 
   00136    0.3800   -1297.4201  0.7667 
   00137    0.4125   -1278.8134  0.7591 
   00138    0.4200   -1279.9240  0.7671 
   00139    0.4000   -1273.1027  0.7532 
   00140    0.3950   -1263.2177  0.7420 
   00141    0.4125   -1247.7108  0.7369 
   00142    0.4025   -1244.0038  0.7365 
   00143    0.4325   -1246.5693  0.7372 
   00144    0.4000   -1271.6956  0.7418 
   00145    0.3950   -1279.0963  0.7479 
   00146    0.4325   -1285.7955  0.7483 
   00147    0.4225   -1287.4991  0.7420 
   00148    0.3675   -1311.0864  0.7569 
   00149    0.3775   -1319.0625  0.7498 
   00150    0.4000   -1297.1527  0.7358 
   00151    0.4050   -1281.5717  0.7224 
   00152    0.3850   -1294.4923  0.7427 
   00153    0.4100   -1307.2511  0.7459 
   00154    0.4025   -1314.4035  0.7507 
   00155    0.4000   -1340.0848  0.7524 
   00156    0.3625   -1309.4388  0.7383 
   00157    0.3700   -1285.7338  0.7352 
   00158    0.3975   -1278.8112  0.7415 
   00159    0.4075   -1239.9223  0.7362 
   00160    0.3850   -1231.3383  0.7263 
   00161    0.4375   -1241.7682  0.7372 
   00162    0.4350   -1250.8680  0.7500 
   00163    0.4150   -1247.0243  0.7472 
   00164    0.4275   -1270.0610  0.7639 
   00165    0.4300   -1268.2339  0.7616 
   00166    0.3825   -1262.4075  0.7690 
   00167    0.3850   -1266.5468  0.7627 
   00168    0.4375   -1274.6226  0.7689 
   00169    0.4000   -1269.3625  0.7607 
   00170    0.3975   -1258.5179  0.7721 
   00171    0.4425   -1255.3016  0.7793 
   00172    0.4100   -1244.3438  0.7858 
   00173    0.4050   -1256.3194  0.7895 
   00174    0.4000   -1232.5552  0.7809 
   00175    0.4375   -1233.8985  0.7788 
   00176    0.3975   -1282.0058  0.7910 
   00177    0.4075   -1254.9690  0.8000 
   00178    0.3925   -1278.5715  0.7981 
   00179    0.3975   -1283.6278  0.7986 
   00180    0.4250   -1272.1356  0.7878 
   00181    0.4275   -1275.7866  0.7897 
   00182    0.3925   -1289.9116  0.7929 
   00183    0.3875   -1288.9302  0.8036 
   00184    0.4000   -1289.2036  0.8150 
   00185    0.3750   -1291.2617  0.8155 
   00186    0.3925   -1281.4145  0.8188 
   00187    0.3750   -1268.7194  0.8112 
   00188    0.3800   -1285.8059  0.8099 
   00189    0.3975   -1258.3306  0.8045 
   00190    0.4325   -1263.1507  0.8035 
   00191    0.3800   -1277.7552  0.8058 
   00192    0.3925   -1264.1488  0.8069 
   00193    0.4275   -1251.1567  0.7896 
   00194    0.4100   -1247.7818  0.7862 
   00195    0.4325   -1271.6968  0.8040 
   00196    0.4525   -1285.1915  0.8040 
   00197    0.4125   -1269.4969  0.8020 
   00198    0.4125   -1258.8621  0.8041 
   00199    0.4200   -1267.4696  0.8053 
   00200    0.3950   -1277.1947  0.8080 
   00201    0.3850   -1264.9042  0.8083 
   00202    0.3925   -1266.2524  0.8122 
   00203    0.4000   -1286.5092  0.8205 
   00204    0.3575   -1311.4831  0.8296 
   00205    0.3975   -1315.7894  0.8426 
   00206    0.3800   -1322.6360  0.8357 
   00207    0.3800   -1319.3125  0.8424 
   00208    0.3775   -1319.3311  0.8472 
   00209    0.3900   -1341.5189  0.8534 
   00210    0.4100   -1317.0356  0.8355 
   00211    0.3900   -1304.6676  0.8314 
   00212    0.4100   -1302.8080  0.8317 
   00213    0.4075   -1296.1850  0.8272 
   00214    0.3900   -1284.9994  0.8258 
   00215    0.3925   -1299.5264  0.8239 
   00216    0.3850   -1319.0939  0.8330 
   00217    0.3875   -1317.8888  0.8314 
   00218    0.3650   -1311.1358  0.8342 
   00219    0.4000   -1310.3006  0.8320 
   00220    0.4175   -1299.2647  0.8318 
   00221    0.3525   -1310.6845  0.8316 
   00222    0.3775   -1307.2399  0.8509 
   00223    0.4050   -1273.9279  0.8294 
   00224    0.3875   -1324.9826  0.8383 
   00225    0.4000   -1290.7039  0.8149 
   00226    0.3600   -1291.4111  0.8088 
   00227    0.4425   -1298.2009  0.8231 
   00228    0.4000   -1309.4664  0.8294 
   00229    0.4100   -1294.8096  0.8230 
   00230    0.4125   -1301.4952  0.8277 
   00231    0.4050   -1308.5956  0.8274 
   00232    0.3975   -1313.7455  0.8369 
   00233    0.4175   -1312.0153  0.8378 
   00234    0.3850   -1315.1477  0.8395 
   00235    0.4000   -1333.3996  0.8472 
   00236    0.4100   -1304.0434  0.8420 
   00237    0.4075   -1275.3492  0.8319 
   00238    0.4250   -1273.1865  0.8266 
   00239    0.3750   -1258.4361  0.8192 
   00240    0.3800   -1272.3460  0.8259 
   00241    0.3550   -1301.7650  0.8323 
   00242    0.3950   -1296.5041  0.8354 
   00243    0.3975   -1301.6256  0.8346 
   00244    0.3825   -1290.3763  0.8314 
   00245    0.4275   -1308.0784  0.8222 
   00246    0.4475   -1301.3498  0.8109 
   00247    0.4075   -1312.1074  0.8195 
   00248    0.4325   -1321.0944  0.8249 
   00249    0.3550   -1312.6446  0.8286 
   00250    0.4000   -1330.0090  0.8295 
   00251    0.4200   -1328.2124  0.8295 
   00252    0.4300   -1342.6846  0.8287 
   00253    0.3575   -1337.5514  0.8289 
   00254    0.4025   -1334.8866  0.8335 
   00255    0.4225   -1344.0268  0.8351 
   00256    0.4150   -1339.6789  0.8374 
   00257    0.3600   -1329.2829  0.8433 
   00258    0.3650   -1316.7158  0.8280 
   00259    0.4000   -1320.2243  0.8283 
   00260    0.3500   -1319.9815  0.8142 
   00261    0.3950   -1312.1976  0.8094 
   00262    0.4025   -1301.3629  0.8197 
   00263    0.4275   -1291.1094  0.8136 
   00264    0.3975   -1275.6085  0.8149 
   00265    0.4150   -1287.0003  0.8183 
   00266    0.3300   -1308.4734  0.8258 
   00267    0.4025   -1309.4734  0.8254 
   00268    0.3900   -1311.2318  0.8198 
   00269    0.4025   -1268.6187  0.8013 
   00270    0.4175   -1273.4019  0.7984 
   00271    0.3775   -1264.0646  0.7789 
   00272    0.3900   -1271.3283  0.7759 
   00273    0.3950   -1271.9493  0.7711 
   00274    0.3600   -1272.3871  0.7682 
   00275    0.4000   -1259.2817  0.7643 
   00276    0.4050   -1246.9030  0.7671 
   00277    0.4175   -1238.3540  0.7721 
   00278    0.4100   -1257.8503  0.7780 
   00279    0.3975   -1242.5757  0.7640 
   00280    0.4425   -1260.3175  0.7745 
   00281    0.3775   -1281.6908  0.7861 
   00282    0.3975   -1289.7958  0.7802 
   00283    0.4300   -1279.6502  0.7727 
   00284    0.3650   -1289.7121  0.7700 
   00285    0.4075   -1295.8813  0.7648 
   00286    0.4050   -1309.1272  0.7633 
   00287    0.3700   -1290.3262  0.7662 
   00288    0.4100   -1287.6394  0.7642 
   00289    0.4200   -1276.5790  0.7642 
   00290    0.3800   -1265.2272  0.7623 
   00291    0.4250   -1276.4425  0.7645 
   00292    0.3800   -1287.9641  0.7767 
   00293    0.3650   -1294.2386  0.7816 
   00294    0.3750   -1295.5768  0.7824 
   00295    0.4100   -1302.3361  0.7750 
   00296    0.4000   -1304.5564  0.7766 
   00297    0.3750   -1309.7547  0.7674 
   00298    0.3725   -1307.5873  0.7603 
   00299    0.4075   -1311.5645  0.7599 
   00300    0.3750   -1304.1680  0.7570 
   00301    0.4000   -1271.2820  0.7478 
   00302    0.4250   -1279.6313  0.7452 
   00303    0.3550   -1274.1585  0.7505 
   00304    0.3975   -1269.3937  0.7516 
   00305    0.3950   -1291.8465  0.7713 
   00306    0.3950   -1276.5686  0.7784 
   00307    0.3800   -1290.9021  0.7776 
   00308    0.3575   -1308.6777  0.7829 
   00309    0.3950   -1294.9598  0.7864 
   00310    0.3975   -1294.3345  0.7881 
   00311    0.4150   -1293.7787  0.7909 
   00312    0.3975   -1310.3884  0.7858 
   00313    0.4375   -1278.8674  0.7800 
   00314    0.3950   -1275.7547  0.7846 
   00315    0.4475   -1267.5128  0.7748 
   00316    0.4000   -1277.7861  0.7905 
   00317    0.4150   -1304.3379  0.7899 
   00318    0.3975   -1293.7837  0.7953 
   00319    0.3725   -1295.2434  0.8037 
   00320    0.4400   -1301.8372  0.8012 
   00321    0.4025   -1297.0572  0.7957 
   00322    0.4025   -1268.7625  0.7955 
   00323    0.3825   -1272.3515  0.7938 
   00324    0.3325   -1271.8219  0.7900 
   00325    0.3475   -1280.1436  0.7966 
   00326    0.4075   -1311.5826  0.7975 
   00327    0.3775   -1293.0100  0.7967 
   00328    0.4075   -1300.1854  0.7994 
   00329    0.3675   -1279.9054  0.8027 
   00330    0.3525   -1287.3478  0.7988 
   00331    0.3975   -1274.1959  0.7925 
   00332    0.3925   -1290.9965  0.8023 
   00333    0.4125   -1263.8486  0.8050 
   00334    0.3925   -1284.0095  0.7990 
   00335    0.3900   -1291.0066  0.8079 
   00336    0.3575   -1284.0003  0.8109 
   00337    0.3675   -1292.4667  0.8074 
   00338    0.3800   -1312.1328  0.8017 
   00339    0.4350   -1267.2871  0.7927 
   00340    0.3800   -1253.5813  0.8021 
   00341    0.4125   -1263.7162  0.7971 
   00342    0.4075   -1247.0947  0.8000 
   00343    0.4150   -1227.5863  0.8015 
   00344    0.3700   -1236.7772  0.7903 
   00345    0.3575   -1252.3285  0.7919 
   00346    0.3875   -1274.9845  0.8063 
   00347    0.3625   -1283.3595  0.8113 
   00348    0.3925   -1271.5757  0.7991 
   00349    0.3800   -1289.8809  0.8032 
   00350    0.4125   -1288.1536  0.8040 
   00351    0.4425   -1301.5502  0.8191 
   00352    0.3850   -1290.0045  0.8080 
   00353    0.4175   -1283.9968  0.8153 
   00354    0.4050   -1291.3917  0.8234 
   00355    0.3750   -1263.2009  0.8060 
   00356    0.3750   -1255.6312  0.8028 
   00357    0.4325   -1277.4136  0.7928 
   00358    0.3825   -1268.7668  0.7788 
   00359    0.3775   -1261.1073  0.7675 
   00360    0.4200   -1264.8567  0.7714 
   00361    0.4075   -1270.1530  0.7691 
   00362    0.4350   -1278.2668  0.7898 
   00363    0.4275   -1286.5728  0.7927 
   00364    0.4075   -1288.9225  0.7924 
   00365    0.4075   -1314.9716  0.8056 
   00366    0.4300   -1297.8899  0.8079 
   00367    0.4025   -1281.8550  0.7906 
   00368    0.3600   -1300.6615  0.8060 
   00369    0.4650   -1297.0816  0.8141 
   00370    0.4075   -1276.8264  0.8147 
   00371    0.4025   -1291.4289  0.8229 
   00372    0.4025   -1302.3531  0.8226 
   00373    0.3875   -1295.2028  0.8161 
   00374    0.4325   -1277.1960  0.8088 
   00375    0.3850   -1271.4354  0.8028 
   00376    0.4150   -1280.2214  0.8129 
   00377    0.3800   -1278.0106  0.8168 
   00378    0.3825   -1273.9780  0.8227 
   00379    0.3650   -1288.5290  0.8310 
   00380    0.3575   -1307.1023  0.8264 
   00381    0.3900   -1270.2657  0.8042 
   00382    0.3875   -1291.7384  0.8125 
   00383    0.4325   -1283.6116  0.8144 
   00384    0.3800   -1286.8717  0.8284 
   00385    0.4025   -1275.0518  0.8289 
   00386    0.4100   -1292.3793  0.8288 
   00387    0.3950   -1304.7248  0.8377 
   00388    0.4475   -1292.8117  0.8228 
   00389    0.4275   -1292.2420  0.8213 
   00390    0.4125   -1293.5547  0.8212 
   00391    0.3700   -1295.0496  0.8140 
   00392    0.3750   -1285.1220  0.8062 
   00393    0.3750   -1270.1017  0.8115 
   00394    0.3750   -1299.6738  0.8219 
   00395    0.4275   -1300.1426  0.8272 
   00396    0.4025   -1309.3268  0.8311 
   00397    0.3725   -1301.2615  0.8243 
   00398    0.4100   -1299.4711  0.8234 
   00399    0.3875   -1296.1833  0.8197 
   00400    0.3650   -1303.2019  0.8395 
   00401    0.4125   -1315.4794  0.8360 
   00402    0.3700   -1305.4316  0.8262 
   00403    0.3975   -1295.7001  0.8265 
   00404    0.4000   -1303.8581  0.8232 
   00405    0.4050   -1310.6222  0.8306 
   00406    0.4050   -1304.9855  0.8279 
   00407    0.4025   -1286.8391  0.8124 
   00408    0.3600   -1299.1181  0.8124 
   00409    0.3850   -1316.1369  0.8231 
   00410    0.4025   -1313.2354  0.8222 
   00411    0.3475   -1315.2792  0.8226 
   00412    0.3750   -1307.0235  0.8193 
   00413    0.3925   -1311.4972  0.8343 
   00414    0.4000   -1308.6667  0.8294 
   00415    0.4050   -1293.4015  0.8199 
   00416    0.4000   -1287.1406  0.8186 
   00417    0.3625   -1276.4866  0.8097 
   00418    0.4050   -1254.1670  0.7937 
   00419    0.3350   -1297.4479  0.8092 
   00420    0.3925   -1312.8595  0.8152 
   00421    0.3500   -1322.7386  0.8389 
   00422    0.3550   -1313.6907  0.8292 
   00423    0.4350   -1294.8024  0.8259 
   00424    0.3575   -1264.9738  0.8146 
   00425    0.3850   -1282.5629  0.8162 
   00426    0.3750   -1262.9409  0.8197 
   00427    0.3700   -1259.1680  0.8175 
   00428    0.3800   -1274.3723  0.8079 
   00429    0.3750   -1288.2608  0.8128 
   00430    0.4225   -1315.4252  0.8298 
   00431    0.3575   -1320.6807  0.8410 
   00432    0.4225   -1323.0005  0.8420 
   00433    0.3950   -1335.9039  0.8502 
   00434    0.3975   -1339.0671  0.8482 
   00435    0.4100   -1330.5945  0.8373 
   00436    0.3725   -1320.2525  0.8372 
   00437    0.4275   -1296.7356  0.8329 
   00438    0.4325   -1288.2755  0.8311 
   00439    0.4075   -1291.5476  0.8355 
   00440    0.4100   -1301.0566  0.8465 
   00441    0.3850   -1303.2014  0.8470 
   00442    0.4225   -1307.7471  0.8509 
   00443    0.3775   -1291.1634  0.8398 
   00444    0.3375   -1291.8441  0.8356 
   00445    0.4250   -1310.7896  0.8511 
   00446    0.3850   -1305.4058  0.8551 
   00447    0.4150   -1308.7740  0.8632 
   00448    0.3775   -1316.5163  0.8574 
   00449    0.3800   -1307.2284  0.8469 
   00450    0.4300   -1293.1424  0.8353 
   00451    0.4275   -1278.2118  0.8324 
   00452    0.3725   -1261.4075  0.8210 
   00453    0.4175   -1279.4764  0.8281 
   00454    0.4400   -1274.9568  0.8293 
   00455    0.4025   -1262.3214  0.8305 
   00456    0.3675   -1284.5768  0.8386 
   00457    0.4000   -1262.5250  0.8352 
   00458    0.4225   -1263.9634  0.8357 
   00459    0.4125   -1265.6104  0.8381 
   00460    0.3725   -1254.3655  0.8423 
   00461    0.3650   -1247.9827  0.8434 
   00462    0.3925   -1273.7076  0.8492 
   00463    0.3700   -1315.6996  0.8695 
   00464    0.4275   -1320.7285  0.8643 
   00465    0.4025   -1316.1287  0.8657 
   00466    0.3800   -1308.9295  0.8664 
   00467    0.4225   -1301.8111  0.8619 
   00468    0.4125   -1284.7306  0.8518 
   00469    0.3600   -1294.9764  0.8572 
   00470    0.3700   -1270.8044  0.8493 
   00471    0.3700   -1285.3867  0.8552 
   00472    0.4300   -1266.7023  0.8338 
   00473    0.3600   -1276.3802  0.8266 
   00474    0.4100   -1250.0031  0.8210 
   00475    0.4175   -1254.8700  0.8169 
   00476    0.4250   -1242.6929  0.8159 
   00477    0.3900   -1246.2806  0.8128 
   00478    0.4325   -1258.9273  0.8324 
   00479    0.3225   -1296.1523  0.8320 
   00480    0.4275   -1274.1741  0.8317 
   00481    0.4375   -1295.9134  0.8409 
   00482    0.4175   -1292.0179  0.8449 
   00483    0.3575   -1320.1779  0.8489 
   00484    0.3850   -1328.2402  0.8538 
   00485    0.4000   -1333.0415  0.8623 
   00486    0.3600   -1322.7925  0.8549 
   00487    0.4250   -1316.2802  0.8496 
   00488    0.3625   -1328.4409  0.8552 
   00489    0.3600   -1349.8831  0.8545 
   00490    0.4100   -1355.1915  0.8581 
   00491    0.3750   -1358.9594  0.8629 
   00492    0.3575   -1338.2949  0.8587 
   00493    0.4050   -1332.9138  0.8528 
   00494    0.3825   -1340.9870  0.8619 
   00495    0.4000   -1349.4233  0.8627 
   00496    0.3675   -1331.3739  0.8615 
   00497    0.4100   -1336.2071  0.8549 
   00498    0.3825   -1319.4224  0.8493 
   00499    0.3725   -1286.2309  0.8372 
   00500    0.4550   -1282.8003  0.8383 
   00501    0.4125   -1292.9687  0.8363 
   00502    0.3825   -1304.6655  0.8310 
   00503    0.4075   -1319.5304  0.8437 
   00504    0.3975   -1325.7115  0.8494 
   00505    0.4075   -1331.0229  0.8497 
   00506    0.3700   -1299.2870  0.8377 
   00507    0.3900   -1317.7835  0.8415 
   00508    0.3600   -1311.1550  0.8383 
   00509    0.3850   -1315.4787  0.8368 
   00510    0.4025   -1314.7711  0.8397 
   00511    0.4100   -1304.6752  0.8342 
   00512    0.3750   -1330.7682  0.8472 
   00513    0.3850   -1340.3662  0.8509 
   00514    0.3575   -1312.5706  0.8492 
   00515    0.4200   -1285.5400  0.8438 
   00516    0.4425   -1271.3116  0.8393 
   00517    0.4350   -1283.0010  0.8410 
   00518    0.3600   -1279.1506  0.8468 
   00519    0.3875   -1290.6814  0.8531 
   00520    0.3925   -1286.8452  0.8446 
   00521    0.4100   -1283.4651  0.8401 
   00522    0.4025   -1283.6052  0.8459 
   00523    0.4025   -1323.9244  0.8590 
   00524    0.4075   -1302.1935  0.8472 
   00525    0.3900   -1296.9590  0.8539 
   00526    0.4425   -1300.2944  0.8540 
   00527    0.4050   -1320.9991  0.8597 
   00528    0.3750   -1302.1124  0.8445 
   00529    0.3975   -1313.7108  0.8494 
   00530    0.4200   -1311.8339  0.8511 
   00531    0.4025   -1305.9659  0.8410 
   00532    0.3750   -1289.0572  0.8345 
   00533    0.4000   -1288.2295  0.8343 
   00534    0.3925   -1304.1199  0.8381 
   00535    0.4200   -1314.0881  0.8459 
   00536    0.3850   -1303.6999  0.8465 
   00537    0.4100   -1314.1033  0.8634 
   00538    0.3925   -1314.9989  0.8524 
   00539    0.4500   -1293.3057  0.8398 
   00540    0.4225   -1300.2697  0.8316 
   00541    0.4225   -1301.5538  0.8310 
   00542    0.4150   -1293.3379  0.8270 
   00543    0.4125   -1313.1508  0.8362 
   00544    0.3975   -1310.7907  0.8454 
   00545    0.4000   -1313.7199  0.8340 
   00546    0.3775   -1305.9304  0.8330 
   00547    0.3825   -1306.4752  0.8277 
   00548    0.3800   -1304.2477  0.8307 
   00549    0.3325   -1309.6569  0.8485 
   00550    0.4100   -1323.6729  0.8570 
   00551    0.3650   -1329.6890  0.8542 
   00552    0.4200   -1316.8021  0.8426 
   00553    0.4075   -1320.7855  0.8337 
   00554    0.4125   -1332.5722  0.8343 
   00555    0.3500   -1339.4605  0.8351 
   00556    0.4175   -1344.4478  0.8346 
   00557    0.3800   -1327.4887  0.8311 
   00558    0.4125   -1299.1838  0.8206 
   00559    0.3600   -1292.7077  0.8098 
   00560    0.4150   -1307.9743  0.8207 
   00561    0.4000   -1301.8726  0.8212 
   00562    0.3725   -1303.0723  0.8243 
   00563    0.3775   -1308.7536  0.8125 
   00564    0.3775   -1294.3687  0.8120 
   00565    0.4000   -1291.7068  0.8028 
   00566    0.3950   -1260.8485  0.7973 
   00567    0.4425   -1272.4708  0.7898 
   00568    0.3800   -1260.8396  0.7866 
   00569    0.3875   -1254.2315  0.7739 
   00570    0.4250   -1234.1310  0.7595 
   00571    0.4350   -1223.8946  0.7518 
   00572    0.4300   -1259.8886  0.7621 
   00573    0.3950   -1238.9974  0.7453 
   00574    0.4075   -1242.9882  0.7602 
   00575    0.4525   -1278.2155  0.7601 
   00576    0.4525   -1280.0026  0.7657 
   00577    0.4625   -1262.8963  0.7677 
   00578    0.3725   -1265.7185  0.7777 
   00579    0.3900   -1271.1614  0.7932 
   00580    0.4100   -1276.2237  0.7890 
   00581    0.3800   -1260.9848  0.7934 
   00582    0.4100   -1243.8912  0.8056 
   00583    0.3925   -1289.2732  0.8215 
   00584    0.3825   -1296.8818  0.8164 
   00585    0.3675   -1316.6581  0.8160 
   00586    0.3500   -1330.2329  0.8182 
   00587    0.3950   -1305.4020  0.8179 
   00588    0.4175   -1294.7487  0.7990 
   00589    0.3875   -1276.7519  0.7913 
   00590    0.3825   -1285.1123  0.7779 
   00591    0.4300   -1272.9210  0.7566 
   00592    0.3525   -1277.2532  0.7507 
   00593    0.3575   -1292.9619  0.7626 
   00594    0.4075   -1305.6920  0.7566 
   00595    0.3875   -1284.6783  0.7579 
   00596    0.3925   -1261.5664  0.7401 
   00597    0.4225   -1250.9882  0.7376 
   00598    0.3775   -1241.3870  0.7265 
   00599    0.4225   -1242.0515  0.7283 
   00600    0.3950   -1230.8666  0.7274 
   00601    0.4250   -1226.9141  0.7301 
   00602    0.3825   -1213.3635  0.7279 
   00603    0.4100   -1216.8148  0.7203 
   00604    0.3875   -1214.7145  0.7413 
   00605    0.4400   -1235.7173  0.7614 
   00606    0.4125   -1249.9750  0.7686 
   00607    0.4075   -1272.3431  0.7765 
   00608    0.3425   -1282.3856  0.7716 
   00609    0.3850   -1307.2830  0.7778 
   00610    0.4450   -1310.9175  0.7799 
   00611    0.3900   -1313.0786  0.7847 
   00612    0.3325   -1311.4876  0.7802 
   00613    0.4300   -1303.9933  0.7912 
   00614    0.3650   -1313.1708  0.8006 
   00615    0.4050   -1315.5602  0.8030 
   00616    0.3925   -1323.0364  0.8091 
   00617    0.4125   -1304.1162  0.8152 
   00618    0.4325   -1297.9022  0.8044 
   00619    0.3700   -1269.8125  0.7919 
   00620    0.4225   -1303.4224  0.7991 
   00621    0.3875   -1283.2917  0.7888 
   00622    0.4000   -1294.9396  0.7864 
   00623    0.3725   -1282.2656  0.7840 
   00624    0.4050   -1274.6512  0.7863 
   00625    0.3850   -1301.7485  0.7968 
   00626    0.3500   -1307.2731  0.8051 
   00627    0.4075   -1307.2288  0.7966 
   00628    0.3975   -1319.8289  0.8005 
   00629    0.3725   -1303.9368  0.7888 
   00630    0.4150   -1301.6622  0.7865 
   00631    0.3725   -1307.6016  0.7867 
   00632    0.4125   -1316.9714  0.7828 
   00633    0.3625   -1324.5446  0.7877 
   00634    0.3725   -1341.9029  0.7862 
   00635    0.3775   -1331.3520  0.7904 
   00636    0.3600   -1318.5338  0.7951 
   00637    0.4400   -1286.6704  0.7791 
   00638    0.3825   -1293.2073  0.7853 
   00639    0.3800   -1276.3563  0.7759 
   00640    0.3700   -1302.8128  0.7960 
   00641    0.3900   -1282.5609  0.7931 
   00642    0.3775   -1289.0719  0.8076 
   00643    0.4425   -1288.1350  0.8020 
   00644    0.3875   -1277.3290  0.7841 
   00645    0.3675   -1299.3734  0.7763 
   00646    0.3725   -1300.7462  0.7700 
   00647    0.3700   -1298.5928  0.7734 
   00648    0.3925   -1283.7597  0.7669 
   00649    0.3725   -1296.3364  0.7821 
   00650    0.3975   -1299.4557  0.7920 
   00651    0.3775   -1284.2911  0.7854 
   00652    0.4400   -1288.3393  0.7911 
   00653    0.3800   -1289.8698  0.7833 
   00654    0.3900   -1299.5104  0.7889 
   00655    0.4025   -1270.7372  0.7865 
   00656    0.4250   -1255.0536  0.7926 
   00657    0.3975   -1255.2409  0.7966 
   00658    0.4100   -1246.1454  0.7917 
   00659    0.4150   -1248.9413  0.7850 
   00660    0.4000   -1270.8080  0.7888 
   00661    0.3925   -1256.3471  0.7687 
   00662    0.3925   -1255.5101  0.7704 
   00663    0.4300   -1251.3452  0.7812 
   00664    0.3375   -1254.5796  0.7801 
   00665    0.4050   -1283.3017  0.7950 
   00666    0.4250   -1280.8445  0.7925 
   00667    0.4075   -1287.6838  0.7948 
   00668    0.3775   -1301.3450  0.8040 
   00669    0.3725   -1283.1274  0.7961 
   00670    0.4125   -1284.1623  0.7986 
   00671    0.4100   -1288.4459  0.7970 
   00672    0.3700   -1290.9172  0.7991 
   00673    0.3750   -1281.6213  0.7929 
   00674    0.3850   -1278.0507  0.7898 
   00675    0.4250   -1276.8123  0.7850 
   00676    0.3925   -1282.3540  0.7892 
   00677    0.3850   -1300.1096  0.7966 
   00678    0.3725   -1299.1533  0.8061 
   00679    0.3975   -1288.2164  0.7997 
   00680    0.4050   -1280.3133  0.8052 
   00681    0.3825   -1299.4112  0.8090 
   00682    0.3500   -1293.7864  0.8147 
   00683    0.4100   -1327.0248  0.8261 
   00684    0.4000   -1319.8163  0.8264 
   00685    0.3750   -1298.9736  0.8192 
   00686    0.3875   -1289.8295  0.8137 
   00687    0.4275   -1268.1345  0.8035 
   00688    0.4525   -1268.4291  0.8041 
   00689    0.4325   -1276.8474  0.8156 
   00690    0.4475   -1268.7708  0.8127 
   00691    0.3775   -1285.3882  0.8243 
   00692    0.3975   -1263.6795  0.8178 
   00693    0.4325   -1268.3860  0.8228 
   00694    0.3650   -1295.7264  0.8337 
   00695    0.3900   -1299.4102  0.8299 
   00696    0.4050   -1299.6251  0.8263 
   00697    0.4200   -1284.5709  0.8208 
   00698    0.4350   -1296.4053  0.8292 
   00699    0.4050   -1294.1406  0.8178 
   00700    0.3700   -1294.3689  0.8210 
   00701    0.4050   -1314.6868  0.8270 
   00702    0.3900   -1319.1830  0.8355 
   00703    0.3825   -1314.1361  0.8323 
   00704    0.3400   -1316.8575  0.8377 
   00705    0.4300   -1332.4378  0.8367 
   00706    0.4050   -1319.6494  0.8203 
   00707    0.3625   -1329.7798  0.8144 
   00708    0.3625   -1314.2022  0.8037 
   00709    0.3925   -1290.6737  0.8057 
   00710    0.4175   -1292.7798  0.8073 
   00711    0.4300   -1272.6012  0.8132 
   00712    0.3975   -1259.3662  0.8022 
   00713    0.4200   -1267.1338  0.8149 
   00714    0.4200   -1255.7436  0.8156 
   00715    0.3900   -1272.2040  0.8133 
   00716    0.3875   -1262.6039  0.8144 
   00717    0.4200   -1258.7628  0.8055 
   00718    0.3625   -1268.1541  0.8024 
   00719    0.4425   -1256.2324  0.7985 
   00720    0.3850   -1268.6890  0.8104 
   00721    0.3850   -1275.4398  0.8071 
   00722    0.3875   -1278.5825  0.8158 
   00723    0.3875   -1281.4558  0.8092 
   00724    0.3975   -1277.7117  0.8112 
   00725    0.4375   -1273.3892  0.8149 
   00726    0.4475   -1256.6677  0.8038 
   00727    0.3900   -1255.3713  0.8052 
   00728    0.3675   -1273.2099  0.8086 
   00729    0.3800   -1278.5767  0.8115 
   00730    0.3750   -1286.2458  0.8152 
   00731    0.4150   -1282.6460  0.8111 
   00732    0.3875   -1263.1482  0.8030 
   00733    0.4275   -1289.6645  0.8152 
   00734    0.3800   -1284.8316  0.8085 
   00735    0.3725   -1279.1735  0.8181 
   00736    0.4225   -1292.5849  0.8304 
   00737    0.3675   -1310.0540  0.8400 
   00738    0.3800   -1318.1031  0.8397 
   00739    0.4225   -1315.5529  0.8353 
   00740    0.3700   -1317.8457  0.8400 
   00741    0.3400   -1333.2596  0.8436 
   00742    0.3625   -1318.1939  0.8358 
   00743    0.3825   -1305.5338  0.8425 
   00744    0.3900   -1326.5775  0.8426 
   00745    0.4225   -1329.4193  0.8502 
   00746    0.3925   -1331.4567  0.8503 
   00747    0.3525   -1325.2905  0.8449 
   00748    0.4000   -1330.3704  0.8405 
   00749    0.3950   -1323.1175  0.8387 
   00750    0.3700   -1322.4536  0.8390 
   00751    0.3625   -1292.6957  0.8208 
   00752    0.4250   -1310.9853  0.8284 
   00753    0.4275   -1296.4176  0.8258 
   00754    0.3775   -1289.7333  0.8190 
   00755    0.3750   -1309.5919  0.8258 
   00756    0.4025   -1308.1665  0.8305 
   00757    0.3875   -1325.6400  0.8341 
   00758    0.3900   -1320.7201  0.8303 
   00759    0.3675   -1294.3773  0.8024 
   00760    0.3825   -1312.7298  0.8183 
   00761    0.3875   -1299.9410  0.8193 
   00762    0.3850   -1290.6563  0.8083 
   00763    0.3700   -1289.4375  0.8013 
   00764    0.3925   -1291.1971  0.8023 
   00765    0.3925   -1285.1174  0.8040 
   00766    0.3850   -1304.2485  0.8153 
   00767    0.3550   -1303.8105  0.8065 
   00768    0.3625   -1302.7493  0.8002 
   00769    0.3900   -1293.5855  0.8025 
   00770    0.3675   -1284.9814  0.7957 
   00771    0.3700   -1299.1423  0.8040 
   00772    0.4225   -1292.1010  0.8017 
   00773    0.3700   -1277.8838  0.8011 
   00774    0.4275   -1264.8718  0.7944 
   00775    0.4300   -1268.7004  0.7900 
   00776    0.4225   -1276.8127  0.7900 
   00777    0.4575   -1274.3981  0.7812 
   00778    0.4150   -1291.4247  0.7860 
   00779    0.3900   -1282.7835  0.7840 
   00780    0.4050   -1279.3700  0.7772 
   00781    0.4125   -1251.5859  0.7795 
   00782    0.3950   -1280.1326  0.7951 
   00783    0.3925   -1286.3367  0.7906 
   00784    0.4000   -1315.7819  0.8092 
   00785    0.4100   -1307.2485  0.8080 
   00786    0.3950   -1302.0396  0.8029 
   00787    0.3900   -1318.5193  0.8039 
   00788    0.3950   -1304.9696  0.7995 
   00789    0.3700   -1310.7964  0.7916 
   00790    0.4075   -1298.4477  0.7976 
   00791    0.3700   -1301.7826  0.7889 
   00792    0.3975   -1253.8216  0.7580 
   00793    0.3725   -1250.9272  0.7305 
   00794    0.4125   -1287.7623  0.7490 
   00795    0.4100   -1269.2906  0.7396 
   00796    0.3775   -1286.2277  0.7431 
   00797    0.3625   -1300.3180  0.7504 
   00798    0.3700   -1294.7308  0.7438 
   00799    0.4250   -1296.3002  0.7498 
   00800    0.4175   -1300.5465  0.7527 
   00801    0.3850   -1274.0032  0.7582 
   00802    0.4150   -1251.2336  0.7582 
   00803    0.4250   -1266.6845  0.7726 
   00804    0.3750   -1260.5303  0.7641 
   00805    0.4075   -1275.4215  0.7624 
   00806    0.3825   -1245.6609  0.7446 
   00807    0.3675   -1253.9871  0.7455 
   00808    0.3850   -1258.0316  0.7658 
   00809    0.4025   -1267.1140  0.7574 
   00810    0.4100   -1242.2051  0.7623 
   00811    0.3875   -1271.4985  0.7741 
   00812    0.3900   -1268.4794  0.7670 
   00813    0.3875   -1260.9239  0.7631 
   00814    0.4150   -1261.6281  0.7630 
   00815    0.4150   -1262.2941  0.7622 
   00816    0.3825   -1221.2760  0.7532 
   00817    0.4150   -1243.5744  0.7597 
   00818    0.4325   -1263.1080  0.7617 
   00819    0.4050   -1271.3238  0.7652 
   00820    0.4550   -1257.0118  0.7647 
   00821    0.3775   -1262.2123  0.7645 
   00822    0.4175   -1270.8459  0.7636 
   00823    0.3900   -1279.3472  0.7642 
   00824    0.4025   -1262.5380  0.7473 
   00825    0.4300   -1253.9739  0.7540 
   00826    0.4050   -1285.6754  0.7640 
   00827    0.4225   -1271.8314  0.7718 
   00828    0.3800   -1292.8482  0.7818 
   00829    0.3725   -1303.3503  0.7926 
   00830    0.3850   -1315.3280  0.7927 
   00831    0.3850   -1318.8346  0.7993 
   00832    0.4325   -1290.4041  0.7838 
   00833    0.3825   -1297.6078  0.7836 
   00834    0.3700   -1318.2652  0.7732 
   00835    0.3800   -1323.2509  0.7811 
   00836    0.3250   -1301.4037  0.7759 
   00837    0.3775   -1305.4457  0.7895 
   00838    0.3725   -1297.9878  0.7933 
   00839    0.3900   -1311.2262  0.8131 
   00840    0.4475   -1278.4353  0.7930 
   00841    0.3400   -1280.9764  0.7919 
   00842    0.3600   -1282.9964  0.7750 
   00843    0.4325   -1277.3940  0.7723 
   00844    0.3725   -1300.8178  0.7914 
   00845    0.4000   -1298.6743  0.7962 
   00846    0.3750   -1303.7466  0.8058 
   00847    0.4000   -1318.4940  0.8071 
   00848    0.3775   -1316.8600  0.8072 
   00849    0.4300   -1305.3704  0.7907 
   00850    0.3925   -1297.2166  0.7884 
   00851    0.3900   -1297.7416  0.7903 
   00852    0.3450   -1315.2679  0.8086 
   00853    0.3675   -1317.3844  0.8151 
   00854    0.4300   -1295.7237  0.8065 
   00855    0.4200   -1281.0599  0.7971 
   00856    0.4350   -1281.4627  0.7894 
   00857    0.4200   -1293.1083  0.7897 
   00858    0.3575   -1268.6151  0.7722 
   00859    0.4050   -1273.4038  0.7643 
   00860    0.3425   -1289.3324  0.7764 
   00861    0.4450   -1287.9216  0.7704 
   00862    0.4150   -1292.9421  0.7820 
   00863    0.3800   -1281.3198  0.7635 
   00864    0.3775   -1271.7702  0.7685 
   00865    0.3500   -1283.4982  0.7773 
   00866    0.3575   -1285.2675  0.7790 
   00867    0.3875   -1284.1598  0.7776 
   00868    0.3600   -1287.1417  0.7827 
   00869    0.4250   -1276.6605  0.7767 
   00870    0.4075   -1275.6593  0.7679 
   00871    0.4425   -1259.6163  0.7707 
   00872    0.4000   -1259.9377  0.7737 
   00873    0.3925   -1260.2200  0.7629 
   00874    0.3500   -1259.3302  0.7805 
   00875    0.4300   -1278.0302  0.7948 
   00876    0.3975   -1266.0302  0.7812 
   00877    0.3700   -1271.5019  0.7851 
   00878    0.4325   -1263.8407  0.7847 
   00879    0.4000   -1268.5696  0.7865 
   00880    0.4225   -1295.8960  0.7987 
   00881    0.4475   -1289.7556  0.7946 
   00882    0.3625   -1302.2084  0.7967 
   00883    0.4100   -1299.2723  0.7846 
   00884    0.3825   -1292.6656  0.7863 
   00885    0.4025   -1320.9774  0.7927 
   00886    0.3650   -1312.8293  0.7768 
   00887    0.3750   -1308.6941  0.7798 
   00888    0.3850   -1312.2877  0.7998 
   00889    0.4125   -1307.2608  0.8022 
   00890    0.3750   -1301.1596  0.8045 
   00891    0.3900   -1315.7188  0.8091 
   00892    0.3900   -1310.2697  0.8030 
   00893    0.4025   -1317.8944  0.8104 
   00894    0.4000   -1325.5820  0.8203 
   00895    0.3350   -1303.9663  0.8175 
   00896    0.4050   -1318.3234  0.8305 
   00897    0.4000   -1318.3562  0.8256 
   00898    0.3250   -1303.9176  0.8208 
   00899    0.3825   -1304.4418  0.8229 
   00900    0.4225   -1288.1824  0.8216 
   00901    0.3875   -1300.3625  0.8172 
   00902    0.4225   -1247.2459  0.7974 
   00903    0.4450   -1263.3923  0.8051 
   00904    0.4500   -1266.4542  0.7896 
   00905    0.3925   -1277.5674  0.7943 
   00906    0.3675   -1269.8309  0.7808 
   00907    0.4100   -1263.7363  0.7634 
   00908    0.3925   -1268.3555  0.7606 
   00909    0.4150   -1265.5184  0.7540 
   00910    0.3775   -1275.4149  0.7527 
   00911    0.3575   -1268.0315  0.7489 
   00912    0.4075   -1263.0676  0.7401 
   00913    0.4275   -1296.4307  0.7587 
   00914    0.4125   -1306.2648  0.7656 
   00915    0.3975   -1300.1787  0.7696 
   00916    0.3950   -1294.4891  0.7727 
   00917    0.3750   -1289.8836  0.7697 
   00918    0.3825   -1302.6434  0.7647 
   00919    0.4150   -1296.3468  0.7481 
   00920    0.3700   -1298.2418  0.7401 
   00921    0.4300   -1272.0009  0.7462 
   00922    0.4475   -1258.7670  0.7456 
   00923    0.4075   -1283.3415  0.7571 
   00924    0.3700   -1312.1061  0.7502 
   00925    0.3850   -1329.9638  0.7591 
   00926    0.4200   -1317.2224  0.7516 
   00927    0.3975   -1330.3574  0.7576 
   00928    0.3875   -1335.7716  0.7576 
   00929    0.3475   -1319.3160  0.7468 
   00930    0.4200   -1298.9891  0.7394 
   00931    0.3950   -1310.3477  0.7298 
   00932    0.4225   -1318.6215  0.7400 
   00933    0.3350   -1318.5264  0.7342 
   00934    0.4100   -1314.3968  0.7267 
   00935    0.3700   -1298.3337  0.7229 
   00936    0.3925   -1299.1423  0.7231 
   00937    0.3850   -1311.5807  0.7312 
   00938    0.3850   -1287.5989  0.7261 
   00939    0.4025   -1284.9933  0.7237 
   00940    0.3600   -1290.0155  0.7269 
   00941    0.4250   -1274.8258  0.7410 
   00942    0.4275   -1289.8946  0.7546 
   00943    0.3775   -1283.1864  0.7470 
   00944    0.3275   -1275.4102  0.7424 
   00945    0.3850   -1290.1722  0.7497 
   00946    0.4275   -1286.6377  0.7524 
   00947    0.4150   -1279.7655  0.7453 
   00948    0.3850   -1268.1262  0.7301 
   00949    0.3850   -1262.9153  0.7442 
   00950    0.3975   -1262.5021  0.7472 
   00951    0.4100   -1248.3112  0.7404 
   00952    0.4500   -1273.8857  0.7555 
   00953    0.4000   -1275.5581  0.7503 
   00954    0.3925   -1258.7442  0.7351 
   00955    0.4475   -1249.6250  0.7228 
   00956    0.4300   -1241.3106  0.7237 
   00957    0.3750   -1224.8280  0.7050 
   00958    0.4525   -1239.0328  0.7121 
   00959    0.4100   -1259.0225  0.7309 
   00960    0.4125   -1238.1295  0.7368 
   00961    0.3500   -1261.1250  0.7361 
   00962    0.3900   -1264.2871  0.7358 
   00963    0.4350   -1246.7434  0.7492 
   00964    0.4325   -1261.8092  0.7374 
   00965    0.4025   -1256.4281  0.7455 
   00966    0.3825   -1270.7403  0.7459 
   00967    0.4175   -1267.3617  0.7385 
   00968    0.3950   -1270.7503  0.7318 
   00969    0.3950   -1256.3448  0.7300 
   00970    0.4025   -1253.4366  0.7253 
   00971    0.3975   -1260.7316  0.7338 
   00972    0.4150   -1268.3773  0.7490 
   00973    0.3850   -1264.0001  0.7435 
   00974    0.4175   -1289.3833  0.7524 
   00975    0.4175   -1292.7526  0.7558 
   00976    0.4075   -1288.0059  0.7498 
   00977    0.3425   -1277.2018  0.7451 
   00978    0.4025   -1279.3437  0.7430 
   00979    0.3825   -1288.5265  0.7497 
   00980    0.3975   -1263.2831  0.7586 
   00981    0.4175   -1256.7439  0.7661 
   00982    0.3500   -1281.3142  0.7729 
   00983    0.3825   -1258.2737  0.7531 
   00984    0.3975   -1267.0166  0.7622 
   00985    0.3875   -1267.3743  0.7645 
   00986    0.3975   -1286.9463  0.7833 
   00987    0.3975   -1292.6654  0.7807 
   00988    0.3925   -1307.8796  0.7848 
   00989    0.3775   -1291.5934  0.7752 
   00990    0.4075   -1275.8598  0.7569 
   00991    0.4025   -1299.4115  0.7699 
   00992    0.4175   -1307.8660  0.7823 
   00993    0.4300   -1295.0740  0.7726 
   00994    0.3775   -1282.6766  0.7592 
   00995    0.4100   -1270.3654  0.7724 
   00996    0.4000   -1265.4931  0.7632 
   00997    0.3900   -1270.4727  0.7578 
   00998    0.4225   -1259.3601  0.7538 
   00999    0.3800   -1249.2319  0.7532 
   01000    0.4375   -1278.9787  0.7568 
