#=====================================================
# File created:        Fri-13-Feb-2026-at-12-55-08PM
# Size of lattice:     20x20
# Number of MC steps:  1000
# Reduced temperature: 0.600
# Run time (s):        15.518291
#=====================================================
# MC step:  Ratio:     Energy:   Order:
#=====================================================
   00000    0.5000    -358.4636  0.2782 
   00001    0.7000    -553.3442  0.2814 
   00002    0.5900    -693.3730  0.3137 
   00003    0.6250    -779.2651  0.3215 
   00004    0.6225    -850.5511  0.3249 
   00005    0.5425    -893.3348  0.3196 
   00006    0.5350    -959.3113  0.3555 
   00007    0.5250    -973.9797  0.3511 
   00008    0.4600   -1016.9598  0.3895 
   00009    0.4800   -1032.9690  0.3935 
   00010    0.4450   -1025.2475  0.4028 
   00011    0.4800   -1070.7366  0.4153 
   00012    0.4800   -1081.8139  0.4187 
   00013    0.4875   -1089.4043  0.4500 
   00014    0.4650   -1125.8951  0.4774 
   00015    0.4725   -1122.0717  0.4667 
   00016    0.4475   -1129.7940  0.4947 
   00017    0.4675   -1128.8425  0.5002 
   00018    0.4375   -1138.1217  0.5092 
   00019    0.4450   -1141.7059  0.5147 
   00020    0.4125   -1178.8539  0.5372 
   00021    0.4525   -1179.9867  0.5390 
   00022    0.4650   -1172.9488  0.5505 
   00023    0.4250   -1182.0524  0.5604 
   00024    0.4125   -1206.1665  0.5667 
   00025    0.4200   -1188.0100  0.5612 
   00026    0.4200   -1177.4195  0.5543 
   00027    0.4400   -1187.8622  0.5501 
   00028    0.4350   -1191.8478  0.5630 
   00029    0.4525   -1218.1754  0.5773 
   00030    0.4150   -1206.3359  0.5758 
   00031    0.3900   -1181.4447  0.5767 
   00032    0.4175   -1176.6654  0.5851 
   00033    0.3975   -1185.2881  0.5951 
   00034    0.4450   -1193.3617  0.6175 
   00035    0.4350   -1205.3123  0.6235 
   00036    0.3900   -1209.5485  0.6024 
   00037    0.4100   -1206.1174  0.6157 
   00038    0.4450   -1218.8027  0.6259 
   00039    0.4350   -1230.8858  0.6270 
   00040    0.4450   -1246.9888  0.6324 
   00041    0.4125   -1238.7118  0.6474 
   00042    0.3875   -1235.6562  0.6589 
   00043    0.4125   -1229.9634  0.6700 
   00044    0.4475   -1245.4560  0.6552 
   00045    0.4075   -1245.7402  0.6691 
   00046    0.4450   -1244.0796  0.6686 
   00047    0.3975   -1254.9240  0.6809 
   00048    0.4200   -1269.1933  0.7001 
   00049    0.4100   -1269.0633  0.6942 
   00050    0.4100   -1274.2443  0.7002 
   00051    0.4200   -1253.2893  0.6820 
   00052    0.4475   -1228.5952  0.6858 
   00053    0.4200   -1240.1210  0.6835 
   00054    0.4125   -1242.6068  0.6831 
   00055    0.4225   -1258.2973  0.6772 
   00056    0.4675   -1281.4236  0.6742 
   00057    0.3875   -1275.7390  0.6816 
   00058    0.3575   -1286.1054  0.6802 
   00059    0.3875   -1264.9397  0.6868 
   00060    0.3675   -1260.8515  0.6856 
   00061    0.4325   -1247.2187  0.6844 
   00062    0.3825   -1252.0332  0.6726 
   00063    0.4250   -1258.8548  0.6837 
   00064    0.4225   -1276.6043  0.6873 
   00065    0.4125   -1285.1352  0.7158 
   00066    0.4075   -1300.1624  0.7322 
   00067    0.4075   -1294.7503  0.7434 
   00068    0.4200   -1297.9359  0.7495 
   00069    0.3725   -1278.4982  0.7584 
   00070    0.4425   -1286.1146  0.7696 
   00071    0.4300   -1278.0114  0.7629 
   00072    0.4150   -1307.7041  0.7881 
   00073    0.4050   -1313.9415  0.7928 
   00074    0.4075   -1321.9016  0.8004 
   00075    0.4200   -1318.1229  0.8184 
   00076    0.4150   -1308.7163  0.8131 
   00077    0.4175   -1334.8510  0.8232 
   00078    0.3750   -1303.1965  0.8256 
   00079    0.3900   -1319.7897  0.8373 
   00080    0.4125   -1329.9798  0.8346 
   00081    0.3850   -1340.8094  0.8367 
   00082    0.3825   -1332.5050  0.8434 
   00083    0.3900   -1350.3627  0.8487 
   00084    0.3800   -1342.1076  0.8330 
   00085    0.4125   -1350.9541  0.8462 
   00086    0.4325   -1344.1883  0.8458 
   00087    0.4050   -1330.2512  0.8421 
   00088    0.4000   -1308.2054  0.8377 
   00089    0.3900   -1296.0439  0.8441 
   00090    0.3775   -1318.9544  0.8472 
   00091    0.4125   -1314.7280  0.8525 
   00092    0.3775   -1345.5411  0.8654 
   00093    0.3825   -1354.1750  0.8719 
   00094    0.3600   -1331.9632  0.8669 
   00095    0.4100   -1341.2362  0.8679 
   00096    0.3900   -1348.7879  0.8660 
   00097    0.3375   -1344.2390  0.8647 
   00098    0.3825   -1358.9045  0.8679 
   00099    0.4050   -1363.2597  0.8742 
   00100    0.4275   -1347.3419  0.8730 
   00101    0.3975   -1334.0016  0.8642 
   00102    0.3925   -1322.2683  0.8594 
   00103    0.3650   -1315.4390  0.8593 
   00104    0.4325   -1295.0738  0.8480 
   00105    0.3750   -1308.7671  0.8522 
   00106    0.4225   -1325.2804  0.8582 
   00107    0.4000   -1343.9458  0.8635 
   00108    0.3725   -1356.0646  0.8684 
   00109    0.3975   -1346.7885  0.8538 
   00110    0.4275   -1328.2716  0.8437 
   00111    0.4450   -1323.3516  0.8414 
   00112    0.3750   -1342.9664  0.8540 
   00113    0.3800   -1362.1151  0.8631 
   00114    0.3775   -1366.0360  0.8576 
   00115    0.4225   -1372.6760  0.8577 
   00116    0.4150   -1371.4930  0.8690 
   00117    0.3750   -1365.5983  0.8736 
   00118    0.3850   -1354.4987  0.8656 
   00119    0.4075   -1348.7297  0.8715 
   00120    0.3950   -1352.0036  0.8699 
   00121    0.3850   -1353.8152  0.8786 
   00122    0.4250   -1357.0690  0.8787 
   00123    0.4025   -1343.6893  0.8775 
   00124    0.3575   -1342.8973  0.8694 
   00125    0.3775   -1355.7840  0.8714 
   00126    0.4250   -1350.2493  0.8564 
   00127    0.3875   -1360.4979  0.8627 
   00128    0.3800   -1353.6176  0.8597 
   00129    0.3725   -1359.6335  0.8582 
   00130    0.3650   -1338.0049  0.8554 
   00131    0.4000   -1325.7457  0.8542 
   00132    0.4050   -1316.2278  0.8539 
   00133    0.4075   -1303.3927  0.8387 
   00134    0.4100   -1323.7848  0.8445 
   00135    0.4225   -1333.5632  0.8439 
   00136    0.3775   -1327.9297  0.8306 
   00137    0.4025   -1342.0828  0.8354 
   00138    0.3825   -1326.8997  0.8339 
   00139    0.3650   -1315.4874  0.8252 
   00140    0.3950   -1328.9915  0.8320 
   00141    0.3775   -1313.7893  0.8129 
   00142    0.3850   -1318.4073  0.8147 
   00143    0.4275   -1318.8572  0.8137 
   00144    0.3625   -1298.6446  0.7999 
   00145    0.4275   -1299.2114  0.8035 
   00146    0.3725   -1302.6084  0.8002 
   00147    0.4325   -1307.7844  0.8087 
   00148    0.4125   -1300.8175  0.8121 
   00149    0.3950   -1305.0758  0.8192 
   00150    0.3975   -1325.1265  0.8225 
   00151    0.3875   -1316.0609  0.8288 
   00152    0.3850   -1328.6391  0.8279 
   00153    0.3825   -1340.0128  0.8345 
   00154    0.3750   -1333.2878  0.8364 
   00155    0.4100   -1306.3639  0.8329 
   00156    0.4175   -1301.9307  0.8360 
   00157    0.4175   -1306.4395  0.8383 
   00158    0.3825   -1296.3831  0.8338 
   00159    0.4050   -1306.5160  0.8329 
   00160    0.4025   -1307.5890  0.8371 
   00161    0.4375   -1313.6680  0.8352 
   00162    0.3875   -1306.6311  0.8352 
   00163    0.3925   -1321.6687  0.8365 
   00164    0.3800   -1351.3399  0.8506 
   00165    0.3575   -1336.1536  0.8458 
   00166    0.4175   -1344.4687  0.8420 
   00167    0.3900   -1340.1229  0.8352 
   00168    0.4175   -1337.0547  0.8278 
   00169    0.4200   -1331.4191  0.8207 
   00170    0.4275   -1315.2665  0.8216 
   00171    0.3625   -1302.5349  0.8192 
   00172    0.3825   -1301.0889  0.8155 
   00173    0.4425   -1302.0512  0.8132 
   00174    0.4250   -1292.7095  0.8052 
   00175    0.4525   -1292.8613  0.8050 
   00176    0.3975   -1280.9461  0.8197 
   00177    0.4125   -1291.8309  0.8224 
   00178    0.4125   -1318.6751  0.8420 
   00179    0.3900   -1339.5531  0.8366 
   00180    0.4325   -1341.2130  0.8452 
   00181    0.3850   -1334.4645  0.8343 
   00182    0.3925   -1324.0868  0.8288 
   00183    0.4000   -1328.6070  0.8336 
   00184    0.4300   -1328.2856  0.8447 
   00185    0.4175   -1329.7585  0.8446 
   00186    0.4025   -1320.9927  0.8385 
   00187    0.4400   -1295.5834  0.8214 
   00188    0.3825   -1306.4293  0.8268 
   00189    0.3875   -1333.4600  0.8497 
   00190    0.3675   -1328.7608  0.8408 
   00191    0.4050   -1366.4777  0.8725 
   00192    0.4150   -1337.1416  0.8554 
   00193    0.3675   -1339.5903  0.8575 
   00194    0.4200   -1328.6713  0.8454 
   00195    0.4025   -1328.1377  0.8391 
   00196    0.3375   -1306.6436  0.8304 
   00197    0.3925   -1301.8164  0.8266 
   00198    0.4275   -1309.7456  0.8165 
   00199    0.3575   -1315.9881  0.8223 
   00200    0.4050   -1342.0485  0.8358 
   00201    0.4025   -1344.6005  0.8335 
   00202    0.4200   -1355.3595  0.8316 
   00203    0.3700   -1332.0954  0.8272 
   00204    0.4325   -1340.5156  0.8154 
   00205    0.4075   -1353.1334  0.8198 
   00206    0.4125   -1348.2942  0.8179 
   00207    0.3675   -1356.2187  0.8224 
   00208    0.3825   -1354.3719  0.8202 
   00209    0.3875   -1357.7027  0.8288 
   00210    0.4025   -1363.8058  0.8197 
   00211    0.3850   -1351.1736  0.8173 
   00212    0.3750   -1333.8011  0.8191 
   00213    0.4000   -1323.5461  0.7997 
   00214    0.3875   -1317.4205  0.7955 
   00215    0.3700   -1321.3153  0.8086 
   00216    0.3725   -1337.9861  0.8124 
   00217    0.3650   -1334.9025  0.8171 
   00218    0.4500   -1352.8946  0.8271 
   00219    0.4175   -1320.9201  0.8268 
   00220    0.4250   -1321.7548  0.8247 
   00221    0.4375   -1312.3179  0.8176 
   00222    0.4025   -1323.4973  0.8272 
   00223    0.4050   -1329.9217  0.8233 
   00224    0.3750   -1329.9005  0.8202 
   00225    0.4200   -1321.5534  0.8205 
   00226    0.4600   -1335.8894  0.8236 
   00227    0.4025   -1347.9135  0.8287 
   00228    0.3550   -1328.9047  0.8239 
   00229    0.4000   -1317.8769  0.8176 
   00230    0.3850   -1311.2115  0.8069 
   00231    0.4350   -1318.5557  0.8007 
   00232    0.3900   -1326.5082  0.8065 
   00233    0.3625   -1290.3469  0.8030 
   00234    0.4200   -1294.8507  0.8093 
   00235    0.3925   -1288.3361  0.8062 
   00236    0.4075   -1300.4744  0.8100 
   00237    0.4125   -1295.1906  0.8010 
   00238    0.4025   -1314.0867  0.8119 
   00239    0.3925   -1316.4610  0.8062 
   00240    0.4300   -1306.1841  0.8031 
   00241    0.4650   -1307.3398  0.8077 
   00242    0.3700   -1304.4412  0.8046 
   00243    0.4325   -1307.6097  0.8083 
   00244    0.4100   -1331.8157  0.8242 
   00245    0.3850   -1327.9123  0.8168 
   00246    0.4300   -1316.2778  0.8285 
   00247    0.3950   -1335.8967  0.8337 
   00248    0.4125   -1329.0215  0.8224 
   00249    0.3775   -1314.4409  0.8141 
   00250    0.4600   -1334.9421  0.8213 
   00251    0.3975   -1341.7381  0.8170 
   00252    0.4000   -1332.8506  0.8133 
   00253    0.3925   -1321.2685  0.7994 
   00254    0.4100   -1302.9125  0.7974 
   00255    0.4200   -1291.8847  0.7902 
   00256    0.4525   -1284.2981  0.7864 
   00257    0.4200   -1303.6271  0.7942 
   00258    0.3950   -1341.8469  0.8041 
   00259    0.4275   -1341.4807  0.7915 
   00260    0.4200   -1354.0783  0.7966 
   00261    0.3600   -1348.2270  0.7971 
   00262    0.3600   -1344.0822  0.7943 
   00263    0.4275   -1344.1456  0.7980 
   00264    0.3950   -1358.5003  0.8156 
   00265    0.3900   -1370.9199  0.8297 
   00266    0.3625   -1367.1717  0.8355 
   00267    0.3550   -1353.6450  0.8170 
   00268    0.3825   -1338.5273  0.8090 
   00269    0.3850   -1323.9355  0.8080 
   00270    0.3500   -1313.5830  0.8127 
   00271    0.3975   -1309.3044  0.8131 
   00272    0.4225   -1342.2017  0.8321 
   00273    0.3975   -1328.0691  0.8248 
   00274    0.3800   -1330.5089  0.8325 
   00275    0.3800   -1304.6808  0.8167 
   00276    0.3850   -1292.7797  0.8049 
   00277    0.4125   -1327.5866  0.8233 
   00278    0.4350   -1347.6217  0.8372 
   00279    0.4200   -1321.4724  0.8324 
   00280    0.3675   -1346.2342  0.8408 
   00281    0.3750   -1347.8729  0.8373 
   00282    0.4300   -1334.3117  0.8381 
   00283    0.4425   -1335.2781  0.8372 
   00284    0.4100   -1341.9602  0.8363 
   00285    0.3600   -1325.1579  0.8393 
   00286    0.3875   -1359.2128  0.8521 
   00287    0.3700   -1352.6440  0.8498 
   00288    0.3825   -1343.8702  0.8513 
   00289    0.3950   -1320.2669  0.8331 
   00290    0.4175   -1314.2994  0.8332 
   00291    0.3500   -1334.6965  0.8358 
   00292    0.3700   -1322.5721  0.8358 
   00293    0.3700   -1338.6670  0.8333 
   00294    0.3850   -1333.3286  0.8256 
   00295    0.4225   -1334.9201  0.8226 
   00296    0.3725   -1334.0209  0.8303 
   00297    0.3900   -1340.6338  0.8335 
   00298    0.3550   -1338.7163  0.8270 
   00299    0.4550   -1342.6896  0.8332 
   00300    0.3650   -1336.3376  0.8275 
   00301    0.3950   -1339.2375  0.8318 
   00302    0.3600   -1318.4264  0.8331 
   00303    0.3600   -1311.9435  0.8332 
   00304    0.3950   -1310.9929  0.8284 
   00305    0.4025   -1334.2930  0.8433 
   00306    0.4175   -1323.4688  0.8356 
   00307    0.4075   -1315.7512  0.8320 
   00308    0.4050   -1300.4459  0.8233 
   00309    0.3550   -1306.6794  0.8262 
   00310    0.3950   -1316.8051  0.8429 
   00311    0.3600   -1305.3439  0.8400 
   00312    0.3825   -1329.7107  0.8451 
   00313    0.3875   -1320.6217  0.8332 
   00314    0.3625   -1336.7823  0.8386 
   00315    0.4150   -1328.5717  0.8464 
   00316    0.3950   -1332.8693  0.8501 
   00317    0.4275   -1338.3390  0.8492 
   00318    0.3925   -1334.0885  0.8401 
   00319    0.3800   -1333.0327  0.8387 
   00320    0.3950   -1344.7191  0.8458 
   00321    0.3525   -1342.8916  0.8500 
   00322    0.3850   -1321.8422  0.8413 
   00323    0.3725   -1328.0438  0.8377 
   00324    0.4050   -1340.8399  0.8383 
   00325    0.4000   -1331.8234  0.8394 
   00326    0.4300   -1354.3324  0.8366 
   00327    0.3825   -1335.3792  0.8317 
   00328    0.4125   -1336.4244  0.8211 
   00329    0.3375   -1343.1734  0.8223 
   00330    0.3850   -1347.1772  0.8333 
   00331    0.3850   -1347.9740  0.8388 
   00332    0.3800   -1319.8079  0.8337 
   00333    0.4050   -1316.2512  0.8160 
   00334    0.4625   -1296.6691  0.8137 
   00335    0.3725   -1311.0094  0.8213 
   00336    0.3250   -1310.3761  0.8128 
   00337    0.3725   -1329.4362  0.8245 
   00338    0.3825   -1324.6962  0.8190 
   00339    0.3550   -1325.5085  0.8146 
   00340    0.3800   -1352.7528  0.8289 
   00341    0.4100   -1332.5783  0.8277 
   00342    0.3875   -1319.1189  0.8348 
   00343    0.3475   -1311.6843  0.8285 
   00344    0.4150   -1330.5681  0.8308 
   00345    0.3575   -1345.5306  0.8381 
   00346    0.3575   -1329.5943  0.8386 
   00347    0.4100   -1338.8970  0.8316 
   00348    0.3950   -1335.6058  0.8282 
   00349    0.3600   -1339.2035  0.8324 
   00350    0.4150   -1318.3035  0.8236 
   00351    0.3875   -1288.2746  0.8091 
   00352    0.4125   -1295.3209  0.8085 
   00353    0.4500   -1289.9350  0.8025 
   00354    0.4325   -1290.9355  0.7939 
   00355    0.4450   -1304.2098  0.7988 
   00356    0.4325   -1291.2549  0.7898 
   00357    0.4450   -1294.6959  0.7894 
   00358    0.4300   -1308.7746  0.8078 
   00359    0.4100   -1305.2245  0.8170 
   00360    0.4300   -1313.9567  0.7979 
   00361    0.3950   -1309.1742  0.8003 
   00362    0.3550   -1318.5740  0.7901 
   00363    0.4125   -1308.4895  0.7883 
   00364    0.3975   -1285.7199  0.7802 
   00365    0.3750   -1292.8290  0.7881 
   00366    0.4125   -1290.2775  0.7913 
   00367    0.4125   -1285.6554  0.7882 
   00368    0.4300   -1265.6879  0.7862 
   00369    0.4350   -1269.9782  0.7937 
   00370    0.4125   -1302.2380  0.7907 
   00371    0.4150   -1281.8453  0.7909 
   00372    0.4500   -1307.5893  0.7925 
   00373    0.3925   -1299.8558  0.7715 
   00374    0.4175   -1272.9821  0.7690 
   00375    0.4175   -1279.2084  0.7766 
   00376    0.4150   -1283.0007  0.7751 
   00377    0.4250   -1278.2833  0.7830 
   00378    0.4075   -1281.4440  0.7972 
   00379    0.4050   -1296.2053  0.8091 
   00380    0.4225   -1298.7358  0.8135 
   00381    0.4175   -1299.7505  0.8100 
   00382    0.3925   -1295.8492  0.8080 
   00383    0.4025   -1297.9657  0.8193 
   00384    0.4325   -1293.2338  0.8197 
   00385    0.4250   -1292.0149  0.8097 
   00386    0.4325   -1315.9042  0.8267 
   00387    0.3600   -1296.4331  0.8282 
   00388    0.4525   -1301.1652  0.8254 
   00389    0.3950   -1279.8040  0.8148 
   00390    0.3775   -1291.1268  0.8238 
   00391    0.4025   -1283.4474  0.8248 
   00392    0.4050   -1307.8930  0.8381 
   00393    0.4025   -1310.2613  0.8345 
   00394    0.4100   -1312.2295  0.8486 
   00395    0.4200   -1321.9517  0.8544 
   00396    0.3900   -1305.2392  0.8493 
   00397    0.4200   -1302.4835  0.8456 
   00398    0.4150   -1319.9469  0.8416 
   00399    0.4050   -1340.3467  0.8497 
   00400    0.3400   -1331.3832  0.8405 
   00401    0.4150   -1318.1351  0.8255 
   00402    0.4075   -1332.8147  0.8424 
   00403    0.3975   -1347.6304  0.8393 
   00404    0.3575   -1338.5536  0.8355 
   00405    0.3975   -1317.9212  0.8330 
   00406    0.3475   -1346.1720  0.8431 
   00407    0.4100   -1348.6084  0.8558 
   00408    0.4175   -1350.2798  0.8578 
   00409    0.4225   -1332.8835  0.8560 
   00410    0.3800   -1329.6801  0.8502 
   00411    0.4175   -1329.9555  0.8501 
   00412    0.4150   -1318.2290  0.8305 
   00413    0.4050   -1317.7154  0.8296 
   00414    0.4175   -1326.9705  0.8370 
   00415    0.3625   -1329.2934  0.8491 
   00416    0.3875   -1314.2172  0.8329 
   00417    0.3875   -1303.8140  0.8251 
   00418    0.4175   -1327.3140  0.8353 
   00419    0.4275   -1314.1869  0.8284 
   00420    0.4025   -1312.1639  0.8364 
   00421    0.3825   -1326.9094  0.8316 
   00422    0.4075   -1325.4004  0.8330 
   00423    0.4400   -1292.4489  0.8165 
   00424    0.4475   -1302.0837  0.8114 
   00425    0.4025   -1288.3558  0.8096 
   00426    0.4300   -1289.0995  0.8119 
   00427    0.4150   -1283.0100  0.8037 
   00428    0.3700   -1276.1502  0.7976 
   00429    0.3875   -1287.3166  0.7907 
   00430    0.4275   -1299.5122  0.7956 
   00431    0.4300   -1301.6614  0.7903 
   00432    0.4025   -1294.9490  0.7837 
   00433    0.4050   -1304.8656  0.7935 
   00434    0.4325   -1302.6626  0.7864 
   00435    0.4175   -1313.5637  0.8139 
   00436    0.4225   -1316.7940  0.8332 
   00437    0.3875   -1288.1456  0.8194 
   00438    0.3775   -1276.4056  0.8200 
   00439    0.4250   -1276.4037  0.8206 
   00440    0.4450   -1313.7817  0.8350 
   00441    0.4000   -1308.7392  0.8377 
   00442    0.3950   -1323.9516  0.8388 
   00443    0.3875   -1324.0840  0.8390 
   00444    0.3700   -1327.7897  0.8316 
   00445    0.4250   -1309.9486  0.8199 
   00446    0.3925   -1316.5494  0.8318 
   00447    0.3875   -1323.7089  0.8423 
   00448    0.3650   -1316.5864  0.8434 
   00449    0.4125   -1307.7917  0.8446 
   00450    0.3850   -1318.4946  0.8465 
   00451    0.3975   -1309.5006  0.8382 
   00452    0.4225   -1308.3254  0.8263 
   00453    0.4175   -1297.2078  0.8148 
   00454    0.4225   -1301.0216  0.8094 
   00455    0.4150   -1321.9568  0.8095 
   00456    0.3775   -1301.1987  0.7934 
   00457    0.4300   -1319.5849  0.7954 
   00458    0.4375   -1317.6970  0.8100 
   00459    0.4250   -1317.0521  0.8053 
   00460    0.4250   -1297.2253  0.7946 
   00461    0.3975   -1311.9866  0.8124 
   00462    0.3700   -1313.9504  0.8088 
   00463    0.4050   -1301.5411  0.8083 
   00464    0.3600   -1301.4166  0.8067 
   00465    0.3775   -1309.8753  0.8090 
   00466    0.4125   -1323.2200  0.8129 
   00467    0.4325   -1325.9135  0.8112 
   00468    0.4275   -1336.2429  0.8062 
   00469    0.3525   -1333.4271  0.8103 
   00470    0.4050   -1331.7901  0.8059 
   00471    0.4175   -1313.7823  0.7959 
   00472    0.4250   -1313.5674  0.8069 
   00473    0.3950   -1308.4121  0.8209 
   00474    0.4125   -1334.0582  0.8352 
   00475    0.4275   -1336.6444  0.8345 
   00476    0.3775   -1304.2060  0.8259 
   00477    0.4325   -1326.4181  0.8409 
   00478    0.3625   -1325.6563  0.8377 
   00479    0.4000   -1317.9849  0.8397 
   00480    0.4150   -1326.6856  0.8528 
   00481    0.4175   -1346.6906  0.8631 
   00482    0.3950   -1327.9625  0.8583 
   00483    0.3725   -1315.1294  0.8457 
   00484    0.3850   -1326.0285  0.8456 
   00485    0.4125   -1327.4635  0.8492 
   00486    0.3675   -1328.3911  0.8580 
   00487    0.3800   -1312.9111  0.8613 
   00488    0.4225   -1319.1025  0.8558 
   00489    0.3600   -1333.0989  0.8567 
   00490    0.3625   -1331.6615  0.8552 
   00491    0.3850   -1324.7461  0.8534 
   00492    0.4175   -1325.4208  0.8600 
   00493    0.3675   -1334.9001  0.8596 
   00494    0.3875   -1315.5310  0.8485 
   00495    0.3625   -1321.2066  0.8504 
   00496    0.4100   -1315.1727  0.8460 
   00497    0.4175   -1334.4722  0.8482 
   00498    0.4250   -1322.1040  0.8310 
   00499    0.3950   -1327.1145  0.8350 
   00500    0.4225   -1318.5506  0.8315 
   00501    0.3900   -1314.9123  0.8272 
   00502    0.3775   -1331.2576  0.8301 
   00503    0.4050   -1320.0330  0.8320 
   00504    0.3675   -1325.8771  0.8308 
   00505    0.3900   -1316.9382  0.8349 
   00506    0.4150   -1331.0743  0.8341 
   00507    0.3825   -1336.2703  0.8389 
   00508    0.4250   -1327.4383  0.8287 
   00509    0.3925   -1325.7938  0.8338 
   00510    0.4300   -1332.1434  0.8412 
   00511    0.3625   -1360.8703  0.8536 
   00512    0.4075   -1340.5867  0.8470 
   00513    0.3675   -1339.6511  0.8425 
   00514    0.4150   -1324.8573  0.8431 
   00515    0.3600   -1325.7891  0.8462 
   00516    0.4200   -1331.3105  0.8429 
   00517    0.4100   -1335.4844  0.8519 
   00518    0.3950   -1312.6758  0.8406 
   00519    0.4075   -1311.1990  0.8349 
   00520    0.3875   -1314.1415  0.8235 
   00521    0.4175   -1299.6521  0.8142 
   00522    0.3925   -1296.0438  0.8232 
   00523    0.3925   -1320.1855  0.8252 
   00524    0.3875   -1326.9957  0.8266 
   00525    0.3975   -1325.8796  0.8188 
   00526    0.3575   -1334.3668  0.8277 
   00527    0.3725   -1337.5361  0.8445 
   00528    0.3825   -1355.1757  0.8439 
   00529    0.4100   -1367.1212  0.8525 
   00530    0.3775   -1352.5784  0.8423 
   00531    0.3850   -1336.8182  0.8451 
   00532    0.4150   -1329.3307  0.8546 
   00533    0.3725   -1341.0642  0.8593 
   00534    0.3775   -1341.5354  0.8567 
   00535    0.3600   -1330.6482  0.8595 
   00536    0.3900   -1322.6964  0.8573 
   00537    0.3800   -1330.8547  0.8501 
   00538    0.4250   -1338.2093  0.8449 
   00539    0.4100   -1339.1269  0.8450 
   00540    0.3925   -1337.2364  0.8396 
   00541    0.4075   -1319.2828  0.8349 
   00542    0.3950   -1306.6379  0.8324 
   00543    0.3700   -1308.5808  0.8284 
   00544    0.4225   -1309.6433  0.8319 
   00545    0.4200   -1310.0982  0.8209 
   00546    0.3625   -1299.8910  0.8115 
   00547    0.4225   -1326.3107  0.8277 
   00548    0.3525   -1333.2643  0.8303 
   00549    0.3825   -1333.2926  0.8312 
   00550    0.3750   -1321.2629  0.8216 
   00551    0.3725   -1317.7287  0.8191 
   00552    0.3825   -1304.2872  0.8151 
   00553    0.4275   -1285.4525  0.7999 
   00554    0.4400   -1286.7880  0.8139 
   00555    0.4475   -1299.3472  0.8199 
   00556    0.3900   -1291.2575  0.8195 
   00557    0.3975   -1289.1980  0.8303 
   00558    0.4050   -1286.9786  0.8347 
   00559    0.4025   -1316.1751  0.8520 
   00560    0.4325   -1314.1447  0.8441 
   00561    0.4275   -1299.1397  0.8371 
   00562    0.3825   -1305.1059  0.8478 
   00563    0.3975   -1320.6526  0.8524 
   00564    0.4250   -1324.5539  0.8543 
   00565    0.3675   -1332.2965  0.8548 
   00566    0.4025   -1333.9587  0.8505 
   00567    0.3725   -1342.2997  0.8496 
   00568    0.3850   -1353.8754  0.8540 
   00569    0.3600   -1351.0188  0.8458 
   00570    0.3800   -1334.2674  0.8456 
   00571    0.4200   -1350.3049  0.8459 
   00572    0.3975   -1317.6167  0.8405 
   00573    0.4425   -1318.2845  0.8415 
   00574    0.3950   -1330.7054  0.8418 
   00575    0.4275   -1319.2329  0.8367 
   00576    0.4125   -1323.5013  0.8486 
   00577    0.3625   -1332.4368  0.8468 
   00578    0.4300   -1327.2891  0.8424 
   00579    0.4000   -1335.4180  0.8443 
   00580    0.3950   -1325.1723  0.8539 
   00581    0.3800   -1309.1994  0.8492 
   00582    0.4250   -1305.5488  0.8405 
   00583    0.4000   -1305.1209  0.8403 
   00584    0.4000   -1306.0152  0.8350 
   00585    0.3950   -1334.9102  0.8389 
   00586    0.4275   -1337.6241  0.8287 
   00587    0.3975   -1350.4798  0.8296 
   00588    0.3800   -1332.9230  0.8361 
   00589    0.3600   -1318.5961  0.8270 
   00590    0.3850   -1318.3917  0.8120 
   00591    0.3750   -1327.0917  0.8175 
   00592    0.4175   -1328.2299  0.8205 
   00593    0.3725   -1323.9145  0.8141 
   00594    0.3700   -1320.1878  0.8137 
   00595    0.4125   -1316.2920  0.8052 
   00596    0.3950   -1325.2898  0.8088 
   00597    0.3725   -1307.6420  0.8097 
   00598    0.3900   -1315.4381  0.8105 
   00599    0.4125   -1322.8298  0.8140 
   00600    0.3375   -1317.7332  0.8019 
   00601    0.4025   -1319.5405  0.8073 
   00602    0.3875   -1335.4330  0.8111 
   00603    0.4075   -1337.2628  0.8136 
   00604    0.4025   -1351.9638  0.8089 
   00605    0.3975   -1331.5783  0.8094 
   00606    0.3925   -1327.7635  0.8129 
   00607    0.4225   -1326.2534  0.8003 
   00608    0.4050   -1336.6658  0.7947 
   00609    0.3900   -1326.3293  0.7851 
   00610    0.3900   -1305.9042  0.7859 
   00611    0.4125   -1298.6071  0.7833 
   00612    0.4000   -1311.0026  0.7862 
   00613    0.4100   -1317.9908  0.7950 
   00614    0.3925   -1307.4194  0.7916 
   00615    0.4175   -1319.2261  0.7874 
   00616    0.3750   -1312.8763  0.7818 
   00617    0.4450   -1306.6289  0.7906 
   00618    0.3850   -1308.9069  0.7981 
   00619    0.3625   -1302.5055  0.8018 
   00620    0.4300   -1320.1553  0.8102 
   00621    0.4150   -1307.2295  0.8040 
   00622    0.4300   -1302.7979  0.8020 
   00623    0.4000   -1292.0133  0.8013 
   00624    0.4125   -1306.7674  0.8054 
   00625    0.3700   -1313.5944  0.8035 
   00626    0.4200   -1306.9337  0.8041 
   00627    0.3875   -1290.0934  0.8025 
   00628    0.4375   -1300.5605  0.8014 
   00629    0.3975   -1272.1794  0.7991 
   00630    0.4600   -1287.1732  0.8067 
   00631    0.4175   -1289.9217  0.8054 
   00632    0.4050   -1310.8245  0.8009 
   00633    0.4225   -1304.7944  0.7924 
   00634    0.4100   -1298.8427  0.7966 
   00635    0.3900   -1305.7161  0.7971 
   00636    0.3925   -1320.2058  0.8088 
   00637    0.3875   -1294.2664  0.7874 
   00638    0.3725   -1288.3125  0.7970 
   00639    0.4125   -1316.3821  0.8030 
   00640    0.3800   -1323.2385  0.8099 
   00641    0.3950   -1292.9333  0.7914 
   00642    0.3650   -1301.1272  0.7937 
   00643    0.4350   -1283.1010  0.7794 
   00644    0.4150   -1293.9886  0.7912 
   00645    0.3875   -1305.3511  0.7906 
   00646    0.4325   -1311.9045  0.7761 
   00647    0.4025   -1325.8068  0.7913 
   00648    0.4350   -1305.7192  0.7846 
   00649    0.3950   -1310.5453  0.7874 
   00650    0.3725   -1306.4740  0.7789 
   00651    0.3900   -1305.8914  0.7745 
   00652    0.4000   -1318.9773  0.7847 
   00653    0.3950   -1315.0608  0.7786 
   00654    0.4275   -1301.1906  0.7615 
   00655    0.3950   -1290.7798  0.7536 
   00656    0.4100   -1269.4768  0.7539 
   00657    0.4025   -1270.4262  0.7504 
   00658    0.4400   -1292.8802  0.7623 
   00659    0.4675   -1269.2920  0.7477 
   00660    0.4400   -1284.0938  0.7670 
   00661    0.4300   -1286.5063  0.7800 
   00662    0.3950   -1292.9164  0.7863 
   00663    0.4075   -1311.7512  0.7974 
   00664    0.4275   -1313.8663  0.8074 
   00665    0.4075   -1319.5637  0.8004 
   00666    0.3725   -1312.2788  0.8063 
   00667    0.4150   -1320.4607  0.8156 
   00668    0.4450   -1317.5010  0.8176 
   00669    0.4175   -1307.3803  0.8186 
   00670    0.4200   -1308.4023  0.8245 
   00671    0.4050   -1301.9005  0.8193 
   00672    0.4475   -1291.7150  0.8121 
   00673    0.4300   -1282.1050  0.8003 
   00674    0.3825   -1330.5302  0.8241 
   00675    0.4050   -1315.7423  0.8190 
   00676    0.4050   -1313.0534  0.8194 
   00677    0.3850   -1318.4979  0.8303 
   00678    0.4100   -1336.4013  0.8416 
   00679    0.4050   -1343.8439  0.8340 
   00680    0.3875   -1322.9071  0.8279 
   00681    0.4250   -1318.1279  0.8298 
   00682    0.3700   -1321.0463  0.8365 
   00683    0.3650   -1311.2162  0.8409 
   00684    0.4425   -1308.6783  0.8343 
   00685    0.4400   -1287.5607  0.8217 
   00686    0.4075   -1298.5650  0.8283 
   00687    0.3900   -1291.6796  0.8232 
   00688    0.3625   -1291.2459  0.8258 
   00689    0.3950   -1297.9132  0.8371 
   00690    0.3900   -1331.4395  0.8360 
   00691    0.4225   -1326.7577  0.8381 
   00692    0.3675   -1331.3968  0.8424 
   00693    0.3925   -1344.4747  0.8459 
   00694    0.3825   -1332.5196  0.8434 
   00695    0.4225   -1317.2302  0.8342 
   00696    0.4000   -1309.9948  0.8318 
   00697    0.3700   -1310.1268  0.8253 
   00698    0.4225   -1297.7694  0.8282 
   00699    0.4075   -1300.4420  0.8352 
   00700    0.3925   -1304.7425  0.8427 
   00701    0.4050   -1304.4522  0.8430 
   00702    0.4025   -1297.8942  0.8355 
   00703    0.4200   -1309.9183  0.8330 
   00704    0.4450   -1313.5995  0.8421 
   00705    0.3925   -1317.6266  0.8455 
   00706    0.3975   -1321.5444  0.8558 
   00707    0.3850   -1329.2718  0.8565 
   00708    0.3775   -1320.0236  0.8512 
   00709    0.3725   -1327.9593  0.8505 
   00710    0.4000   -1339.8897  0.8611 
   00711    0.3875   -1360.2912  0.8663 
   00712    0.4450   -1346.6777  0.8652 
   00713    0.3850   -1333.5187  0.8619 
   00714    0.3575   -1353.8647  0.8594 
   00715    0.3850   -1363.0998  0.8649 
   00716    0.3800   -1342.1845  0.8500 
   00717    0.3650   -1359.2650  0.8571 
   00718    0.3375   -1353.6263  0.8579 
   00719    0.4200   -1363.9159  0.8649 
   00720    0.3500   -1344.6033  0.8536 
   00721    0.3975   -1333.1789  0.8659 
   00722    0.4100   -1328.7015  0.8675 
   00723    0.3975   -1322.7434  0.8637 
   00724    0.3675   -1332.2834  0.8656 
   00725    0.4000   -1303.1054  0.8488 
   00726    0.4175   -1317.1824  0.8510 
   00727    0.3750   -1317.4066  0.8571 
   00728    0.4050   -1311.8117  0.8510 
   00729    0.3800   -1323.2661  0.8538 
   00730    0.3825   -1309.8141  0.8570 
   00731    0.4175   -1329.9148  0.8538 
   00732    0.3800   -1341.7030  0.8518 
   00733    0.3975   -1317.2639  0.8370 
   00734    0.4225   -1332.2981  0.8458 
   00735    0.3900   -1318.3687  0.8435 
   00736    0.3800   -1321.9621  0.8407 
   00737    0.3825   -1306.8875  0.8359 
   00738    0.4050   -1303.6568  0.8258 
   00739    0.4225   -1310.3476  0.8316 
   00740    0.4000   -1318.0309  0.8313 
   00741    0.3750   -1338.6609  0.8456 
   00742    0.4100   -1352.7398  0.8560 
   00743    0.3650   -1351.8564  0.8553 
   00744    0.3975   -1346.7283  0.8509 
   00745    0.3800   -1352.8698  0.8530 
   00746    0.3700   -1356.9151  0.8559 
   00747    0.4350   -1337.7550  0.8406 
   00748    0.3950   -1332.9196  0.8340 
   00749    0.3925   -1336.8008  0.8399 
   00750    0.4050   -1337.9677  0.8367 
   00751    0.4050   -1321.2367  0.8238 
   00752    0.3500   -1314.2638  0.8234 
   00753    0.3925   -1318.6865  0.8185 
   00754    0.4175   -1321.6046  0.8202 
   00755    0.4200   -1324.0297  0.8222 
   00756    0.4250   -1344.4517  0.8378 
   00757    0.3800   -1338.2851  0.8382 
   00758    0.3975   -1321.5527  0.8281 
   00759    0.3825   -1316.8769  0.8301 
   00760    0.3900   -1307.6200  0.8295 
   00761    0.4400   -1317.8395  0.8337 
   00762    0.3925   -1316.0682  0.8371 
   00763    0.4225   -1320.5442  0.8271 
   00764    0.4150   -1311.3060  0.8156 
   00765    0.4225   -1299.6023  0.8091 
   00766    0.4225   -1342.1200  0.8282 
   00767    0.4375   -1318.0762  0.8252 
   00768    0.3700   -1315.2316  0.8184 
   00769    0.4400   -1304.1452  0.8204 
   00770    0.3750   -1312.7126  0.8244 
   00771    0.4075   -1319.3433  0.8168 
   00772    0.3975   -1312.4032  0.8077 
   00773    0.3925   -1310.4685  0.8023 
   00774    0.4325   -1329.5525  0.8095 
   00775    0.3925   -1340.0106  0.8094 
   00776    0.4250   -1337.9088  0.8115 
   00777    0.3625   -1337.1994  0.8023 
   00778    0.4050   -1354.1966  0.8142 
   00779    0.3775   -1347.1769  0.8284 
   00780    0.3575   -1358.4636  0.8249 
   00781    0.4100   -1351.3576  0.8335 
   00782    0.4025   -1344.3651  0.8386 
   00783    0.4250   -1346.3333  0.8427 
   00784    0.3675   -1335.4192  0.8387 
   00785    0.3725   -1340.0243  0.8412 
   00786    0.4100   -1297.5095  0.8205 
   00787    0.4250   -1314.0541  0.8224 
   00788    0.4075   -1310.6269  0.8255 
   00789    0.3625   -1298.2908  0.8210 
   00790    0.3725   -1285.3970  0.8229 
   00791    0.4000   -1298.1378  0.8231 
   00792    0.4525   -1314.9289  0.8143 
   00793    0.3925   -1316.3234  0.8164 
   00794    0.4400   -1323.8621  0.8148 
   00795    0.4100   -1313.4140  0.8007 
   00796    0.4250   -1317.7855  0.8128 
   00797    0.4225   -1320.2754  0.8213 
   00798    0.3675   -1319.3937  0.8275 
   00799    0.4400   -1317.7571  0.8166 
   00800    0.3625   -1308.7555  0.8114 
   00801    0.4200   -1290.2359  0.8155 
   00802    0.4425   -1294.3525  0.8125 
   00803    0.3725   -1297.5588  0.8071 
   00804    0.4000   -1317.0272  0.8224 
   00805    0.4225   -1329.8487  0.8210 
   00806    0.4375   -1323.2831  0.8179 
   00807    0.4250   -1308.3190  0.8188 
   00808    0.3925   -1318.0598  0.8357 
   00809    0.3900   -1292.4450  0.8267 
   00810    0.4050   -1291.6583  0.8210 
   00811    0.4400   -1304.9107  0.8224 
   00812    0.4125   -1313.9255  0.8448 
   00813    0.4050   -1289.1683  0.8273 
   00814    0.4525   -1309.6175  0.8209 
   00815    0.4100   -1286.3232  0.8202 
   00816    0.3900   -1303.6650  0.8271 
   00817    0.4300   -1319.0801  0.8291 
   00818    0.4275   -1303.1863  0.8269 
   00819    0.4375   -1337.6249  0.8353 
   00820    0.4300   -1333.4848  0.8268 
   00821    0.4050   -1343.3958  0.8413 
   00822    0.4125   -1341.2006  0.8386 
   00823    0.3575   -1331.7034  0.8333 
   00824    0.4250   -1330.0637  0.8192 
   00825    0.4050   -1332.9152  0.8153 
   00826    0.3700   -1342.1349  0.8190 
   00827    0.4225   -1330.2398  0.8267 
   00828    0.4225   -1338.2331  0.8246 
   00829    0.3825   -1356.7764  0.8315 
   00830    0.4125   -1342.5831  0.8230 
   00831    0.4000   -1331.9072  0.8218 
   00832    0.3850   -1320.4278  0.8169 
   00833    0.4200   -1320.2570  0.8202 
   00834    0.4000   -1319.9482  0.8209 
   00835    0.3625   -1323.5650  0.8215 
   00836    0.3975   -1320.0995  0.8184 
   00837    0.3850   -1306.6253  0.8173 
   00838    0.3850   -1330.3322  0.8268 
   00839    0.3475   -1299.6486  0.8134 
   00840    0.4050   -1305.8617  0.8134 
   00841    0.3700   -1320.0586  0.8217 
   00842    0.4175   -1321.2931  0.8256 
   00843    0.3775   -1352.8227  0.8325 
   00844    0.3750   -1337.5743  0.8332 
   00845    0.4200   -1347.6095  0.8369 
   00846    0.4175   -1331.0854  0.8361 
   00847    0.4075   -1326.8724  0.8386 
   00848    0.4100   -1348.7796  0.8391 
   00849    0.3800   -1335.1713  0.8243 
   00850    0.4025   -1343.6533  0.8237 
   00851    0.4200   -1323.3876  0.8092 
   00852    0.3875   -1289.6213  0.7972 
   00853    0.4100   -1297.7595  0.8058 
   00854    0.3800   -1304.7355  0.8160 
   00855    0.3850   -1312.7105  0.8176 
   00856    0.4175   -1341.5648  0.8297 
   00857    0.4150   -1342.2014  0.8329 
   00858    0.4100   -1350.4062  0.8279 
   00859    0.4100   -1320.4306  0.8107 
   00860    0.3825   -1302.9217  0.7937 
   00861    0.4225   -1304.2124  0.7936 
   00862    0.4075   -1316.0546  0.7999 
   00863    0.3700   -1327.7537  0.7858 
   00864    0.3650   -1321.9011  0.7938 
   00865    0.3825   -1307.7239  0.7880 
   00866    0.4250   -1321.7824  0.7861 
   00867    0.4275   -1315.7448  0.7811 
   00868    0.4325   -1324.9136  0.7934 
   00869    0.4025   -1326.9559  0.7924 
   00870    0.3925   -1341.1354  0.7967 
   00871    0.4525   -1307.1863  0.7852 
   00872    0.4275   -1311.4645  0.7863 
   00873    0.3850   -1333.3631  0.7894 
   00874    0.3725   -1336.4026  0.7910 
   00875    0.3675   -1326.8514  0.7758 
   00876    0.4375   -1289.3281  0.7785 
   00877    0.4100   -1315.7011  0.7912 
   00878    0.3850   -1340.2607  0.7958 
   00879    0.4075   -1376.7397  0.8173 
   00880    0.4050   -1378.6232  0.8247 
   00881    0.3625   -1379.5209  0.8347 
   00882    0.4050   -1357.0622  0.8233 
   00883    0.3825   -1348.6987  0.8191 
   00884    0.4400   -1342.5258  0.8259 
   00885    0.4250   -1318.0027  0.8110 
   00886    0.4100   -1327.8760  0.8152 
   00887    0.3800   -1320.5678  0.8031 
   00888    0.3975   -1317.3091  0.8032 
   00889    0.4575   -1325.3733  0.8174 
   00890    0.4150   -1310.0093  0.8222 
   00891    0.4625   -1299.4066  0.8250 
   00892    0.4100   -1282.1358  0.8025 
   00893    0.4000   -1301.0886  0.8188 
   00894    0.4425   -1311.3950  0.8211 
   00895    0.3950   -1315.1081  0.8201 
   00896    0.4025   -1305.0929  0.8129 
   00897    0.4475   -1301.3124  0.8130 
   00898    0.3900   -1316.6170  0.8244 
   00899    0.4825   -1327.2744  0.8280 
   00900    0.3825   -1332.5413  0.8328 
   00901    0.4275   -1317.3763  0.8330 
   00902    0.4100   -1306.1996  0.8183 
   00903    0.4175   -1302.9303  0.8222 
   00904    0.4200   -1337.8388  0.8434 
   00905    0.3650   -1324.2641  0.8360 
   00906    0.4125   -1346.4361  0.8403 
   00907    0.3600   -1341.5506  0.8422 
   00908    0.4000   -1343.9937  0.8473 
   00909    0.4150   -1330.5991  0.8293 
   00910    0.3900   -1342.5240  0.8413 
   00911    0.4050   -1325.9377  0.8401 
   00912    0.3900   -1325.0326  0.8470 
   00913    0.3725   -1330.1928  0.8500 
   00914    0.4250   -1338.2361  0.8493 
   00915    0.3875   -1343.1045  0.8491 
   00916    0.4275   -1342.2638  0.8485 
   00917    0.4325   -1337.8938  0.8488 
   00918    0.3775   -1332.3135  0.8431 
   00919    0.3925   -1331.3030  0.8498 
   00920    0.3900   -1338.4055  0.8484 
   00921    0.4275   -1344.7089  0.8396 
   00922    0.3975   -1355.1560  0.8416 
   00923    0.4000   -1347.2342  0.8347 
   00924    0.3950   -1337.9545  0.8247 
   00925    0.3775   -1352.0043  0.8383 
   00926    0.4075   -1330.0097  0.8217 
   00927    0.3850   -1323.9362  0.8217 
   00928    0.3850   -1303.0362  0.8240 
   00929    0.3600   -1325.6467  0.8353 
   00930    0.4350   -1310.8852  0.8275 
   00931    0.3900   -1320.2543  0.8251 
   00932    0.3825   -1316.1659  0.8190 
   00933    0.3600   -1284.4206  0.8148 
   00934    0.4025   -1301.6547  0.8066 
   00935    0.4075   -1315.9383  0.8049 
   00936    0.4125   -1318.1840  0.8039 
   00937    0.3950   -1320.3324  0.7988 
   00938    0.4000   -1337.2421  0.8013 
   00939    0.3900   -1323.6988  0.7924 
   00940    0.3800   -1324.9569  0.7761 
   00941    0.3575   -1322.2242  0.7841 
   00942    0.4100   -1319.8276  0.7778 
   00943    0.4300   -1312.4727  0.7803 
   00944    0.3925   -1294.6030  0.7796 
   00945    0.3875   -1288.0257  0.7800 
   00946    0.4200   -1283.3553  0.7884 
   00947    0.4150   -1317.1322  0.8035 
   00948    0.4175   -1311.0112  0.7997 
   00949    0.4275   -1318.5641  0.7997 
   00950    0.4150   -1317.0068  0.8008 
   00951    0.3900   -1297.1887  0.7989 
   00952    0.4275   -1292.9374  0.7871 
   00953    0.4050   -1296.0124  0.7810 
   00954    0.4150   -1293.0495  0.7853 
   00955    0.4500   -1295.7505  0.7828 
   00956    0.4200   -1288.4841  0.7834 
   00957    0.3925   -1292.3505  0.7947 
   00958    0.3625   -1321.2410  0.8130 
   00959    0.3225   -1323.6586  0.8152 
   00960    0.4675   -1299.9541  0.8032 
   00961    0.3750   -1312.5367  0.8145 
   00962    0.4150   -1302.4553  0.8155 
   00963    0.4050   -1317.1214  0.8113 
   00964    0.3850   -1299.2178  0.8010 
   00965    0.3950   -1285.9931  0.8056 
   00966    0.4400   -1306.9995  0.8042 
   00967    0.3875   -1305.9737  0.8144 
   00968    0.3700   -1314.9232  0.8189 
   00969    0.3600   -1304.0826  0.8144 
   00970    0.4050   -1303.6147  0.8130 
   00971    0.4350   -1302.6642  0.8099 
   00972    0.4600   -1285.9986  0.8116 
   00973    0.4100   -1272.7423  0.8061 
   00974    0.4125   -1267.2534  0.8018 
   00975    0.4000   -1261.8959  0.8100 
   00976    0.4575   -1266.3484  0.8020 
   00977    0.4125   -1272.2383  0.8025 
   00978    0.4125   -1274.8793  0.8119 
   00979    0.4425   -1285.1294  0.8184 
   00980    0.4100   -1278.5632  0.8215 
   00981    0.4075   -1291.9454  0.8040 
   00982    0.3950   -1302.5751  0.8193 
   00983    0.3700   -1320.1575  0.8275 
   00984    0.3925   -1325.7784  0.8442 
   00985    0.3975   -1341.5299  0.8442 
   00986    0.4225   -1329.9955  0.8404 
   00987    0.4425   -1319.1931  0.8329 
   00988    0.4225   -1313.4705  0.8346 
   00989    0.4200   -1330.8144  0.8345 
   00990    0.4200   -1332.4021  0.8378 
   00991    0.4250   -1326.6000  0.8388 
   00992    0.3650   -1310.7115  0.8220 
   00993    0.3625   -1295.5271  0.8112 
   00994    0.3900   -1308.5670  0.8127 
   00995    0.4150   -1288.9747  0.8002 
   00996    0.3900   -1314.9115  0.7941 
   00997    0.3875   -1306.7960  0.7945 
   00998    0.3950   -1301.7163  0.8022 
   00999    0.4125   -1295.5804  0.7972 
   01000    0.4025   -1275.6776  0.8002 
