#=====================================================
# File created:        Fri-13-Feb-2026-at-12-56-12PM
# Size of lattice:     20x20
# Number of MC steps:  1000
# Reduced temperature: 0.900
# Run time (s):        15.577629
#=====================================================
# MC step:  Ratio:     Energy:   Order:
#=====================================================
   00000    0.5000    -373.8434  0.2636 
   00001    0.7025    -607.9068  0.3348 
   00002    0.6375    -698.2136  0.3395 
   00003    0.6525    -764.0933  0.3569 
   00004    0.5525    -812.0828  0.3657 
   00005    0.5725    -874.6096  0.4091 
   00006    0.5150    -921.7937  0.4334 
   00007    0.5475    -952.0786  0.4405 
   00008    0.4675    -933.4441  0.4558 
   00009    0.5325    -938.3835  0.4599 
   00010    0.5200    -926.9821  0.4633 
   00011    0.5325    -918.2760  0.4285 
   00012    0.5100    -933.0693  0.3997 
   00013    0.4875    -955.1266  0.3930 
   00014    0.4700    -934.4508  0.3833 
   00015    0.4975    -997.6777  0.3728 
   00016    0.4200    -964.2589  0.3572 
   00017    0.4900    -953.7262  0.3374 
   00018    0.4775    -967.5264  0.3329 
   00019    0.4600    -941.4203  0.3477 
   00020    0.4825    -993.6702  0.3577 
   00021    0.4625    -997.5461  0.3499 
   00022    0.5200    -965.1261  0.3459 
   00023    0.4500    -966.6260  0.3356 
   00024    0.5175    -942.8751  0.2954 
   00025    0.5025    -959.8052  0.2791 
   00026    0.4625    -967.3335  0.2828 
   00027    0.4675    -958.4234  0.2982 
   00028    0.4600    -957.2762  0.3374 
   00029    0.4400    -950.6484  0.3333 
   00030    0.4975    -922.9657  0.3291 
   00031    0.4725    -922.5492  0.3328 
   00032    0.4825    -912.8237  0.3520 
   00033    0.5425    -918.4722  0.3289 
   00034    0.5200    -936.1559  0.3350 
   00035    0.4575    -943.0456  0.3607 
   00036    0.4900    -970.2665  0.3401 
   00037    0.4700    -972.9888  0.3423 
   00038    0.4650    -988.4701  0.3555 
   00039    0.4525   -1007.3869  0.3428 
   00040    0.4825   -1013.9429  0.3401 
   00041    0.4550   -1028.6609  0.3645 
   00042    0.4475   -1001.4077  0.3900 
   00043    0.4675    -990.7814  0.3879 
   00044    0.4675    -987.8365  0.4174 
   00045    0.4600    -995.8762  0.4042 
   00046    0.4550    -994.2165  0.3940 
   00047    0.4450    -994.3163  0.3818 
   00048    0.4450   -1011.0759  0.3673 
   00049    0.4825    -986.7451  0.3999 
   00050    0.4700   -1014.2484  0.3953 
   00051    0.4950    -995.6682  0.4315 
   00052    0.4225   -1013.5232  0.4510 
   00053    0.4650    -996.4868  0.4345 
   00054    0.4975   -1014.7605  0.4564 
   00055    0.5050    -996.9728  0.4341 
   00056    0.4725    -995.4525  0.4374 
   00057    0.4300   -1062.3580  0.4498 
   00058    0.3900   -1055.8620  0.4607 
   00059    0.4450   -1045.4062  0.4393 
   00060    0.4000   -1047.6710  0.4109 
   00061    0.4050   -1086.8380  0.4143 
   00062    0.4225   -1071.9245  0.3897 
   00063    0.4225   -1032.8030  0.3939 
   00064    0.4625   -1022.1876  0.4035 
   00065    0.4250   -1024.8604  0.4012 
   00066    0.4525    -999.3255  0.4142 
   00067    0.4875    -979.2191  0.4351 
   00068    0.4700    -977.6818  0.4370 
   00069    0.4650    -987.3727  0.4563 
   00070    0.5375   -1005.6039  0.4391 
   00071    0.4900   -1000.4282  0.4461 
   00072    0.4525   -1015.7580  0.4497 
   00073    0.4725   -1023.2028  0.4901 
   00074    0.4775    -991.1518  0.4903 
   00075    0.4750    -980.9085  0.4962 
   00076    0.4600   -1016.4635  0.4909 
   00077    0.4825   -1015.8719  0.4835 
   00078    0.4950   -1007.8995  0.5019 
   00079    0.4925   -1017.7364  0.4987 
   00080    0.4450   -1010.4431  0.4789 
   00081    0.5100   -1022.3401  0.4598 
   00082    0.4525   -1013.9916  0.4532 
   00083    0.4400   -1037.2458  0.4410 
   00084    0.3925   -1032.2928  0.4481 
   00085    0.4350   -1041.8027  0.4475 
   00086    0.4525   -1075.6317  0.4942 
   00087    0.4550   -1068.0573  0.5414 
   00088    0.4250   -1071.6117  0.5431 
   00089    0.5250   -1020.3593  0.5615 
   00090    0.4575    -979.0182  0.5548 
   00091    0.4875    -959.1561  0.5648 
   00092    0.5025   -1012.6679  0.5661 
   00093    0.4675   -1036.0170  0.5717 
   00094    0.4125   -1035.3967  0.5826 
   00095    0.4425   -1037.8009  0.5758 
   00096    0.4400   -1034.3472  0.5913 
   00097    0.4525   -1076.2882  0.5845 
   00098    0.4475   -1060.9225  0.5706 
   00099    0.4075   -1020.4951  0.5690 
   00100    0.4800   -1035.8382  0.5384 
   00101    0.4825   -1033.0938  0.5460 
   00102    0.4475   -1019.9200  0.5494 
   00103    0.4250    -992.9341  0.5497 
   00104    0.4550    -999.1964  0.5633 
   00105    0.4750   -1006.7029  0.5513 
   00106    0.4375   -1027.7513  0.5513 
   00107    0.4550   -1034.5486  0.5281 
   00108    0.4600    -997.9127  0.5375 
   00109    0.4975   -1013.0806  0.5236 
   00110    0.4675    -987.0836  0.5016 
   00111    0.4650    -963.9166  0.5049 
   00112    0.4750    -964.5057  0.4954 
   00113    0.5275    -938.3676  0.4609 
   00114    0.4925    -963.9559  0.4688 
   00115    0.4700   -1000.5792  0.4732 
   00116    0.4500   -1034.0955  0.4623 
   00117    0.4925   -1019.9547  0.4690 
   00118    0.4400   -1049.3953  0.4768 
   00119    0.5025   -1055.7616  0.4927 
   00120    0.4325   -1046.0504  0.4860 
   00121    0.4375   -1022.9996  0.4895 
   00122    0.4450   -1024.0983  0.4986 
   00123    0.4650   -1021.7741  0.5103 
   00124    0.4400   -1015.8137  0.5265 
   00125    0.4250   -1005.7887  0.5151 
   00126    0.5175   -1023.7797  0.5367 
   00127    0.4800   -1000.3133  0.5357 
   00128    0.4650   -1051.3237  0.5278 
   00129    0.4750   -1016.0301  0.5221 
   00130    0.4700   -1007.3449  0.5046 
   00131    0.4600   -1000.2141  0.5110 
   00132    0.4450    -943.4024  0.5068 
   00133    0.4825    -954.9013  0.5101 
   00134    0.4850    -959.8013  0.4877 
   00135    0.4800   -1005.5407  0.4933 
   00136    0.4500   -1014.9134  0.5045 
   00137    0.4425   -1040.4092  0.5000 
   00138    0.4450   -1023.9969  0.4916 
   00139    0.4325   -1005.3354  0.4991 
   00140    0.4350   -1030.8782  0.4867 
   00141    0.4400   -1017.6837  0.4928 
   00142    0.4625   -1049.2729  0.4985 
   00143    0.4375   -1049.1302  0.4919 
   00144    0.4275   -1019.0766  0.4640 
   00145    0.4500   -1002.2069  0.4715 
   00146    0.4450    -975.2657  0.4547 
   00147    0.4925   -1014.7883  0.4702 
   00148    0.4825   -1015.3709  0.4447 
   00149    0.4900    -997.4516  0.4541 
   00150    0.4825    -982.5598  0.4654 
   00151    0.4450   -1006.6260  0.4832 
   00152    0.4550   -1010.4455  0.4916 
   00153    0.4250   -1001.7918  0.4909 
   00154    0.4325   -1022.2228  0.4980 
   00155    0.4650   -1027.9616  0.4993 
   00156    0.4400   -1024.3564  0.4903 
   00157    0.4875   -1040.6872  0.5009 
   00158    0.4450   -1055.2970  0.5171 
   00159    0.4700   -1041.2484  0.4829 
   00160    0.4950   -1044.5718  0.5197 
   00161    0.4925   -1038.4079  0.5078 
   00162    0.4125   -1069.2930  0.5007 
   00163    0.4525   -1081.3397  0.4909 
   00164    0.4725   -1047.3695  0.4992 
   00165    0.4750   -1046.9240  0.4932 
   00166    0.4525   -1037.9086  0.4784 
   00167    0.4450   -1029.3065  0.4711 
   00168    0.4450   -1001.2718  0.4519 
   00169    0.5325   -1021.9632  0.4594 
   00170    0.4225   -1036.4187  0.4482 
   00171    0.4125   -1037.2037  0.4482 
   00172    0.4700   -1060.2024  0.4469 
   00173    0.4275   -1067.6123  0.4567 
   00174    0.4375   -1050.4529  0.4457 
   00175    0.4275   -1073.5793  0.4309 
   00176    0.4275   -1055.0151  0.4550 
   00177    0.4200   -1046.0056  0.4414 
   00178    0.4925    -992.2173  0.4239 
   00179    0.4925   -1012.8941  0.4224 
   00180    0.4475    -985.6108  0.4125 
   00181    0.4700    -974.2625  0.4045 
   00182    0.4700   -1003.8431  0.4500 
   00183    0.4450   -1002.9409  0.4405 
   00184    0.4450    -972.9283  0.4002 
   00185    0.4675    -986.9539  0.4198 
   00186    0.4675    -999.3503  0.4183 
   00187    0.4500   -1018.4966  0.4404 
   00188    0.4800   -1019.9048  0.4396 
   00189    0.4925    -991.4453  0.4060 
   00190    0.5075    -994.2963  0.3791 
   00191    0.4550   -1024.7309  0.3690 
   00192    0.4625   -1021.2753  0.3908 
   00193    0.4525   -1009.1308  0.3883 
   00194    0.4800    -998.4979  0.3976 
   00195    0.4750    -973.1178  0.3889 
   00196    0.4925    -968.0636  0.4135 
   00197    0.4550    -988.8885  0.4332 
   00198    0.4800    -987.0420  0.4404 
   00199    0.4650    -976.3534  0.4293 
   00200    0.4750   -1010.5959  0.4182 
   00201    0.4575   -1001.4794  0.4210 
   00202    0.4800    -983.6406  0.4115 
   00203    0.4825    -977.1337  0.4296 
   00204    0.4675    -986.8090  0.4369 
   00205    0.4850   -1012.0315  0.4293 
   00206    0.4825    -989.4180  0.4205 
   00207    0.4650   -1009.9770  0.4308 
   00208    0.5025   -1045.9322  0.4618 
   00209    0.4500   -1029.1013  0.4248 
   00210    0.4675   -1052.1518  0.4447 
   00211    0.4200   -1036.1266  0.4362 
   00212    0.4450   -1059.4006  0.4577 
   00213    0.3900   -1040.0687  0.4518 
   00214    0.4250   -1021.7203  0.4590 
   00215    0.4875   -1042.4130  0.4886 
   00216    0.4625   -1032.7337  0.4782 
   00217    0.4400   -1036.5040  0.4539 
   00218    0.5200   -1025.4254  0.4639 
   00219    0.4400   -1016.3474  0.4418 
   00220    0.5075    -999.6702  0.4131 
   00221    0.4800   -1011.1611  0.4004 
   00222    0.4850   -1012.5187  0.3737 
   00223    0.4500   -1011.9656  0.3618 
   00224    0.4400    -990.2183  0.3432 
   00225    0.5100   -1013.7036  0.3407 
   00226    0.4250    -994.5392  0.3082 
   00227    0.4650    -984.9161  0.2873 
   00228    0.4950    -952.7570  0.2802 
   00229    0.4675    -952.5515  0.2776 
   00230    0.4500    -983.6346  0.2668 
   00231    0.4800   -1002.2180  0.2869 
   00232    0.4825    -993.7706  0.2926 
   00233    0.4850    -958.6239  0.2840 
   00234    0.4625    -988.1019  0.3035 
   00235    0.4700   -1014.9013  0.3126 
   00236    0.4275   -1010.7565  0.3049 
   00237    0.4875   -1037.7746  0.3223 
   00238    0.4600   -1035.7989  0.3231 
   00239    0.5025   -1035.0249  0.3085 
   00240    0.4975   -1038.7136  0.3503 
   00241    0.4675   -1007.6230  0.3664 
   00242    0.4400    -991.8293  0.3668 
   00243    0.4700    -963.3749  0.3503 
   00244    0.5125    -993.8134  0.3566 
   00245    0.4350    -966.7620  0.3266 
   00246    0.5000    -951.5359  0.3360 
   00247    0.4600   -1000.5784  0.3415 
   00248    0.4725   -1019.1690  0.3370 
   00249    0.4875    -998.2936  0.3514 
   00250    0.4800    -972.1465  0.3273 
   00251    0.4300    -963.3080  0.3192 
   00252    0.5225    -981.0957  0.3535 
   00253    0.4800   -1005.0168  0.3572 
   00254    0.4550   -1008.1468  0.3654 
   00255    0.4725   -1053.9986  0.3772 
   00256    0.4750   -1064.8454  0.3877 
   00257    0.4375   -1065.5131  0.4110 
   00258    0.4400   -1063.6329  0.3836 
   00259    0.4300   -1080.1361  0.3717 
   00260    0.4200   -1074.2647  0.3540 
   00261    0.4075   -1074.1668  0.3797 
   00262    0.4200   -1079.9275  0.3815 
   00263    0.4575   -1077.4520  0.3858 
   00264    0.4600   -1088.1738  0.3875 
   00265    0.4200   -1063.5787  0.3997 
   00266    0.4425   -1058.1878  0.4082 
   00267    0.4075   -1078.9620  0.4239 
   00268    0.4575   -1030.3424  0.4127 
   00269    0.4425   -1008.8773  0.4116 
   00270    0.4725   -1030.8468  0.4137 
   00271    0.4225   -1012.6236  0.4195 
   00272    0.4625   -1040.0586  0.4239 
   00273    0.3875   -1042.8698  0.4437 
   00274    0.4450   -1027.4786  0.4329 
   00275    0.4550   -1012.8874  0.4394 
   00276    0.4775   -1020.9129  0.4660 
   00277    0.4900   -1002.8540  0.4400 
   00278    0.5375   -1036.9703  0.4365 
   00279    0.4750    -995.3287  0.4077 
   00280    0.4975   -1019.7889  0.4185 
   00281    0.3775   -1059.4075  0.4509 
   00282    0.4375   -1031.0443  0.4837 
   00283    0.4450   -1039.1138  0.5159 
   00284    0.5125   -1039.3524  0.5241 
   00285    0.4350   -1054.5258  0.5338 
   00286    0.4125   -1056.6054  0.5513 
   00287    0.4600   -1082.2243  0.5510 
   00288    0.4675   -1048.3401  0.5217 
   00289    0.4700   -1051.4468  0.5252 
   00290    0.4500   -1054.7155  0.5155 
   00291    0.4350   -1062.2730  0.5010 
   00292    0.4575   -1024.6868  0.4926 
   00293    0.4175   -1020.3612  0.4364 
   00294    0.4575   -1023.2739  0.4305 
   00295    0.4350   -1002.6506  0.4044 
   00296    0.4525    -962.2287  0.3867 
   00297    0.4800    -937.0945  0.3988 
   00298    0.4925    -979.8360  0.3937 
   00299    0.4925    -996.9292  0.3990 
   00300    0.4575   -1026.3263  0.4187 
   00301    0.3900   -1002.5713  0.4348 
   00302    0.4525   -1007.0610  0.4209 
   00303    0.4650   -1006.7128  0.4472 
   00304    0.4325    -983.3678  0.4272 
   00305    0.4700    -987.3740  0.4247 
   00306    0.4425   -1004.2210  0.4200 
   00307    0.4775   -1007.9783  0.4551 
   00308    0.4575    -989.3413  0.4671 
   00309    0.4775   -1000.1475  0.4728 
   00310    0.4675    -945.2385  0.4628 
   00311    0.5025    -969.2419  0.4854 
   00312    0.4975    -979.3508  0.4675 
   00313    0.4150    -950.2615  0.5004 
   00314    0.5450    -985.8330  0.4828 
   00315    0.5075   -1027.0987  0.5021 
   00316    0.5125   -1031.0113  0.5188 
   00317    0.4525   -1023.4280  0.5293 
   00318    0.4825   -1012.6893  0.5067 
   00319    0.4800   -1060.4569  0.5355 
   00320    0.4400   -1070.9775  0.5468 
   00321    0.4575   -1061.9147  0.5725 
   00322    0.4025   -1057.4799  0.5617 
   00323    0.4600   -1031.2851  0.5345 
   00324    0.4325   -1055.8614  0.5437 
   00325    0.4525   -1040.5199  0.5263 
   00326    0.4550   -1020.5940  0.5304 
   00327    0.4400   -1005.8803  0.5124 
   00328    0.3925   -1033.4284  0.5159 
   00329    0.4825   -1024.4027  0.5088 
   00330    0.4200   -1022.2708  0.5070 
   00331    0.4550    -956.4804  0.4834 
   00332    0.4425    -961.4060  0.4684 
   00333    0.4675    -984.8253  0.4775 
   00334    0.5250    -975.6095  0.4500 
   00335    0.4900    -962.2148  0.4452 
   00336    0.4475    -999.3843  0.4114 
   00337    0.4750   -1020.9680  0.4315 
   00338    0.4525   -1043.2562  0.4390 
   00339    0.4750   -1020.7571  0.4196 
   00340    0.4300   -1026.4684  0.4305 
   00341    0.4275   -1055.3321  0.4411 
   00342    0.4775   -1061.0064  0.4499 
   00343    0.4600   -1026.3875  0.4419 
   00344    0.4500   -1060.2564  0.4921 
   00345    0.4400   -1063.3984  0.4902 
   00346    0.4575   -1083.0195  0.4946 
   00347    0.4650   -1064.0020  0.5217 
   00348    0.4975   -1044.7697  0.5310 
   00349    0.4325   -1051.4171  0.5107 
   00350    0.3900   -1052.4839  0.5114 
   00351    0.4575   -1070.9002  0.5062 
   00352    0.4500   -1030.9284  0.4994 
   00353    0.4300   -1045.0650  0.4847 
   00354    0.4825   -1064.8016  0.5040 
   00355    0.4325   -1059.5151  0.5141 
   00356    0.4325   -1052.7282  0.4881 
   00357    0.4350   -1036.5138  0.4825 
   00358    0.4725   -1039.4334  0.4978 
   00359    0.4700   -1017.8034  0.4766 
   00360    0.4525   -1018.9616  0.4658 
   00361    0.4775    -988.6118  0.4790 
   00362    0.4875    -963.7433  0.4754 
   00363    0.4725    -996.8693  0.4496 
   00364    0.4825   -1003.1015  0.4375 
   00365    0.4725    -983.4986  0.4594 
   00366    0.4700   -1002.2512  0.4807 
   00367    0.4550   -1020.2104  0.4689 
   00368    0.4525   -1054.1150  0.4762 
   00369    0.4725   -1017.0773  0.4819 
   00370    0.4425   -1008.6242  0.4997 
   00371    0.4325   -1005.3655  0.5119 
   00372    0.4275    -999.4313  0.4930 
   00373    0.4825   -1028.2283  0.5029 
   00374    0.4500   -1027.6203  0.4904 
   00375    0.4250   -1037.4829  0.4809 
   00376    0.4925   -1037.2311  0.4598 
   00377    0.4450   -1050.1732  0.4433 
   00378    0.4900   -1012.0281  0.4348 
   00379    0.4700   -1009.0082  0.4308 
   00380    0.4950   -1028.1058  0.4453 
   00381    0.4575   -1052.7313  0.4473 
   00382    0.4500   -1029.6143  0.4242 
   00383    0.4600   -1045.5261  0.4495 
   00384    0.4625   -1054.9761  0.4458 
   00385    0.4450   -1051.5060  0.4654 
   00386    0.4775   -1072.1239  0.4629 
   00387    0.4450   -1057.8116  0.4680 
   00388    0.4500   -1034.2544  0.4508 
   00389    0.4725   -1010.6897  0.4531 
   00390    0.4525   -1006.8626  0.4463 
   00391    0.4700   -1035.1339  0.4526 
   00392    0.4725   -1012.5837  0.4422 
   00393    0.4525   -1007.5416  0.4231 
   00394    0.4975   -1005.4260  0.4169 
   00395    0.4225   -1034.6142  0.4390 
   00396    0.4700   -1057.4512  0.4640 
   00397    0.4250   -1064.5943  0.4652 
   00398    0.4700   -1039.5197  0.4309 
   00399    0.4350   -1033.9441  0.4470 
   00400    0.4775   -1015.2498  0.4618 
   00401    0.4650   -1016.2087  0.4827 
   00402    0.4500   -1013.3939  0.4861 
   00403    0.4225   -1026.8841  0.4791 
   00404    0.4575   -1040.3475  0.5010 
   00405    0.3925   -1071.2600  0.5214 
   00406    0.4375   -1078.6538  0.4940 
   00407    0.4275   -1029.3708  0.4864 
   00408    0.4675   -1028.8734  0.4856 
   00409    0.4975   -1017.1628  0.4917 
   00410    0.4250   -1019.7606  0.4720 
   00411    0.5350   -1012.9922  0.4633 
   00412    0.4700   -1023.5015  0.4683 
   00413    0.4225   -1010.0966  0.4715 
   00414    0.4500   -1025.4686  0.4774 
   00415    0.4750   -1012.7021  0.4959 
   00416    0.4250   -1037.0256  0.4680 
   00417    0.4850   -1035.1307  0.4928 
   00418    0.4700    -998.2676  0.4602 
   00419    0.4600   -1014.4228  0.4317 
   00420    0.4700    -965.2361  0.4099 
   00421    0.4775    -970.9863  0.4132 
   00422    0.5025    -946.3622  0.4150 
   00423    0.4800    -917.8708  0.3880 
   00424    0.5125    -929.7336  0.4102 
   00425    0.4900    -942.3686  0.4131 
   00426    0.5200    -992.7483  0.4023 
   00427    0.4775   -1001.3314  0.3768 
   00428    0.5100   -1005.3844  0.3717 
   00429    0.4725   -1019.8006  0.3496 
   00430    0.4400   -1011.1689  0.3412 
   00431    0.4650   -1006.0223  0.3714 
   00432    0.4450    -975.0148  0.3764 
   00433    0.5100    -972.9588  0.3919 
   00434    0.5175    -977.6505  0.4208 
   00435    0.4950    -998.7398  0.3818 
   00436    0.4625    -999.2001  0.3815 
   00437    0.4750    -978.4018  0.3795 
   00438    0.4600    -956.0361  0.3933 
   00439    0.4775    -999.4745  0.4384 
   00440    0.4875    -965.6379  0.4274 
   00441    0.4850    -982.9011  0.4216 
   00442    0.4725    -990.2384  0.4285 
   00443    0.4700   -1005.3630  0.4421 
   00444    0.4800   -1002.4638  0.4472 
   00445    0.4825   -1019.1270  0.4763 
   00446    0.4700   -1055.6886  0.4994 
   00447    0.4350   -1044.8514  0.4975 
   00448    0.4500   -1063.5289  0.5043 
   00449    0.4800   -1053.7554  0.4828 
   00450    0.4750   -1047.3850  0.4524 
   00451    0.4550   -1007.2121  0.4487 
   00452    0.5100    -994.8021  0.4525 
   00453    0.4825    -994.9000  0.4507 
   00454    0.4525    -998.5198  0.4678 
   00455    0.5675    -986.2767  0.4576 
   00456    0.4650   -1036.9369  0.4452 
   00457    0.5050   -1047.5874  0.4613 
   00458    0.4500   -1025.2539  0.4723 
   00459    0.4625   -1023.0521  0.4648 
   00460    0.4225   -1004.7928  0.4752 
   00461    0.4425    -967.6147  0.4587 
   00462    0.4650    -991.3372  0.4987 
   00463    0.4725    -995.0282  0.5177 
   00464    0.5050    -978.0881  0.5181 
   00465    0.4325    -995.5378  0.5586 
   00466    0.4475   -1035.8939  0.5690 
   00467    0.3975   -1035.1679  0.5407 
   00468    0.4650   -1058.4225  0.5361 
   00469    0.4825   -1025.4484  0.5351 
   00470    0.4550   -1062.7786  0.5443 
   00471    0.4375   -1079.2665  0.5395 
   00472    0.4425   -1055.9105  0.5457 
   00473    0.4075   -1033.5053  0.5243 
   00474    0.4025   -1049.1111  0.5208 
   00475    0.4300   -1048.9682  0.5104 
   00476    0.4575   -1075.7363  0.5042 
   00477    0.4425   -1043.3672  0.4892 
   00478    0.4125   -1055.4608  0.5224 
   00479    0.4450   -1058.3540  0.5112 
   00480    0.4550   -1052.8384  0.5334 
   00481    0.4175   -1092.3282  0.5379 
   00482    0.4400   -1065.1869  0.5281 
   00483    0.5000   -1026.0571  0.4761 
   00484    0.4575   -1041.2474  0.4918 
   00485    0.4675   -1017.5374  0.4897 
   00486    0.4675   -1032.7173  0.5003 
   00487    0.4175   -1074.0896  0.5129 
   00488    0.3900   -1070.8932  0.5199 
   00489    0.4525   -1071.4099  0.5155 
   00490    0.4250   -1076.0812  0.5380 
   00491    0.4600   -1057.3748  0.5381 
   00492    0.4675   -1047.5884  0.5501 
   00493    0.4825   -1032.3287  0.5477 
   00494    0.4525   -1038.9688  0.5496 
   00495    0.4175   -1069.3049  0.5406 
   00496    0.4000   -1098.8667  0.5539 
   00497    0.4100   -1058.1799  0.5418 
   00498    0.4325   -1049.0994  0.5166 
   00499    0.4625   -1005.1851  0.5369 
   00500    0.4600    -996.8140  0.5043 
   00501    0.4650    -995.7286  0.5250 
   00502    0.5025    -992.1963  0.5180 
   00503    0.4325    -969.9624  0.5137 
   00504    0.5050   -1027.1008  0.5017 
   00505    0.4950   -1022.5600  0.4832 
   00506    0.4525   -1032.8622  0.4596 
   00507    0.4025   -1041.5622  0.4735 
   00508    0.4650   -1044.4992  0.4738 
   00509    0.3825   -1048.8245  0.4431 
   00510    0.4475   -1061.2405  0.4408 
   00511    0.4600   -1066.0886  0.4467 
   00512    0.4425   -1068.2377  0.4537 
   00513    0.5025   -1039.9143  0.4429 
   00514    0.4675   -1029.2353  0.4383 
   00515    0.4525   -1027.9097  0.4207 
   00516    0.4800   -1009.1519  0.3808 
   00517    0.4775    -987.4378  0.3884 
   00518    0.4800   -1011.8179  0.4022 
   00519    0.4600   -1019.8529  0.4327 
   00520    0.3900   -1011.1705  0.3990 
   00521    0.4425   -1009.7455  0.4302 
   00522    0.4425   -1026.8197  0.4264 
   00523    0.4650   -1032.7018  0.4393 
   00524    0.4750   -1038.7684  0.4360 
   00525    0.4200   -1065.9243  0.4416 
   00526    0.4225   -1044.0244  0.4582 
   00527    0.4400   -1034.0458  0.4628 
   00528    0.4975   -1050.1381  0.4699 
   00529    0.4525   -1072.5707  0.4670 
   00530    0.4625   -1058.6843  0.4399 
   00531    0.4600   -1068.1096  0.4285 
   00532    0.4925   -1064.1718  0.3993 
   00533    0.4700   -1015.5628  0.3775 
   00534    0.4925    -996.7218  0.3740 
   00535    0.4600   -1020.6813  0.3739 
   00536    0.4750   -1006.8565  0.3626 
   00537    0.4625   -1012.6725  0.3709 
   00538    0.4450   -1008.6121  0.3719 
   00539    0.4525    -993.9086  0.3476 
   00540    0.4725    -991.5065  0.3626 
   00541    0.4675    -974.5709  0.3852 
   00542    0.4975   -1002.5862  0.3845 
   00543    0.4375   -1001.8225  0.3559 
   00544    0.4475   -1001.6026  0.3680 
   00545    0.4625   -1034.1698  0.3720 
   00546    0.4375   -1035.1390  0.3825 
   00547    0.4650   -1025.0739  0.3819 
   00548    0.4700    -999.2444  0.3802 
   00549    0.4325   -1002.8645  0.3716 
   00550    0.4750    -987.0573  0.3759 
   00551    0.4675    -980.2118  0.3761 
   00552    0.4575    -974.0383  0.3798 
   00553    0.4650    -967.2491  0.3733 
   00554    0.4400   -1001.1123  0.3887 
   00555    0.5300    -977.9780  0.3627 
   00556    0.4800   -1001.1993  0.3304 
   00557    0.4925    -972.9963  0.3544 
   00558    0.4525    -934.9725  0.3704 
   00559    0.4750    -970.0634  0.3977 
   00560    0.4825    -952.7743  0.4263 
   00561    0.5250    -976.5774  0.4267 
   00562    0.4825    -966.0320  0.4395 
   00563    0.4300    -980.7481  0.4497 
   00564    0.4450   -1016.7245  0.4804 
   00565    0.4675    -974.4008  0.4838 
   00566    0.5100    -994.4648  0.4888 
   00567    0.4375    -978.2810  0.4711 
   00568    0.4950    -986.6444  0.4983 
   00569    0.4975    -989.7382  0.5018 
   00570    0.4550   -1018.9591  0.5287 
   00571    0.4800   -1030.7319  0.5064 
   00572    0.4675   -1056.7193  0.5366 
   00573    0.4475   -1059.6559  0.5489 
   00574    0.4550   -1084.8218  0.5725 
   00575    0.3875   -1040.6792  0.5542 
   00576    0.4450   -1034.6334  0.5606 
   00577    0.4475   -1036.3485  0.5915 
   00578    0.4500   -1004.3162  0.5613 
   00579    0.4800   -1017.8955  0.5530 
   00580    0.4850   -1048.2202  0.5744 
   00581    0.4575   -1015.2582  0.5428 
   00582    0.4725   -1007.9086  0.5456 
   00583    0.5050    -969.8882  0.5321 
   00584    0.4650    -998.5504  0.5288 
   00585    0.4875   -1024.3357  0.5368 
   00586    0.5125   -1013.6543  0.5119 
   00587    0.4475   -1010.9881  0.4930 
   00588    0.4675   -1003.1697  0.4914 
   00589    0.4675   -1024.7657  0.5217 
   00590    0.4775   -1051.9977  0.5475 
   00591    0.4350   -1043.7709  0.5148 
   00592    0.4525   -1038.1818  0.4960 
   00593    0.4450   -1017.8312  0.5082 
   00594    0.4800    -998.5797  0.5026 
   00595    0.4750   -1028.0468  0.5433 
   00596    0.4300    -990.8963  0.5636 
   00597    0.4575    -947.6264  0.5673 
   00598    0.4775    -951.2053  0.5325 
   00599    0.4550    -953.5564  0.5342 
   00600    0.4850    -971.5426  0.5433 
   00601    0.4825   -1005.1174  0.5572 
   00602    0.4800   -1012.7123  0.5793 
   00603    0.4725   -1053.1584  0.5502 
   00604    0.4425   -1078.1739  0.5428 
   00605    0.4375   -1063.1646  0.5549 
   00606    0.4325   -1046.4661  0.5081 
   00607    0.4700   -1058.9525  0.4972 
   00608    0.4750   -1028.5378  0.4699 
   00609    0.4475   -1047.2817  0.4619 
   00610    0.4100   -1056.0629  0.4786 
   00611    0.4350   -1060.2037  0.4942 
   00612    0.4475   -1054.6636  0.4998 
   00613    0.4950   -1039.6839  0.4785 
   00614    0.4725   -1028.0753  0.4614 
   00615    0.4625   -1045.2077  0.4771 
   00616    0.4575   -1034.6788  0.4965 
   00617    0.4950   -1058.3328  0.5183 
   00618    0.4225   -1066.4443  0.5027 
   00619    0.4550   -1056.3110  0.5223 
   00620    0.4375   -1064.1202  0.4889 
   00621    0.4075   -1062.0365  0.4923 
   00622    0.4225   -1062.5208  0.4954 
   00623    0.4625   -1094.9552  0.4935 
   00624    0.4500   -1085.2654  0.5113 
   00625    0.4325   -1068.5679  0.5301 
   00626    0.4325   -1041.8884  0.5459 
   00627    0.4375   -1018.2623  0.5072 
   00628    0.4650   -1021.8375  0.4874 
   00629    0.4750   -1072.0580  0.4857 
   00630    0.4550   -1049.8667  0.4799 
   00631    0.4225   -1075.1035  0.5109 
   00632    0.4500   -1036.1797  0.5068 
   00633    0.4275   -1025.1969  0.4894 
   00634    0.4050   -1039.6662  0.4903 
   00635    0.4750   -1033.8801  0.5006 
   00636    0.4400   -1050.9748  0.5076 
   00637    0.4900   -1027.9345  0.4999 
   00638    0.4500   -1022.4387  0.4853 
   00639    0.4600   -1001.9750  0.4853 
   00640    0.5225   -1018.4232  0.5059 
   00641    0.4725   -1020.1766  0.4819 
   00642    0.4750   -1035.3487  0.5094 
   00643    0.4875   -1010.8405  0.5203 
   00644    0.4800   -1020.5027  0.5031 
   00645    0.4800   -1013.5466  0.4767 
   00646    0.4550   -1035.5531  0.4711 
   00647    0.4450   -1013.4190  0.4377 
   00648    0.4775   -1005.7052  0.4547 
   00649    0.4425   -1014.6922  0.4008 
   00650    0.4600   -1020.5957  0.4070 
   00651    0.4300   -1054.2769  0.3847 
   00652    0.4275   -1039.7459  0.3718 
   00653    0.4575   -1032.8975  0.3815 
   00654    0.4525   -1029.5303  0.3924 
   00655    0.4275   -1060.9379  0.4023 
   00656    0.4375   -1054.3068  0.3954 
   00657    0.4300   -1027.2208  0.4069 
   00658    0.4875    -997.0820  0.4120 
   00659    0.4625   -1018.5145  0.4282 
   00660    0.4650   -1067.2194  0.4107 
   00661    0.4475   -1062.0075  0.4102 
   00662    0.4300   -1074.3556  0.4127 
   00663    0.4400   -1066.5421  0.4220 
   00664    0.3925   -1054.2268  0.4204 
   00665    0.4700   -1029.5030  0.4034 
   00666    0.4500   -1043.6377  0.4038 
   00667    0.4925   -1043.0974  0.4237 
   00668    0.5125   -1008.3707  0.4519 
   00669    0.4575   -1018.4527  0.4398 
   00670    0.4450   -1022.6345  0.4599 
   00671    0.4575   -1019.3484  0.4274 
   00672    0.4675   -1034.4121  0.4055 
   00673    0.4550   -1011.9579  0.3798 
   00674    0.4475    -967.1805  0.3759 
   00675    0.4500    -992.0447  0.3893 
   00676    0.4650   -1028.2406  0.3954 
   00677    0.4400   -1045.8846  0.4046 
   00678    0.4425   -1028.6829  0.3802 
   00679    0.4350   -1028.3027  0.3557 
   00680    0.4675   -1037.7000  0.3629 
   00681    0.4725   -1061.4125  0.3891 
   00682    0.4225   -1067.8464  0.4005 
   00683    0.4675   -1007.8714  0.3818 
   00684    0.4675    -997.3135  0.3680 
   00685    0.5025    -992.6767  0.3766 
   00686    0.4475    -979.5583  0.3652 
   00687    0.4925   -1011.3082  0.3262 
   00688    0.4500    -976.5556  0.3477 
   00689    0.5250    -988.3075  0.3421 
   00690    0.4925    -990.1736  0.3335 
   00691    0.4850    -976.2819  0.3341 
   00692    0.4700    -968.8518  0.3644 
   00693    0.4625   -1000.7620  0.3727 
   00694    0.5150   -1002.2659  0.3553 
   00695    0.4725    -990.0138  0.3705 
   00696    0.4800    -975.0691  0.3802 
   00697    0.4650    -954.3839  0.3826 
   00698    0.5275    -960.0563  0.4138 
   00699    0.4775    -970.4058  0.4048 
   00700    0.4575    -973.6222  0.4407 
   00701    0.4825    -969.8096  0.4547 
   00702    0.4950   -1017.6082  0.4529 
   00703    0.4375    -990.5276  0.4595 
   00704    0.4550   -1065.0697  0.5012 
   00705    0.3825   -1076.7357  0.4972 
   00706    0.4350   -1051.2803  0.4828 
   00707    0.3825   -1058.3333  0.4979 
   00708    0.4225   -1036.3515  0.4854 
   00709    0.4825   -1025.1355  0.4773 
   00710    0.4625   -1018.6792  0.4706 
   00711    0.4375   -1019.8247  0.4760 
   00712    0.5000    -981.5921  0.4652 
   00713    0.4675   -1026.1585  0.4862 
   00714    0.4675   -1058.2593  0.4859 
   00715    0.4625   -1072.7020  0.4813 
   00716    0.4325   -1058.9598  0.4693 
   00717    0.5075   -1067.8148  0.4863 
   00718    0.4350   -1061.6392  0.4873 
   00719    0.4300   -1080.2234  0.4994 
   00720    0.4800   -1037.8781  0.4934 
   00721    0.4150   -1031.8743  0.4586 
   00722    0.4725    -997.9033  0.4648 
   00723    0.4850   -1001.6446  0.5027 
   00724    0.5075   -1001.9082  0.5038 
   00725    0.4650   -1003.4962  0.4799 
   00726    0.4175   -1047.2747  0.4900 
   00727    0.4200   -1059.3612  0.4830 
   00728    0.4425   -1085.2268  0.4973 
   00729    0.4275   -1082.2741  0.5010 
   00730    0.3925   -1107.7579  0.5036 
   00731    0.4475   -1081.7863  0.5007 
   00732    0.4500   -1086.2322  0.4941 
   00733    0.4525   -1051.2424  0.4879 
   00734    0.4500   -1024.5292  0.5126 
   00735    0.4450    -984.3262  0.5037 
   00736    0.4275    -984.8221  0.5092 
   00737    0.4675   -1020.4669  0.4951 
   00738    0.4725   -1044.2263  0.5018 
   00739    0.4325    -990.1952  0.4854 
   00740    0.4275   -1017.2476  0.4991 
   00741    0.4750   -1004.7074  0.5101 
   00742    0.4675   -1054.7368  0.5559 
   00743    0.4325   -1047.8524  0.5368 
   00744    0.4525   -1052.1199  0.4981 
   00745    0.4250   -1072.1987  0.5051 
   00746    0.4925   -1043.9616  0.5283 
   00747    0.4200   -1027.3028  0.5219 
   00748    0.4550   -1043.8920  0.5079 
   00749    0.4950   -1000.8540  0.5080 
   00750    0.4200   -1043.1141  0.5298 
   00751    0.4375   -1053.7584  0.5602 
   00752    0.4750   -1077.0990  0.5587 
   00753    0.4800   -1022.6164  0.5216 
   00754    0.4650   -1018.1253  0.5218 
   00755    0.4750    -995.4253  0.5186 
   00756    0.4850   -1044.6730  0.5239 
   00757    0.4525   -1050.7013  0.5389 
   00758    0.4775   -1083.7279  0.5623 
   00759    0.4200   -1096.6518  0.5702 
   00760    0.4550   -1116.1602  0.5710 
   00761    0.4350   -1124.9426  0.5450 
   00762    0.4625   -1106.1587  0.5429 
   00763    0.4925   -1097.8326  0.5612 
   00764    0.3975   -1099.4196  0.5568 
   00765    0.4750   -1074.2766  0.5422 
   00766    0.4150   -1070.8413  0.5420 
   00767    0.4125   -1075.0376  0.5163 
   00768    0.4475   -1061.9931  0.5240 
   00769    0.4475   -1085.4815  0.5224 
   00770    0.4525   -1070.4463  0.4870 
   00771    0.4875   -1074.7220  0.4884 
   00772    0.4600   -1090.6228  0.4826 
   00773    0.4550   -1071.5924  0.4725 
   00774    0.4375   -1075.6492  0.4589 
   00775    0.4425   -1076.9371  0.4728 
   00776    0.4125   -1112.1926  0.4842 
   00777    0.4175   -1096.2213  0.4994 
   00778    0.3975   -1111.8596  0.5183 
   00779    0.4250   -1096.3591  0.5037 
   00780    0.4475   -1084.7961  0.4971 
   00781    0.4250   -1065.0177  0.4845 
   00782    0.4475   -1073.1832  0.4954 
   00783    0.4350   -1100.4007  0.4810 
   00784    0.4600   -1092.7614  0.5038 
   00785    0.3850   -1085.1962  0.5047 
   00786    0.4075   -1080.6879  0.4884 
   00787    0.4075   -1086.1116  0.4635 
   00788    0.4225   -1054.4149  0.4847 
   00789    0.4725   -1050.8780  0.4996 
   00790    0.4125   -1094.0167  0.5132 
   00791    0.4275   -1098.3011  0.5415 
   00792    0.4250   -1063.5323  0.5235 
   00793    0.4550   -1061.4958  0.5610 
   00794    0.4325   -1063.4771  0.5457 
   00795    0.4650   -1061.0854  0.5677 
   00796    0.4250   -1072.4904  0.5655 
   00797    0.4400   -1065.0469  0.5640 
   00798    0.4600   -1086.7396  0.5622 
   00799    0.4425   -1076.0359  0.5536 
   00800    0.4175   -1072.5979  0.5621 
   00801    0.4475   -1089.8271  0.5705 
   00802    0.4400   -1077.3286  0.5440 
   00803    0.3825   -1096.2591  0.5494 
   00804    0.4025   -1079.0641  0.5499 
   00805    0.4275   -1092.9798  0.5485 
   00806    0.4275   -1098.4834  0.5659 
   00807    0.4250   -1115.3478  0.5804 
   00808    0.4600   -1125.3992  0.5773 
   00809    0.4250   -1125.9342  0.5664 
   00810    0.4325   -1116.2939  0.5574 
   00811    0.4175   -1126.3479  0.5406 
   00812    0.4300   -1105.9124  0.5491 
   00813    0.4300   -1087.5230  0.5493 
   00814    0.4175   -1067.5814  0.5421 
   00815    0.4200   -1128.4503  0.5604 
   00816    0.4025   -1111.3082  0.5570 
   00817    0.4350   -1117.0744  0.5405 
   00818    0.4200   -1101.5172  0.5121 
   00819    0.3825   -1120.2628  0.5380 
   00820    0.4350   -1076.6778  0.5318 
   00821    0.4325   -1078.5822  0.5007 
   00822    0.4775   -1081.7659  0.4971 
   00823    0.4575   -1082.0744  0.4846 
   00824    0.3875   -1090.0450  0.4924 
   00825    0.4600   -1097.8075  0.5006 
   00826    0.4150   -1105.2731  0.5029 
   00827    0.4775   -1095.3614  0.5266 
   00828    0.4175   -1092.9803  0.4942 
   00829    0.4275   -1109.7577  0.5025 
   00830    0.3900   -1089.1384  0.5272 
   00831    0.4550   -1053.1356  0.5124 
   00832    0.4175   -1048.1168  0.4978 
   00833    0.4475   -1063.9050  0.4917 
   00834    0.4025   -1048.0168  0.5057 
   00835    0.5200   -1048.1005  0.4829 
   00836    0.4450   -1111.9752  0.4616 
   00837    0.4525   -1096.9258  0.4737 
   00838    0.4375   -1095.8909  0.4878 
   00839    0.3950   -1090.5999  0.4773 
   00840    0.3975   -1100.4714  0.4883 
   00841    0.4375   -1059.6812  0.4731 
   00842    0.4475   -1057.9022  0.4507 
   00843    0.4775   -1039.8437  0.4373 
   00844    0.4775   -1013.3876  0.4575 
   00845    0.4625   -1008.1178  0.4617 
   00846    0.4650   -1073.2225  0.4800 
   00847    0.3900   -1040.4715  0.4647 
   00848    0.4300   -1079.2006  0.4636 
   00849    0.4350   -1064.1822  0.4638 
   00850    0.4475   -1040.8388  0.4626 
   00851    0.3600   -1049.4067  0.4749 
   00852    0.4825   -1046.5268  0.4574 
   00853    0.4450   -1071.0749  0.4705 
   00854    0.5075   -1081.1840  0.4758 
   00855    0.4700   -1075.4764  0.4901 
   00856    0.4350   -1083.3064  0.4990 
   00857    0.4025   -1068.8203  0.4855 
   00858    0.4475   -1055.9063  0.4830 
   00859    0.4550   -1039.5281  0.4767 
   00860    0.4300   -1045.1518  0.4830 
   00861    0.4475   -1066.4945  0.4987 
   00862    0.4500   -1073.5327  0.5132 
   00863    0.4350   -1073.4214  0.5076 
   00864    0.4000   -1065.3044  0.5000 
   00865    0.4250   -1079.5630  0.4933 
   00866    0.4350   -1083.7985  0.4908 
   00867    0.3925   -1106.6544  0.4870 
   00868    0.4050   -1101.5479  0.4881 
   00869    0.4275   -1073.9863  0.4837 
   00870    0.4725   -1090.0568  0.4739 
   00871    0.4375   -1043.0310  0.4878 
   00872    0.5150   -1001.0617  0.4816 
   00873    0.4375   -1000.7816  0.4576 
   00874    0.4650   -1018.9688  0.4508 
   00875    0.4525   -1009.4507  0.4232 
   00876    0.4400    -996.3188  0.4160 
   00877    0.4875   -1024.5429  0.3977 
   00878    0.4350   -1063.6657  0.4111 
   00879    0.4550   -1024.3947  0.3994 
   00880    0.4675   -1020.2061  0.3994 
   00881    0.4700   -1007.8588  0.3936 
   00882    0.4500   -1025.2868  0.4352 
   00883    0.4975    -988.0795  0.4075 
   00884    0.5075    -995.1922  0.3791 
   00885    0.4800    -969.6668  0.3735 
   00886    0.4675   -1008.9554  0.3990 
   00887    0.4300   -1011.9159  0.4023 
   00888    0.4600    -975.1406  0.3929 
   00889    0.4750    -963.1572  0.3734 
   00890    0.4925    -984.6830  0.4052 
   00891    0.4550   -1021.6068  0.4054 
   00892    0.4275   -1024.5297  0.3974 
   00893    0.4625   -1044.6087  0.4111 
   00894    0.4225   -1031.3464  0.4229 
   00895    0.4675   -1061.1353  0.4359 
   00896    0.4350   -1017.9025  0.4157 
   00897    0.4800   -1011.0652  0.3989 
   00898    0.4725   -1009.6340  0.4164 
   00899    0.4500    -980.1566  0.4276 
   00900    0.4000    -994.2701  0.4329 
   00901    0.4925   -1002.3122  0.4173 
   00902    0.4700   -1006.2242  0.4405 
   00903    0.5125   -1053.8870  0.4471 
   00904    0.4775   -1068.9208  0.4306 
   00905    0.4525   -1051.2326  0.4135 
   00906    0.4300   -1031.2321  0.4166 
   00907    0.4875    -975.0378  0.4029 
   00908    0.4600   -1043.9213  0.3805 
   00909    0.4650   -1047.8714  0.3785 
   00910    0.4175   -1024.3185  0.3605 
   00911    0.4525    -998.5697  0.3832 
   00912    0.4600   -1022.7736  0.3936 
   00913    0.4875   -1033.5395  0.3878 
   00914    0.4375   -1030.6034  0.3825 
   00915    0.4675    -997.3349  0.3904 
   00916    0.4875   -1028.9712  0.3891 
   00917    0.4900   -1031.6058  0.4155 
   00918    0.4300    -986.1581  0.4024 
   00919    0.4550   -1012.9472  0.3973 
   00920    0.4600   -1009.6999  0.3851 
   00921    0.4575   -1038.0262  0.4228 
   00922    0.4250   -1061.2440  0.4139 
   00923    0.4525   -1076.2765  0.4012 
   00924    0.4650   -1042.2812  0.4002 
   00925    0.4425   -1013.6431  0.3990 
   00926    0.4500   -1058.5900  0.4010 
   00927    0.4300   -1013.2216  0.3940 
   00928    0.4525   -1028.5341  0.3624 
   00929    0.4600   -1020.9516  0.3679 
   00930    0.5150   -1003.2409  0.3744 
   00931    0.4500    -990.5389  0.3535 
   00932    0.4475    -976.0006  0.3586 
   00933    0.4650    -977.5807  0.3568 
   00934    0.4650    -997.5020  0.3743 
   00935    0.4400   -1014.9933  0.3838 
   00936    0.4625   -1022.4758  0.3683 
   00937    0.4500   -1014.9963  0.3703 
   00938    0.4300   -1040.4702  0.3805 
   00939    0.4575   -1023.8886  0.3777 
   00940    0.4850   -1014.6506  0.3904 
   00941    0.4725   -1007.6192  0.3503 
   00942    0.4150   -1045.0686  0.3555 
   00943    0.4375   -1047.1742  0.3444 
   00944    0.4500   -1011.1012  0.3299 
   00945    0.5225   -1036.8211  0.3165 
   00946    0.4375   -1044.6602  0.3486 
   00947    0.4475   -1061.2268  0.3703 
   00948    0.4225   -1038.0259  0.4091 
   00949    0.4225   -1057.3938  0.4183 
   00950    0.4425   -1040.0551  0.4207 
   00951    0.4775   -1022.4186  0.4051 
   00952    0.4275   -1012.0963  0.3781 
   00953    0.5200   -1020.4386  0.4226 
   00954    0.4825   -1055.8068  0.4219 
   00955    0.4100   -1087.0563  0.4283 
   00956    0.4475   -1071.3712  0.4069 
   00957    0.4500   -1070.4159  0.4212 
   00958    0.4400   -1060.5354  0.4380 
   00959    0.4325   -1068.4560  0.4431 
   00960    0.4450   -1096.7566  0.4333 
   00961    0.4425   -1073.3075  0.4257 
   00962    0.4475   -1079.8723  0.4357 
   00963    0.4275   -1059.1148  0.4143 
   00964    0.4050   -1011.8053  0.4345 
   00965    0.4450   -1001.9167  0.4099 
   00966    0.4825    -992.0598  0.4130 
   00967    0.4425   -1022.1468  0.4068 
   00968    0.4750   -1038.0396  0.4025 
   00969    0.4575   -1027.8415  0.4163 
   00970    0.4525   -1028.4165  0.4275 
   00971    0.4275   -1054.2400  0.4629 
   00972    0.4225   -1063.3518  0.4908 
   00973    0.4225   -1065.5841  0.4850 
   00974    0.4325   -1060.6670  0.4625 
   00975    0.4325   -1058.9723  0.4620 
   00976    0.4250   -1116.6174  0.4789 
   00977    0.3925   -1103.4715  0.4601 
   00978    0.4250   -1068.2654  0.4898 
   00979    0.4275   -1075.6283  0.4937 
   00980    0.3875   -1083.5171  0.4968 
   00981    0.4375   -1103.0374  0.5037 
   00982    0.4050   -1088.7971  0.5067 
   00983    0.3800   -1080.6405  0.5313 
   00984    0.4375   -1128.8255  0.5494 
   00985    0.3900   -1126.9896  0.5519 
   00986    0.4250   -1089.1094  0.5311 
   00987    0.4600   -1058.7105  0.5437 
   00988    0.4675   -1033.9949  0.5193 
   00989    0.4600   -1030.4767  0.4937 
   00990    0.4150   -1044.2275  0.5079 
   00991    0.4500   -1051.2830  0.5343 
   00992    0.4475   -1026.3546  0.5078 
   00993    0.4750   -1046.8787  0.4803 
   00994    0.4975   -1058.6833  0.4789 
   00995    0.4525   -1068.8021  0.4795 
   00996    0.4575   -1069.0061  0.5060 
   00997    0.4725   -1046.8207  0.4948 
   00998    0.4300   -1045.7617  0.5022 
   00999    0.4450   -1064.5963  0.4879 
   01000    0.4275   -1061.6609  0.4785 
