#=====================================================
# File created:        Fri-13-Feb-2026-at-12-54-04PM
# Size of lattice:     20x20
# Number of MC steps:  1000
# Reduced temperature: 0.300
# Run time (s):        13.543431
#=====================================================
# MC step:  Ratio:     Energy:   Order:
#=====================================================
   00000    0.5000    -365.7137  0.2846 
   00001    0.6675    -529.0974  0.2944 
   00002    0.6250    -625.8366  0.3078 
   00003    0.6325    -741.3207  0.3210 
   00004    0.6550    -840.3665  0.3257 
   00005    0.6175    -887.2203  0.3364 
   00006    0.5350    -949.0634  0.3575 
   00007    0.5950    -991.2760  0.3615 
   00008    0.5425   -1042.7144  0.3824 
   00009    0.4875   -1081.0770  0.3985 
   00010    0.5725   -1101.9463  0.4211 
   00011    0.5250   -1141.4922  0.4414 
   00012    0.5050   -1166.9235  0.4468 
   00013    0.5300   -1181.7525  0.4551 
   00014    0.5200   -1204.3965  0.4625 
   00015    0.4925   -1214.6403  0.4714 
   00016    0.5175   -1228.3290  0.4771 
   00017    0.4375   -1231.8860  0.4771 
   00018    0.4525   -1242.4827  0.5016 
   00019    0.4500   -1253.8916  0.5058 
   00020    0.4850   -1261.5315  0.5144 
   00021    0.4550   -1256.3577  0.5162 
   00022    0.4775   -1269.7391  0.5221 
   00023    0.4650   -1269.4698  0.5344 
   00024    0.5075   -1287.2900  0.5452 
   00025    0.4925   -1277.3645  0.5310 
   00026    0.4675   -1293.6380  0.5459 
   00027    0.4925   -1307.2567  0.5633 
   00028    0.4675   -1313.2672  0.5520 
   00029    0.4825   -1329.8481  0.5623 
   00030    0.4550   -1337.1239  0.5662 
   00031    0.4400   -1335.1200  0.5714 
   00032    0.5025   -1337.4482  0.5750 
   00033    0.4225   -1345.0044  0.5818 
   00034    0.4750   -1351.4408  0.5760 
   00035    0.4400   -1358.1758  0.5792 
   00036    0.4825   -1357.1966  0.5755 
   00037    0.4650   -1357.0132  0.5789 
   00038    0.4350   -1354.5830  0.5910 
   00039    0.4550   -1360.5388  0.6053 
   00040    0.4975   -1372.4217  0.6090 
   00041    0.4725   -1378.0987  0.6158 
   00042    0.4650   -1373.4142  0.6286 
   00043    0.4725   -1366.0343  0.6364 
   00044    0.5000   -1372.3316  0.6393 
   00045    0.4475   -1373.3634  0.6378 
   00046    0.4750   -1376.0251  0.6423 
   00047    0.4550   -1381.6094  0.6561 
   00048    0.4850   -1388.9170  0.6547 
   00049    0.4450   -1389.1456  0.6615 
   00050    0.4700   -1393.7557  0.6723 
   00051    0.4225   -1398.2963  0.6770 
   00052    0.4275   -1385.8376  0.6700 
   00053    0.4425   -1379.4540  0.6762 
   00054    0.4375   -1381.6674  0.6693 
   00055    0.4400   -1394.0855  0.6732 
   00056    0.4475   -1394.8067  0.6850 
   00057    0.4950   -1392.7268  0.6854 
   00058    0.4625   -1396.8828  0.6847 
   00059    0.4950   -1388.3184  0.6814 
   00060    0.5025   -1383.5806  0.6789 
   00061    0.4825   -1392.1240  0.6779 
   00062    0.4700   -1391.3702  0.6923 
   00063    0.4300   -1399.9830  0.7032 
   00064    0.4475   -1404.6522  0.6975 
   00065    0.4450   -1407.1177  0.7010 
   00066    0.4400   -1413.1332  0.7131 
   00067    0.4075   -1415.3310  0.7250 
   00068    0.4550   -1409.4802  0.7317 
   00069    0.4550   -1413.8000  0.7472 
   00070    0.4750   -1412.1719  0.7471 
   00071    0.4100   -1420.1931  0.7597 
   00072    0.4400   -1428.3498  0.7518 
   00073    0.4525   -1428.4295  0.7552 
   00074    0.4375   -1419.5903  0.7578 
   00075    0.4325   -1410.0407  0.7662 
   00076    0.4150   -1417.7514  0.7647 
   00077    0.4400   -1414.0301  0.7585 
   00078    0.4750   -1416.4633  0.7664 
   00079    0.4375   -1426.7101  0.7664 
   00080    0.4250   -1435.0772  0.7811 
   00081    0.4775   -1429.8084  0.7945 
   00082    0.4550   -1418.0183  0.7897 
   00083    0.4775   -1429.7555  0.7899 
   00084    0.4550   -1433.3177  0.7870 
   00085    0.4525   -1438.0947  0.7823 
   00086    0.4550   -1439.8632  0.7850 
   00087    0.4200   -1443.5939  0.7831 
   00088    0.4525   -1434.9198  0.7813 
   00089    0.4700   -1430.6163  0.7757 
   00090    0.4325   -1425.3296  0.7792 
   00091    0.4500   -1432.4481  0.7818 
   00092    0.3900   -1438.5740  0.7845 
   00093    0.4125   -1437.2218  0.7840 
   00094    0.4425   -1440.1116  0.7783 
   00095    0.4600   -1441.1111  0.7835 
   00096    0.4625   -1442.3080  0.7833 
   00097    0.4000   -1443.3142  0.7839 
   00098    0.4800   -1435.4893  0.7871 
   00099    0.4700   -1441.7531  0.7965 
   00100    0.4150   -1442.2437  0.8049 
   00101    0.4300   -1438.1104  0.7992 
   00102    0.4525   -1431.6012  0.8082 
   00103    0.5350   -1430.1154  0.8049 
   00104    0.4700   -1438.5906  0.8040 
   00105    0.4925   -1441.8720  0.8074 
   00106    0.4275   -1447.5168  0.8185 
   00107    0.4400   -1451.5050  0.8191 
   00108    0.4625   -1445.2736  0.8174 
   00109    0.4850   -1446.0971  0.8186 
   00110    0.4725   -1446.6676  0.8229 
   00111    0.4625   -1451.8216  0.8318 
   00112    0.3975   -1455.8887  0.8359 
   00113    0.4475   -1461.6784  0.8392 
   00114    0.4425   -1458.9848  0.8412 
   00115    0.4675   -1453.9465  0.8291 
   00116    0.4375   -1455.1463  0.8361 
   00117    0.4400   -1448.5480  0.8313 
   00118    0.4150   -1453.6926  0.8382 
   00119    0.3925   -1464.1139  0.8419 
   00120    0.4575   -1453.7547  0.8354 
   00121    0.4300   -1461.0712  0.8484 
   00122    0.4775   -1459.4394  0.8509 
   00123    0.4750   -1460.1849  0.8445 
   00124    0.4475   -1460.9241  0.8408 
   00125    0.4150   -1461.3040  0.8434 
   00126    0.4775   -1464.1611  0.8481 
   00127    0.4650   -1458.6234  0.8500 
   00128    0.4350   -1460.7044  0.8599 
   00129    0.4075   -1467.3680  0.8634 
   00130    0.4200   -1461.5190  0.8582 
   00131    0.4450   -1471.8896  0.8610 
   00132    0.4250   -1463.3054  0.8582 
   00133    0.4550   -1464.7975  0.8570 
   00134    0.4300   -1472.2961  0.8547 
   00135    0.4300   -1467.6112  0.8533 
   00136    0.4175   -1464.4143  0.8549 
   00137    0.4200   -1467.5763  0.8568 
   00138    0.4325   -1464.8950  0.8512 
   00139    0.4475   -1460.2785  0.8578 
   00140    0.5025   -1460.5217  0.8601 
   00141    0.4250   -1476.0139  0.8700 
   00142    0.4700   -1489.9616  0.8728 
   00143    0.4575   -1467.2112  0.8708 
   00144    0.4175   -1464.6213  0.8675 
   00145    0.4675   -1473.4683  0.8703 
   00146    0.4425   -1475.0244  0.8704 
   00147    0.4575   -1470.4057  0.8582 
   00148    0.4500   -1456.9570  0.8558 
   00149    0.4400   -1458.6485  0.8617 
   00150    0.4550   -1463.5727  0.8612 
   00151    0.4775   -1470.5047  0.8619 
   00152    0.4225   -1464.9254  0.8615 
   00153    0.4625   -1459.3048  0.8578 
   00154    0.4500   -1460.8209  0.8575 
   00155    0.4625   -1464.5701  0.8658 
   00156    0.4175   -1469.0707  0.8633 
   00157    0.4525   -1480.3200  0.8684 
   00158    0.4300   -1475.8773  0.8682 
   00159    0.5025   -1470.1268  0.8770 
   00160    0.4725   -1473.2552  0.8713 
   00161    0.4125   -1473.6832  0.8696 
   00162    0.4075   -1477.3914  0.8630 
   00163    0.4150   -1475.8573  0.8622 
   00164    0.4325   -1464.2332  0.8641 
   00165    0.4300   -1465.1998  0.8732 
   00166    0.4100   -1453.2542  0.8689 
   00167    0.4625   -1468.0901  0.8716 
   00168    0.4300   -1458.7593  0.8711 
   00169    0.4275   -1459.7098  0.8726 
   00170    0.4425   -1463.1331  0.8750 
   00171    0.4325   -1468.7193  0.8762 
   00172    0.3650   -1467.6518  0.8797 
   00173    0.4750   -1464.8740  0.8721 
   00174    0.5100   -1472.5726  0.8766 
   00175    0.4650   -1476.7749  0.8796 
   00176    0.4225   -1465.0460  0.8801 
   00177    0.4300   -1468.6674  0.8864 
   00178    0.4325   -1469.3695  0.8862 
   00179    0.4500   -1472.9332  0.8913 
   00180    0.4350   -1475.5672  0.8949 
   00181    0.4450   -1472.1769  0.8971 
   00182    0.5175   -1463.0397  0.8966 
   00183    0.4700   -1460.9551  0.8924 
   00184    0.4475   -1457.4538  0.8938 
   00185    0.4525   -1455.9761  0.8893 
   00186    0.4850   -1452.6439  0.8896 
   00187    0.4750   -1461.7433  0.8873 
   00188    0.4450   -1465.5639  0.8910 
   00189    0.4550   -1453.1414  0.8919 
   00190    0.4525   -1464.4130  0.8967 
   00191    0.4325   -1471.6491  0.8991 
   00192    0.4175   -1468.5770  0.8983 
   00193    0.4700   -1459.5091  0.8868 
   00194    0.4100   -1451.5861  0.8894 
   00195    0.4200   -1457.6652  0.8918 
   00196    0.4525   -1464.9867  0.8943 
   00197    0.4425   -1457.2109  0.8872 
   00198    0.4425   -1456.8920  0.8861 
   00199    0.4150   -1465.7356  0.8831 
   00200    0.4100   -1459.5256  0.8839 
   00201    0.4850   -1470.8296  0.8897 
   00202    0.3925   -1467.8131  0.8896 
   00203    0.4200   -1459.5582  0.8903 
   00204    0.4625   -1456.9201  0.8873 
   00205    0.4500   -1464.6823  0.8854 
   00206    0.5075   -1449.8105  0.8853 
   00207    0.4650   -1442.5739  0.8802 
   00208    0.4475   -1451.8492  0.8834 
   00209    0.3625   -1463.9487  0.8865 
   00210    0.4975   -1462.1764  0.8893 
   00211    0.4450   -1460.9530  0.8836 
   00212    0.4275   -1476.2675  0.8921 
   00213    0.4525   -1479.2565  0.8918 
   00214    0.4075   -1482.5332  0.8963 
   00215    0.4200   -1480.5038  0.8959 
   00216    0.4600   -1475.2441  0.8930 
   00217    0.4525   -1472.0978  0.8865 
   00218    0.4675   -1484.3642  0.8953 
   00219    0.4325   -1478.7096  0.8928 
   00220    0.4350   -1472.1241  0.8892 
   00221    0.4500   -1470.5709  0.8884 
   00222    0.4775   -1474.6669  0.8933 
   00223    0.4600   -1471.1965  0.8919 
   00224    0.4325   -1478.8113  0.8936 
   00225    0.4625   -1468.1129  0.8882 
   00226    0.4325   -1468.9167  0.8924 
   00227    0.4275   -1470.8405  0.8954 
   00228    0.3975   -1470.6617  0.8927 
   00229    0.4400   -1491.0705  0.9020 
   00230    0.4325   -1491.5679  0.9009 
   00231    0.4125   -1481.9808  0.8941 
   00232    0.4100   -1474.4605  0.8953 
   00233    0.4150   -1465.3864  0.8904 
   00234    0.4200   -1452.8159  0.8836 
   00235    0.3975   -1447.7570  0.8796 
   00236    0.4725   -1445.0513  0.8815 
   00237    0.4400   -1448.6263  0.8803 
   00238    0.4425   -1448.9581  0.8793 
   00239    0.4475   -1450.0402  0.8817 
   00240    0.4350   -1457.6776  0.8917 
   00241    0.4375   -1453.2292  0.8880 
   00242    0.4350   -1455.9083  0.8941 
   00243    0.4250   -1462.9121  0.8956 
   00244    0.4250   -1451.6451  0.8962 
   00245    0.4975   -1472.1134  0.8946 
   00246    0.4375   -1470.0497  0.8940 
   00247    0.4300   -1458.6163  0.8919 
   00248    0.4225   -1464.7233  0.8970 
   00249    0.4350   -1463.8458  0.8975 
   00250    0.4625   -1469.8921  0.8995 
   00251    0.4100   -1472.4368  0.8991 
   00252    0.4750   -1475.1461  0.9101 
   00253    0.4525   -1471.6051  0.9082 
   00254    0.4825   -1471.6224  0.9085 
   00255    0.4450   -1480.3029  0.9108 
   00256    0.4350   -1473.7930  0.9147 
   00257    0.4175   -1467.2076  0.9087 
   00258    0.4450   -1475.1271  0.9092 
   00259    0.4475   -1469.6015  0.9103 
   00260    0.4250   -1461.0010  0.9036 
   00261    0.4250   -1468.6854  0.9040 
   00262    0.4250   -1470.0971  0.9096 
   00263    0.4375   -1473.5174  0.9059 
   00264    0.4775   -1474.8179  0.9063 
   00265    0.4575   -1479.9821  0.9123 
   00266    0.4650   -1482.3560  0.9088 
   00267    0.4100   -1477.1251  0.9055 
   00268    0.4350   -1470.1345  0.9030 
   00269    0.4350   -1470.9417  0.8994 
   00270    0.4475   -1469.8388  0.9011 
   00271    0.4600   -1466.0980  0.8951 
   00272    0.4275   -1473.9439  0.9028 
   00273    0.4100   -1475.6419  0.9019 
   00274    0.4625   -1485.0418  0.9092 
   00275    0.4100   -1488.1842  0.9115 
   00276    0.4400   -1483.3579  0.9017 
   00277    0.4225   -1485.6700  0.9043 
   00278    0.4325   -1488.8267  0.9024 
   00279    0.4250   -1484.9401  0.9010 
   00280    0.4150   -1484.5649  0.9084 
   00281    0.4400   -1485.4842  0.9076 
   00282    0.4625   -1469.4690  0.8990 
   00283    0.4400   -1472.8721  0.8952 
   00284    0.4325   -1462.1416  0.8967 
   00285    0.4500   -1478.3481  0.8971 
   00286    0.5150   -1478.1792  0.9038 
   00287    0.4200   -1472.6521  0.8985 
   00288    0.4325   -1472.0032  0.8975 
   00289    0.4425   -1464.7186  0.8974 
   00290    0.4250   -1467.8520  0.8998 
   00291    0.4400   -1470.4742  0.9002 
   00292    0.4250   -1468.9133  0.8948 
   00293    0.4175   -1462.7499  0.8922 
   00294    0.3875   -1465.8608  0.8936 
   00295    0.4350   -1467.8846  0.8895 
   00296    0.4800   -1471.0519  0.8927 
   00297    0.4775   -1470.2461  0.8913 
   00298    0.4675   -1477.4604  0.8872 
   00299    0.4325   -1478.8727  0.8916 
   00300    0.4475   -1476.0809  0.8886 
   00301    0.4425   -1482.3559  0.8912 
   00302    0.4050   -1481.7491  0.8944 
   00303    0.4325   -1478.0068  0.8946 
   00304    0.4275   -1475.6403  0.8913 
   00305    0.4550   -1479.0581  0.8975 
   00306    0.4925   -1467.4817  0.8959 
   00307    0.4275   -1467.8560  0.8929 
   00308    0.4450   -1460.6600  0.8951 
   00309    0.4225   -1463.8804  0.8866 
   00310    0.4325   -1472.1732  0.8861 
   00311    0.4700   -1469.1625  0.8885 
   00312    0.4575   -1465.2284  0.8859 
   00313    0.4250   -1468.4195  0.8846 
   00314    0.4525   -1464.4992  0.8841 
   00315    0.4350   -1461.5730  0.8877 
   00316    0.4450   -1470.6119  0.8914 
   00317    0.4325   -1467.2967  0.8883 
   00318    0.4250   -1470.8252  0.8964 
   00319    0.4375   -1468.5638  0.8981 
   00320    0.4375   -1461.0584  0.8932 
   00321    0.4425   -1469.9961  0.9025 
   00322    0.4100   -1485.0427  0.9055 
   00323    0.4175   -1482.4212  0.9078 
   00324    0.4550   -1471.5182  0.9135 
   00325    0.4400   -1468.4551  0.9132 
   00326    0.4325   -1468.5114  0.9068 
   00327    0.4500   -1465.0828  0.9098 
   00328    0.4450   -1462.1976  0.9126 
   00329    0.4400   -1473.4405  0.9154 
   00330    0.4075   -1465.0617  0.9088 
   00331    0.3825   -1469.1975  0.9097 
   00332    0.4725   -1463.9029  0.9083 
   00333    0.4475   -1461.9407  0.9066 
   00334    0.4275   -1463.3745  0.9066 
   00335    0.4325   -1472.1207  0.9154 
   00336    0.4275   -1470.1120  0.9112 
   00337    0.4425   -1458.1603  0.9080 
   00338    0.4000   -1447.9965  0.8997 
   00339    0.4375   -1464.8710  0.9050 
   00340    0.4200   -1460.1752  0.9142 
   00341    0.4550   -1466.3330  0.9165 
   00342    0.4800   -1462.5937  0.9151 
   00343    0.4550   -1466.3985  0.9159 
   00344    0.4150   -1470.3546  0.9211 
   00345    0.4725   -1468.1548  0.9233 
   00346    0.4275   -1471.3189  0.9208 
   00347    0.5075   -1481.4201  0.9287 
   00348    0.4025   -1478.1287  0.9232 
   00349    0.4500   -1486.1839  0.9270 
   00350    0.4450   -1492.8076  0.9288 
   00351    0.4550   -1493.2445  0.9267 
   00352    0.5000   -1483.7111  0.9235 
   00353    0.4475   -1482.5513  0.9203 
   00354    0.4225   -1473.3489  0.9186 
   00355    0.3925   -1471.9323  0.9208 
   00356    0.4125   -1466.3766  0.9162 
   00357    0.4550   -1461.6725  0.9172 
   00358    0.4575   -1459.4574  0.9142 
   00359    0.4400   -1462.3384  0.9135 
   00360    0.4100   -1456.2300  0.9115 
   00361    0.4500   -1458.6283  0.9140 
   00362    0.4775   -1454.4198  0.9110 
   00363    0.4675   -1457.6814  0.9150 
   00364    0.4750   -1463.1474  0.9162 
   00365    0.4375   -1461.0568  0.9184 
   00366    0.4225   -1470.1763  0.9183 
   00367    0.4450   -1471.2642  0.9208 
   00368    0.4175   -1472.8245  0.9189 
   00369    0.4475   -1475.0576  0.9210 
   00370    0.4350   -1485.1157  0.9230 
   00371    0.4150   -1471.4886  0.9167 
   00372    0.4475   -1481.8781  0.9219 
   00373    0.4625   -1478.5973  0.9216 
   00374    0.4775   -1486.2591  0.9184 
   00375    0.4125   -1477.1159  0.9085 
   00376    0.4800   -1471.0957  0.9086 
   00377    0.4575   -1460.9553  0.9012 
   00378    0.4500   -1460.7471  0.9008 
   00379    0.4750   -1467.3425  0.9032 
   00380    0.4925   -1460.6814  0.9014 
   00381    0.4300   -1457.4120  0.8989 
   00382    0.4550   -1463.7669  0.8995 
   00383    0.4575   -1475.5188  0.9048 
   00384    0.4400   -1475.4018  0.9064 
   00385    0.4425   -1477.2852  0.9097 
   00386    0.4400   -1479.1828  0.9125 
   00387    0.4450   -1475.0898  0.9167 
   00388    0.4750   -1479.0386  0.9178 
   00389    0.4725   -1472.6256  0.9159 
   00390    0.4725   -1483.3531  0.9190 
   00391    0.4475   -1477.9468  0.9169 
   00392    0.4625   -1478.6068  0.9136 
   00393    0.4825   -1476.0408  0.9136 
   00394    0.4350   -1484.7807  0.9144 
   00395    0.3975   -1490.5927  0.9183 
   00396    0.4300   -1484.9005  0.9140 
   00397    0.4875   -1478.8429  0.9169 
   00398    0.4150   -1487.9624  0.9212 
   00399    0.4775   -1479.3552  0.9170 
   00400    0.4650   -1479.4501  0.9216 
   00401    0.4425   -1486.7938  0.9266 
   00402    0.4600   -1485.0734  0.9213 
   00403    0.4550   -1483.2441  0.9224 
   00404    0.4500   -1489.0634  0.9235 
   00405    0.4350   -1487.2453  0.9223 
   00406    0.4450   -1489.9964  0.9201 
   00407    0.4350   -1480.1024  0.9124 
   00408    0.4500   -1488.3910  0.9108 
   00409    0.4550   -1486.9764  0.9079 
   00410    0.4500   -1483.3159  0.9129 
   00411    0.3975   -1478.2593  0.9101 
   00412    0.4425   -1479.4298  0.9145 
   00413    0.3950   -1480.6428  0.9164 
   00414    0.4150   -1476.6963  0.9190 
   00415    0.4400   -1466.6254  0.9090 
   00416    0.4600   -1473.3857  0.9084 
   00417    0.4775   -1480.3104  0.9094 
   00418    0.4275   -1474.3534  0.9127 
   00419    0.4200   -1483.7431  0.9147 
   00420    0.4500   -1470.3310  0.9148 
   00421    0.4825   -1481.0757  0.9135 
   00422    0.4275   -1474.8782  0.9142 
   00423    0.4700   -1476.1429  0.9135 
   00424    0.4525   -1484.8013  0.9202 
   00425    0.4425   -1483.8755  0.9232 
   00426    0.4400   -1484.9716  0.9240 
   00427    0.5025   -1494.3040  0.9271 
   00428    0.4275   -1482.5941  0.9251 
   00429    0.4525   -1471.9416  0.9216 
   00430    0.4675   -1465.2147  0.9228 
   00431    0.4350   -1465.0596  0.9271 
   00432    0.4225   -1461.0950  0.9193 
   00433    0.4625   -1461.0092  0.9227 
   00434    0.4600   -1451.6640  0.9178 
   00435    0.4475   -1454.9940  0.9176 
   00436    0.4775   -1459.5778  0.9185 
   00437    0.4700   -1459.0929  0.9189 
   00438    0.4550   -1456.3536  0.9178 
   00439    0.4525   -1469.3001  0.9198 
   00440    0.4950   -1478.9571  0.9227 
   00441    0.4600   -1475.9423  0.9166 
   00442    0.4525   -1463.9490  0.9105 
   00443    0.4375   -1470.0721  0.9160 
   00444    0.4125   -1476.5744  0.9149 
   00445    0.4600   -1476.5966  0.9128 
   00446    0.4350   -1477.4720  0.9159 
   00447    0.4250   -1477.0173  0.9073 
   00448    0.4325   -1477.9406  0.9057 
   00449    0.4325   -1485.2262  0.9154 
   00450    0.4275   -1490.8122  0.9153 
   00451    0.4375   -1481.4634  0.9086 
   00452    0.4875   -1471.6356  0.9071 
   00453    0.4550   -1473.8899  0.9093 
   00454    0.4300   -1482.1854  0.9079 
   00455    0.4625   -1475.9048  0.9033 
   00456    0.4825   -1484.2644  0.9020 
   00457    0.4575   -1473.6863  0.8999 
   00458    0.3975   -1472.7093  0.8941 
   00459    0.4425   -1466.8448  0.8934 
   00460    0.4275   -1467.2595  0.8922 
   00461    0.4100   -1457.8998  0.8914 
   00462    0.4375   -1462.5403  0.9018 
   00463    0.4250   -1473.9117  0.9027 
   00464    0.3950   -1469.1323  0.9096 
   00465    0.3975   -1480.8673  0.9211 
   00466    0.4225   -1474.6730  0.9209 
   00467    0.4250   -1472.7671  0.9227 
   00468    0.4425   -1475.8936  0.9234 
   00469    0.4500   -1472.5025  0.9168 
   00470    0.4275   -1478.9884  0.9209 
   00471    0.4850   -1479.9756  0.9240 
   00472    0.4700   -1470.0072  0.9193 
   00473    0.4675   -1449.7613  0.9076 
   00474    0.4400   -1454.1424  0.9097 
   00475    0.4550   -1455.8845  0.9125 
   00476    0.4125   -1474.9802  0.9233 
   00477    0.4725   -1473.3965  0.9218 
   00478    0.4450   -1477.3363  0.9237 
   00479    0.4125   -1487.1833  0.9276 
   00480    0.4575   -1485.1493  0.9237 
   00481    0.4575   -1476.0391  0.9201 
   00482    0.4925   -1466.5427  0.9138 
   00483    0.4775   -1487.1661  0.9159 
   00484    0.4600   -1485.6666  0.9145 
   00485    0.4100   -1481.7584  0.9172 
   00486    0.4225   -1486.6610  0.9203 
   00487    0.4425   -1480.8423  0.9231 
   00488    0.4250   -1479.6883  0.9211 
   00489    0.4600   -1472.6597  0.9157 
   00490    0.4275   -1462.3081  0.9173 
   00491    0.4375   -1465.1840  0.9209 
   00492    0.4250   -1468.2509  0.9220 
   00493    0.4425   -1468.3024  0.9191 
   00494    0.4250   -1477.8187  0.9248 
   00495    0.4025   -1482.9052  0.9250 
   00496    0.4225   -1483.2097  0.9227 
   00497    0.4375   -1480.5566  0.9217 
   00498    0.3975   -1488.3482  0.9251 
   00499    0.4325   -1487.9713  0.9262 
   00500    0.4075   -1484.1106  0.9264 
   00501    0.4450   -1476.1051  0.9266 
   00502    0.4125   -1477.1785  0.9256 
   00503    0.4600   -1476.2326  0.9281 
   00504    0.4075   -1488.9198  0.9348 
   00505    0.4225   -1492.7624  0.9334 
   00506    0.4625   -1487.8982  0.9297 
   00507    0.4300   -1482.0896  0.9270 
   00508    0.4175   -1472.6428  0.9185 
   00509    0.4175   -1470.8364  0.9171 
   00510    0.4200   -1480.9132  0.9246 
   00511    0.4275   -1477.1910  0.9182 
   00512    0.4500   -1488.6013  0.9219 
   00513    0.4500   -1474.3977  0.9131 
   00514    0.4175   -1478.2413  0.9157 
   00515    0.4600   -1473.7579  0.9175 
   00516    0.4075   -1475.1807  0.9202 
   00517    0.4000   -1473.1262  0.9171 
   00518    0.4625   -1484.1825  0.9211 
   00519    0.3950   -1485.9295  0.9272 
   00520    0.4375   -1479.5865  0.9220 
   00521    0.4250   -1476.8384  0.9217 
   00522    0.4650   -1477.1478  0.9242 
   00523    0.4275   -1476.0398  0.9212 
   00524    0.4300   -1483.4514  0.9214 
   00525    0.4275   -1485.3015  0.9216 
   00526    0.4375   -1472.1599  0.9143 
   00527    0.4375   -1470.9229  0.9112 
   00528    0.4350   -1463.0641  0.9054 
   00529    0.4450   -1467.5896  0.9044 
   00530    0.4375   -1471.6437  0.9061 
   00531    0.4450   -1464.1613  0.9035 
   00532    0.4700   -1472.1230  0.9069 
   00533    0.4450   -1484.5713  0.9117 
   00534    0.3725   -1488.2460  0.9187 
   00535    0.4275   -1483.7115  0.9171 
   00536    0.4525   -1478.8216  0.9141 
   00537    0.4400   -1472.6373  0.9095 
   00538    0.4275   -1469.4517  0.9105 
   00539    0.4150   -1472.3683  0.9109 
   00540    0.4300   -1466.1458  0.9050 
   00541    0.4675   -1471.8999  0.9087 
   00542    0.4425   -1478.6356  0.9084 
   00543    0.4625   -1475.4783  0.9099 
   00544    0.4275   -1469.8402  0.9094 
   00545    0.4200   -1466.3776  0.9098 
   00546    0.4550   -1466.3433  0.9083 
   00547    0.4725   -1468.2527  0.9041 
   00548    0.4975   -1463.9702  0.9052 
   00549    0.4275   -1473.3738  0.9058 
   00550    0.3925   -1461.1918  0.9038 
   00551    0.4150   -1452.6756  0.8983 
   00552    0.4700   -1452.7647  0.9023 
   00553    0.4450   -1458.9415  0.9093 
   00554    0.3925   -1469.5901  0.9132 
   00555    0.4350   -1480.9965  0.9184 
   00556    0.4250   -1487.6972  0.9178 
   00557    0.4400   -1480.1814  0.9159 
   00558    0.4675   -1475.5665  0.9153 
   00559    0.4750   -1476.3549  0.9120 
   00560    0.4450   -1490.0547  0.9179 
   00561    0.4500   -1487.6060  0.9228 
   00562    0.4500   -1487.7920  0.9220 
   00563    0.4750   -1486.1874  0.9205 
   00564    0.4425   -1480.3644  0.9213 
   00565    0.4775   -1474.6860  0.9268 
   00566    0.4800   -1473.0675  0.9271 
   00567    0.4000   -1475.7736  0.9235 
   00568    0.5250   -1475.5726  0.9237 
   00569    0.4325   -1476.4167  0.9226 
   00570    0.4250   -1465.1321  0.9250 
   00571    0.4525   -1476.8095  0.9233 
   00572    0.4800   -1475.6457  0.9188 
   00573    0.4450   -1478.6775  0.9210 
   00574    0.4500   -1471.9064  0.9115 
   00575    0.4025   -1461.2866  0.9063 
   00576    0.4075   -1467.2515  0.9119 
   00577    0.4175   -1474.1348  0.9171 
   00578    0.4600   -1473.7156  0.9139 
   00579    0.4100   -1473.0379  0.9141 
   00580    0.4825   -1466.8205  0.9109 
   00581    0.4600   -1468.6446  0.9087 
   00582    0.4300   -1477.0883  0.9085 
   00583    0.4250   -1477.0199  0.9109 
   00584    0.4250   -1473.0405  0.9090 
   00585    0.4375   -1483.2049  0.9146 
   00586    0.4425   -1471.5193  0.9130 
   00587    0.4550   -1473.0269  0.9118 
   00588    0.4475   -1475.3193  0.9194 
   00589    0.4875   -1482.0019  0.9188 
   00590    0.4550   -1484.7770  0.9161 
   00591    0.4325   -1484.4876  0.9153 
   00592    0.4725   -1469.1783  0.9071 
   00593    0.4525   -1471.4404  0.9170 
   00594    0.4825   -1455.4358  0.9149 
   00595    0.4600   -1455.2769  0.9137 
   00596    0.4575   -1445.0810  0.9100 
   00597    0.4375   -1444.8665  0.9131 
   00598    0.4300   -1453.6647  0.9182 
   00599    0.4525   -1469.0156  0.9211 
   00600    0.3875   -1469.1042  0.9235 
   00601    0.4825   -1465.4354  0.9190 
   00602    0.4550   -1466.0246  0.9206 
   00603    0.4575   -1472.4279  0.9193 
   00604    0.3950   -1457.0312  0.9123 
   00605    0.4625   -1461.4897  0.9106 
   00606    0.4500   -1472.3892  0.9159 
   00607    0.4525   -1464.7760  0.9162 
   00608    0.4375   -1456.6926  0.9109 
   00609    0.4450   -1440.1921  0.9046 
   00610    0.4375   -1453.0083  0.9020 
   00611    0.4500   -1457.1785  0.9024 
   00612    0.4600   -1452.8370  0.8991 
   00613    0.4500   -1461.2562  0.9043 
   00614    0.4050   -1466.7949  0.9027 
   00615    0.4575   -1478.1658  0.9022 
   00616    0.4600   -1466.5706  0.9004 
   00617    0.4125   -1460.3733  0.8975 
   00618    0.4400   -1452.0137  0.8942 
   00619    0.4825   -1459.3704  0.8990 
   00620    0.3875   -1459.9055  0.9057 
   00621    0.4475   -1466.1705  0.9115 
   00622    0.4825   -1473.7089  0.9147 
   00623    0.4300   -1463.7767  0.9095 
   00624    0.4375   -1462.2850  0.9123 
   00625    0.4625   -1463.5413  0.9078 
   00626    0.4525   -1468.3024  0.9096 
   00627    0.4275   -1465.7993  0.9135 
   00628    0.4475   -1474.8720  0.9114 
   00629    0.4575   -1467.0139  0.9034 
   00630    0.4600   -1478.2043  0.9051 
   00631    0.4650   -1466.7391  0.9010 
   00632    0.4925   -1470.2484  0.9047 
   00633    0.4425   -1465.7744  0.9036 
   00634    0.4825   -1478.6563  0.9068 
   00635    0.4500   -1475.1141  0.9043 
   00636    0.4550   -1467.3185  0.9054 
   00637    0.4400   -1480.2034  0.9193 
   00638    0.4375   -1482.0777  0.9204 
   00639    0.4150   -1481.1695  0.9220 
   00640    0.4925   -1474.1962  0.9235 
   00641    0.3975   -1474.5593  0.9215 
   00642    0.4850   -1481.9483  0.9252 
   00643    0.4350   -1479.7797  0.9270 
   00644    0.4225   -1483.8589  0.9254 
   00645    0.4150   -1486.3032  0.9226 
   00646    0.4450   -1484.1266  0.9201 
   00647    0.4075   -1485.1798  0.9199 
   00648    0.4225   -1482.4621  0.9168 
   00649    0.4450   -1486.2833  0.9197 
   00650    0.4025   -1481.7028  0.9203 
   00651    0.4650   -1482.7602  0.9252 
   00652    0.4275   -1477.5351  0.9179 
   00653    0.4150   -1472.2161  0.9122 
   00654    0.4500   -1471.9790  0.9095 
   00655    0.4050   -1485.1621  0.9108 
   00656    0.4375   -1473.8266  0.9085 
   00657    0.4650   -1474.7873  0.9090 
   00658    0.4375   -1482.8263  0.9155 
   00659    0.4500   -1479.6482  0.9213 
   00660    0.3975   -1473.3194  0.9223 
   00661    0.4425   -1476.2230  0.9189 
   00662    0.3900   -1470.2585  0.9123 
   00663    0.4425   -1479.2876  0.9106 
   00664    0.4650   -1472.1859  0.9084 
   00665    0.4300   -1476.9724  0.9117 
   00666    0.4175   -1470.8755  0.9152 
   00667    0.4250   -1478.3437  0.9123 
   00668    0.4175   -1478.7365  0.9105 
   00669    0.4325   -1471.2962  0.9107 
   00670    0.4100   -1462.4457  0.9033 
   00671    0.4000   -1470.1133  0.9054 
   00672    0.4225   -1471.5290  0.9061 
   00673    0.4450   -1466.9902  0.9030 
   00674    0.4700   -1468.9886  0.9025 
   00675    0.3925   -1477.4087  0.9083 
   00676    0.3825   -1474.2556  0.9095 
   00677    0.4525   -1471.2669  0.9040 
   00678    0.4075   -1468.8081  0.8992 
   00679    0.4450   -1459.7214  0.8877 
   00680    0.4675   -1470.8877  0.8915 
   00681    0.4450   -1470.6449  0.8960 
   00682    0.4475   -1465.7542  0.8940 
   00683    0.4250   -1466.6785  0.8963 
   00684    0.4100   -1468.1304  0.9018 
   00685    0.4375   -1470.2988  0.9004 
   00686    0.4425   -1479.7799  0.9034 
   00687    0.4200   -1479.8623  0.8963 
   00688    0.4900   -1480.1202  0.8962 
   00689    0.4400   -1474.6674  0.8923 
   00690    0.4400   -1464.6328  0.8862 
   00691    0.4250   -1463.1512  0.8847 
   00692    0.4700   -1457.2372  0.8824 
   00693    0.4550   -1458.8092  0.8832 
   00694    0.4175   -1455.7316  0.8824 
   00695    0.4700   -1462.6911  0.8820 
   00696    0.4650   -1457.2106  0.8929 
   00697    0.4200   -1460.6643  0.8950 
   00698    0.4675   -1464.8811  0.9014 
   00699    0.4050   -1464.8119  0.8987 
   00700    0.4475   -1457.2581  0.8994 
   00701    0.4550   -1454.4944  0.8947 
   00702    0.4025   -1466.5100  0.8979 
   00703    0.4225   -1476.2220  0.9009 
   00704    0.4325   -1467.0836  0.9019 
   00705    0.4400   -1463.0391  0.9002 
   00706    0.4700   -1453.4722  0.8956 
   00707    0.4600   -1458.3126  0.9001 
   00708    0.4575   -1457.1046  0.9025 
   00709    0.4150   -1455.9071  0.9044 
   00710    0.4375   -1463.2723  0.9054 
   00711    0.4600   -1460.3854  0.9048 
   00712    0.4625   -1458.7820  0.9071 
   00713    0.4525   -1469.8747  0.9085 
   00714    0.4750   -1463.1903  0.9026 
   00715    0.4450   -1475.1017  0.9055 
   00716    0.4100   -1474.1302  0.9018 
   00717    0.4775   -1470.6800  0.8993 
   00718    0.4825   -1469.8163  0.9011 
   00719    0.4450   -1462.4332  0.8959 
   00720    0.3900   -1470.6654  0.8999 
   00721    0.3600   -1477.5056  0.9005 
   00722    0.4125   -1470.8340  0.9061 
   00723    0.5150   -1470.0858  0.9070 
   00724    0.4500   -1469.5924  0.9105 
   00725    0.4575   -1470.0892  0.9160 
   00726    0.4800   -1472.6198  0.9108 
   00727    0.4500   -1478.1795  0.9119 
   00728    0.4400   -1474.2188  0.9084 
   00729    0.4275   -1475.1730  0.9093 
   00730    0.4550   -1474.4770  0.9029 
   00731    0.3975   -1462.4149  0.8992 
   00732    0.4225   -1455.4411  0.8967 
   00733    0.3975   -1463.1328  0.8999 
   00734    0.4325   -1466.8571  0.8994 
   00735    0.4025   -1465.8854  0.8977 
   00736    0.4775   -1454.5514  0.8958 
   00737    0.4400   -1454.2841  0.8926 
   00738    0.3850   -1455.8401  0.9007 
   00739    0.4575   -1468.5940  0.9072 
   00740    0.4150   -1472.3252  0.9091 
   00741    0.4050   -1467.6259  0.8960 
   00742    0.4250   -1468.7122  0.8936 
   00743    0.4525   -1470.5665  0.8933 
   00744    0.4325   -1473.2659  0.9007 
   00745    0.4675   -1478.9980  0.9045 
   00746    0.4750   -1478.7206  0.9055 
   00747    0.4400   -1470.4189  0.8964 
   00748    0.4100   -1465.0467  0.8993 
   00749    0.4300   -1461.4772  0.9032 
   00750    0.4975   -1466.0671  0.9053 
   00751    0.4775   -1462.1567  0.9093 
   00752    0.4650   -1472.1833  0.9178 
   00753    0.4175   -1474.2787  0.9162 
   00754    0.4125   -1465.8050  0.9176 
   00755    0.5175   -1468.7754  0.9200 
   00756    0.3800   -1463.8116  0.9231 
   00757    0.4375   -1472.3251  0.9294 
   00758    0.4450   -1478.5248  0.9329 
   00759    0.4675   -1482.5521  0.9321 
   00760    0.4300   -1489.4969  0.9371 
   00761    0.4475   -1479.8267  0.9332 
   00762    0.4350   -1480.1789  0.9286 
   00763    0.4750   -1472.0746  0.9218 
   00764    0.4350   -1464.5404  0.9178 
   00765    0.4400   -1464.6053  0.9191 
   00766    0.4600   -1465.0665  0.9181 
   00767    0.4600   -1478.2529  0.9265 
   00768    0.4025   -1480.1059  0.9224 
   00769    0.4075   -1477.3565  0.9204 
   00770    0.4175   -1479.0988  0.9221 
   00771    0.4300   -1470.4956  0.9185 
   00772    0.4500   -1468.1991  0.9169 
   00773    0.4525   -1463.6084  0.9120 
   00774    0.4375   -1469.0429  0.9188 
   00775    0.4600   -1468.6776  0.9171 
   00776    0.4225   -1463.8828  0.9144 
   00777    0.4275   -1466.5079  0.9143 
   00778    0.4375   -1459.5051  0.9167 
   00779    0.4575   -1465.2083  0.9131 
   00780    0.4100   -1473.1635  0.9132 
   00781    0.4225   -1477.6760  0.9145 
   00782    0.4500   -1467.3598  0.9101 
   00783    0.4550   -1470.3942  0.9096 
   00784    0.4575   -1467.9689  0.9111 
   00785    0.4800   -1466.4824  0.9185 
   00786    0.4400   -1468.4955  0.9142 
   00787    0.4500   -1467.6770  0.9173 
   00788    0.4225   -1464.8471  0.9136 
   00789    0.4075   -1461.2417  0.9126 
   00790    0.4700   -1464.9525  0.9182 
   00791    0.4375   -1467.5262  0.9144 
   00792    0.4225   -1468.8569  0.9117 
   00793    0.4725   -1471.3308  0.9171 
   00794    0.4025   -1472.1464  0.9217 
   00795    0.4200   -1472.9697  0.9236 
   00796    0.4375   -1480.1448  0.9234 
   00797    0.4200   -1477.4022  0.9242 
   00798    0.4575   -1474.4870  0.9254 
   00799    0.4300   -1478.5652  0.9263 
   00800    0.4875   -1491.8320  0.9304 
   00801    0.4200   -1490.4448  0.9336 
   00802    0.4500   -1482.4921  0.9298 
   00803    0.4400   -1483.1905  0.9300 
   00804    0.4550   -1474.0928  0.9281 
   00805    0.3925   -1471.0776  0.9278 
   00806    0.4325   -1456.5190  0.9211 
   00807    0.4100   -1458.0285  0.9233 
   00808    0.4350   -1457.3277  0.9219 
   00809    0.4750   -1464.7288  0.9232 
   00810    0.4550   -1466.9906  0.9207 
   00811    0.4325   -1469.5109  0.9227 
   00812    0.4850   -1479.8453  0.9264 
   00813    0.4075   -1479.8541  0.9328 
   00814    0.5025   -1479.0712  0.9353 
   00815    0.4450   -1485.2450  0.9393 
   00816    0.4175   -1479.1484  0.9345 
   00817    0.4400   -1483.3200  0.9366 
   00818    0.4175   -1481.4243  0.9348 
   00819    0.4475   -1480.7111  0.9317 
   00820    0.4250   -1478.7194  0.9306 
   00821    0.4275   -1480.2513  0.9319 
   00822    0.4350   -1490.8701  0.9335 
   00823    0.4300   -1486.1258  0.9325 
   00824    0.4600   -1487.3955  0.9321 
   00825    0.4350   -1474.7895  0.9251 
   00826    0.4625   -1483.4755  0.9247 
   00827    0.4425   -1485.8330  0.9269 
   00828    0.4475   -1491.1647  0.9289 
   00829    0.4500   -1496.7606  0.9323 
   00830    0.4150   -1496.6239  0.9343 
   00831    0.4700   -1488.1847  0.9297 
   00832    0.5075   -1484.2063  0.9265 
   00833    0.4775   -1483.7116  0.9236 
   00834    0.4275   -1477.8820  0.9218 
   00835    0.4475   -1473.2200  0.9145 
   00836    0.4100   -1490.3830  0.9145 
   00837    0.4575   -1482.5321  0.9121 
   00838    0.4600   -1466.8875  0.9016 
   00839    0.4950   -1458.9905  0.8971 
   00840    0.4500   -1466.3844  0.8983 
   00841    0.4525   -1474.0319  0.8993 
   00842    0.4675   -1483.3514  0.9015 
   00843    0.4425   -1474.4702  0.9003 
   00844    0.4075   -1478.9961  0.9063 
   00845    0.4275   -1481.9474  0.9066 
   00846    0.4200   -1472.6862  0.9136 
   00847    0.4075   -1471.9361  0.9137 
   00848    0.4950   -1486.0054  0.9182 
   00849    0.5025   -1478.2453  0.9180 
   00850    0.4250   -1471.3539  0.9119 
   00851    0.5125   -1482.9945  0.9209 
   00852    0.4050   -1490.4171  0.9183 
   00853    0.4025   -1478.7576  0.9132 
   00854    0.4500   -1471.4706  0.9049 
   00855    0.4400   -1458.1522  0.9054 
   00856    0.4350   -1469.2988  0.9100 
   00857    0.4075   -1470.3545  0.9111 
   00858    0.4325   -1473.5137  0.9103 
   00859    0.4150   -1463.4980  0.9080 
   00860    0.4575   -1459.1341  0.9052 
   00861    0.4600   -1451.4555  0.9045 
   00862    0.4475   -1454.9911  0.9026 
   00863    0.4625   -1451.4070  0.9048 
   00864    0.4375   -1448.3761  0.9002 
   00865    0.4575   -1448.6920  0.8988 
   00866    0.4650   -1456.7794  0.9051 
   00867    0.4850   -1460.1421  0.9082 
   00868    0.4425   -1462.9136  0.9058 
   00869    0.4425   -1462.6518  0.9063 
   00870    0.4475   -1468.0832  0.9043 
   00871    0.4375   -1467.3982  0.9056 
   00872    0.4550   -1464.8646  0.9036 
   00873    0.4675   -1463.4439  0.9066 
   00874    0.4550   -1462.8749  0.9079 
   00875    0.4775   -1464.3478  0.9088 
   00876    0.4775   -1476.1403  0.9084 
   00877    0.4275   -1470.1299  0.9119 
   00878    0.4075   -1477.2246  0.9131 
   00879    0.4675   -1468.1596  0.9180 
   00880    0.4400   -1467.1011  0.9134 
   00881    0.4000   -1474.2166  0.9150 
   00882    0.3825   -1472.7059  0.9161 
   00883    0.4075   -1472.7650  0.9135 
   00884    0.4225   -1472.1567  0.9154 
   00885    0.4575   -1468.4398  0.9093 
   00886    0.4050   -1472.4560  0.9069 
   00887    0.4275   -1473.9436  0.9034 
   00888    0.4525   -1465.9468  0.8998 
   00889    0.4350   -1465.2059  0.8949 
   00890    0.4775   -1467.8116  0.8937 
   00891    0.4125   -1480.7093  0.9047 
   00892    0.4800   -1475.7785  0.9040 
   00893    0.4450   -1471.8685  0.8962 
   00894    0.4350   -1479.2558  0.9012 
   00895    0.4425   -1487.1397  0.9065 
   00896    0.4725   -1483.0768  0.9087 
   00897    0.4225   -1477.4639  0.9083 
   00898    0.4575   -1479.2746  0.9122 
   00899    0.4350   -1473.5626  0.9070 
   00900    0.4400   -1466.8561  0.9074 
   00901    0.4250   -1469.8038  0.9081 
   00902    0.4750   -1473.2810  0.9056 
   00903    0.4450   -1473.6615  0.9003 
   00904    0.4125   -1474.9304  0.9099 
   00905    0.4550   -1471.8594  0.9107 
   00906    0.4650   -1471.3336  0.9076 
   00907    0.4250   -1473.1430  0.9031 
   00908    0.4350   -1477.7732  0.9025 
   00909    0.4700   -1476.2037  0.9007 
   00910    0.4025   -1474.7141  0.9023 
   00911    0.4375   -1473.1327  0.9002 
   00912    0.4625   -1471.2624  0.8963 
   00913    0.4650   -1479.1070  0.9060 
   00914    0.4500   -1484.4066  0.9092 
   00915    0.4725   -1476.6565  0.9101 
   00916    0.4500   -1479.9759  0.9153 
   00917    0.4050   -1474.1137  0.9185 
   00918    0.4425   -1474.6442  0.9156 
   00919    0.4100   -1471.6710  0.9105 
   00920    0.4775   -1472.4461  0.9121 
   00921    0.4825   -1474.1399  0.9148 
   00922    0.4225   -1470.3056  0.9140 
   00923    0.4400   -1474.5714  0.9101 
   00924    0.4450   -1470.5554  0.9134 
   00925    0.4400   -1478.4722  0.9145 
   00926    0.4225   -1479.9030  0.9159 
   00927    0.4525   -1476.0526  0.9156 
   00928    0.4425   -1472.2148  0.9155 
   00929    0.4675   -1467.1018  0.9150 
   00930    0.4425   -1465.1440  0.9089 
   00931    0.4300   -1465.6357  0.9109 
   00932    0.4225   -1473.3075  0.9163 
   00933    0.4400   -1471.2865  0.9138 
   00934    0.4450   -1465.0548  0.9189 
   00935    0.4325   -1476.8563  0.9209 
   00936    0.4275   -1480.8181  0.9219 
   00937    0.4450   -1482.4330  0.9212 
   00938    0.4475   -1464.4608  0.9104 
   00939    0.4750   -1464.6152  0.9073 
   00940    0.4550   -1467.9212  0.9082 
   00941    0.4450   -1470.0386  0.9100 
   00942    0.4250   -1472.0349  0.9120 
   00943    0.4625   -1469.4686  0.9057 
   00944    0.4300   -1470.7349  0.9074 
   00945    0.4525   -1474.8539  0.9086 
   00946    0.4350   -1485.2089  0.9112 
   00947    0.4425   -1486.4880  0.9087 
   00948    0.4175   -1471.8181  0.9027 
   00949    0.4975   -1466.1216  0.9024 
   00950    0.4725   -1466.0610  0.9023 
   00951    0.4075   -1466.6309  0.9028 
   00952    0.4225   -1469.9613  0.9031 
   00953    0.4400   -1463.0981  0.8930 
   00954    0.4750   -1474.3477  0.8912 
   00955    0.4250   -1469.0932  0.8940 
   00956    0.4300   -1473.4247  0.8915 
   00957    0.4850   -1476.1839  0.8935 
   00958    0.4500   -1470.8210  0.8983 
   00959    0.4425   -1465.3635  0.8995 
   00960    0.4575   -1460.9119  0.8948 
   00961    0.4650   -1466.8714  0.8890 
   00962    0.4375   -1466.2558  0.8939 
   00963    0.4425   -1467.7218  0.8959 
   00964    0.4525   -1475.7014  0.9051 
   00965    0.4275   -1462.8737  0.8964 
   00966    0.4425   -1469.7514  0.8995 
   00967    0.4475   -1468.9294  0.9063 
   00968    0.4400   -1466.2195  0.9076 
   00969    0.4175   -1465.6328  0.9086 
   00970    0.4100   -1472.4971  0.9080 
   00971    0.4450   -1465.1070  0.9074 
   00972    0.4225   -1465.4171  0.9036 
   00973    0.4450   -1466.5061  0.9044 
   00974    0.4300   -1469.4549  0.9071 
   00975    0.4100   -1475.0194  0.9082 
   00976    0.4075   -1472.5015  0.9111 
   00977    0.4350   -1463.6983  0.9084 
   00978    0.4725   -1476.3342  0.9143 
   00979    0.4725   -1468.3664  0.9083 
   00980    0.3975   -1468.3217  0.9079 
   00981    0.4300   -1475.6364  0.9097 
   00982    0.4625   -1473.9856  0.9074 
   00983    0.4600   -1473.6959  0.9028 
   00984    0.4900   -1473.7007  0.9072 
   00985    0.4700   -1476.2479  0.9090 
   00986    0.4075   -1481.9423  0.9104 
   00987    0.4750   -1470.4279  0.9015 
   00988    0.4700   -1483.3706  0.8991 
   00989    0.4350   -1476.4891  0.9068 
   00990    0.4750   -1470.4505  0.8987 
   00991    0.4550   -1462.5961  0.8922 
   00992    0.4775   -1456.7754  0.8938 
   00993    0.4775   -1475.5499  0.9086 
   00994    0.4225   -1471.9097  0.9065 
   00995    0.4225   -1474.3763  0.9081 
   00996    0.4525   -1471.2827  0.9081 
   00997    0.4575   -1475.3167  0.9084 
   00998    0.4125   -1472.2293  0.9114 
   00999    0.4025   -1477.4238  0.9167 
   01000    0.4150   -1484.2458  0.9157 
