#=====================================================
# File created:        Fri-13-Feb-2026-at-12-54-49PM
# Size of lattice:     20x20
# Number of MC steps:  1000
# Reduced temperature: 0.500
# Run time (s):        15.885278
#=====================================================
# MC step:  Ratio:     Energy:   Order:
#=====================================================
   00000    0.5000    -448.9975  0.2748 
   00001    0.6675    -642.9605  0.3122 
   00002    0.5950    -756.0665  0.3502 
   00003    0.5650    -859.2025  0.3544 
   00004    0.5350    -928.7223  0.3918 
   00005    0.4875    -986.8301  0.4094 
   00006    0.5425   -1021.7928  0.4038 
   00007    0.4950   -1052.4637  0.3988 
   00008    0.4750   -1057.9767  0.4168 
   00009    0.5325   -1065.6493  0.3923 
   00010    0.4650   -1114.6636  0.3878 
   00011    0.4550   -1147.2445  0.3872 
   00012    0.4425   -1165.3367  0.3983 
   00013    0.4975   -1190.0733  0.3968 
   00014    0.4575   -1182.0088  0.3938 
   00015    0.4525   -1179.4117  0.3787 
   00016    0.5000   -1184.1059  0.3838 
   00017    0.4700   -1202.4849  0.3874 
   00018    0.4400   -1209.6948  0.3918 
   00019    0.4625   -1214.9770  0.4074 
   00020    0.4075   -1225.8985  0.4320 
   00021    0.4700   -1225.1171  0.4301 
   00022    0.4125   -1225.2409  0.4521 
   00023    0.4800   -1222.9034  0.4477 
   00024    0.4625   -1242.9949  0.4697 
   00025    0.4225   -1262.5588  0.5007 
   00026    0.4650   -1261.0664  0.5001 
   00027    0.4000   -1279.5485  0.5099 
   00028    0.4125   -1290.3644  0.4935 
   00029    0.4525   -1295.0913  0.4849 
   00030    0.4675   -1288.2645  0.4912 
   00031    0.4075   -1281.7037  0.4884 
   00032    0.4325   -1287.6042  0.5110 
   00033    0.4325   -1304.6117  0.5187 
   00034    0.4575   -1332.1728  0.5153 
   00035    0.3875   -1329.4679  0.5157 
   00036    0.3925   -1321.1400  0.5119 
   00037    0.4150   -1312.2401  0.4983 
   00038    0.4725   -1321.2207  0.4931 
   00039    0.4475   -1319.0828  0.4919 
   00040    0.4700   -1321.0207  0.5053 
   00041    0.4550   -1317.9513  0.4990 
   00042    0.4075   -1316.3178  0.5046 
   00043    0.4525   -1330.4416  0.4963 
   00044    0.4150   -1323.9176  0.5048 
   00045    0.4275   -1318.7712  0.5039 
   00046    0.4050   -1327.7090  0.5082 
   00047    0.4300   -1313.3147  0.5171 
   00048    0.4525   -1319.3067  0.5290 
   00049    0.4075   -1339.4955  0.5366 
   00050    0.4175   -1331.3533  0.5157 
   00051    0.4150   -1325.2726  0.5208 
   00052    0.3875   -1327.8142  0.5230 
   00053    0.4825   -1344.1731  0.5277 
   00054    0.4275   -1340.8015  0.5232 
   00055    0.4175   -1325.9611  0.5302 
   00056    0.4200   -1344.4362  0.5431 
   00057    0.4325   -1337.7000  0.5352 
   00058    0.3925   -1341.5628  0.5369 
   00059    0.4150   -1340.0987  0.5291 
   00060    0.4575   -1340.9989  0.5465 
   00061    0.4550   -1333.7289  0.5506 
   00062    0.4275   -1325.0770  0.5615 
   00063    0.3875   -1333.6127  0.5712 
   00064    0.4100   -1331.9063  0.5751 
   00065    0.3850   -1328.8152  0.5751 
   00066    0.4275   -1329.7839  0.5668 
   00067    0.4075   -1341.3337  0.5637 
   00068    0.4400   -1342.6170  0.5458 
   00069    0.4225   -1350.0501  0.5482 
   00070    0.4500   -1336.8459  0.5419 
   00071    0.4450   -1334.5379  0.5380 
   00072    0.4300   -1354.7083  0.5410 
   00073    0.3925   -1340.0476  0.5329 
   00074    0.3950   -1358.7744  0.5253 
   00075    0.3825   -1351.9147  0.5316 
   00076    0.4225   -1333.0629  0.5146 
   00077    0.4400   -1322.8152  0.5165 
   00078    0.4100   -1318.0070  0.5181 
   00079    0.4225   -1320.2923  0.5075 
   00080    0.3900   -1316.5180  0.4971 
   00081    0.4200   -1308.8261  0.4988 
   00082    0.4425   -1306.8349  0.4938 
   00083    0.4375   -1291.3604  0.5085 
   00084    0.4300   -1287.0052  0.5181 
   00085    0.4125   -1301.5611  0.5447 
   00086    0.3950   -1307.1704  0.5599 
   00087    0.4200   -1324.8052  0.5712 
   00088    0.3900   -1306.5478  0.5581 
   00089    0.4350   -1311.2483  0.5514 
   00090    0.4150   -1307.8092  0.5428 
   00091    0.4350   -1310.7042  0.5370 
   00092    0.4325   -1332.6804  0.5601 
   00093    0.4075   -1312.2935  0.5541 
   00094    0.3975   -1304.9341  0.5427 
   00095    0.4275   -1324.5128  0.5454 
   00096    0.4275   -1313.1392  0.5462 
   00097    0.4050   -1316.7683  0.5491 
   00098    0.4100   -1296.9695  0.5564 
   00099    0.4225   -1301.3569  0.5697 
   00100    0.4025   -1304.4306  0.5765 
   00101    0.4550   -1304.7688  0.5583 
   00102    0.3550   -1312.0720  0.5642 
   00103    0.3925   -1293.6018  0.5575 
   00104    0.4450   -1297.3761  0.5599 
   00105    0.4600   -1304.2887  0.5778 
   00106    0.4050   -1295.8680  0.5727 
   00107    0.4200   -1289.9672  0.5723 
   00108    0.4450   -1283.8440  0.5711 
   00109    0.4150   -1306.0685  0.5817 
   00110    0.4350   -1325.6482  0.5928 
   00111    0.3975   -1301.4692  0.6062 
   00112    0.4475   -1305.9227  0.6080 
   00113    0.4250   -1309.5128  0.6127 
   00114    0.4250   -1326.0188  0.5994 
   00115    0.4500   -1315.6608  0.5914 
   00116    0.4600   -1333.8812  0.6025 
   00117    0.4125   -1339.1066  0.6044 
   00118    0.3850   -1340.9955  0.6173 
   00119    0.4525   -1324.3135  0.6107 
   00120    0.3975   -1326.2430  0.6090 
   00121    0.4625   -1322.1278  0.5932 
   00122    0.4300   -1327.9981  0.5912 
   00123    0.4400   -1338.7943  0.5938 
   00124    0.4300   -1351.6560  0.5903 
   00125    0.4300   -1358.4607  0.5899 
   00126    0.4525   -1360.1273  0.5958 
   00127    0.4575   -1337.9096  0.5930 
   00128    0.3575   -1341.9134  0.5938 
   00129    0.4400   -1334.8221  0.5999 
   00130    0.4175   -1331.5552  0.6042 
   00131    0.4175   -1336.2637  0.5997 
   00132    0.4150   -1316.2711  0.5901 
   00133    0.3925   -1333.2611  0.6095 
   00134    0.4050   -1345.1703  0.6089 
   00135    0.4200   -1343.7806  0.5969 
   00136    0.4050   -1332.4819  0.6062 
   00137    0.4350   -1329.0534  0.6272 
   00138    0.4075   -1329.7199  0.6266 
   00139    0.4075   -1329.7004  0.6427 
   00140    0.3975   -1333.6219  0.6411 
   00141    0.4125   -1326.9172  0.6525 
   00142    0.4500   -1325.9357  0.6566 
   00143    0.4425   -1339.4686  0.6516 
   00144    0.4175   -1343.8225  0.6627 
   00145    0.4550   -1338.5354  0.6574 
   00146    0.4625   -1353.0440  0.6665 
   00147    0.4075   -1349.6323  0.6731 
   00148    0.4200   -1345.1741  0.6751 
   00149    0.4075   -1326.8497  0.6665 
   00150    0.4200   -1330.6480  0.6527 
   00151    0.4150   -1325.0988  0.6519 
   00152    0.4125   -1334.9025  0.6551 
   00153    0.4825   -1358.4144  0.6551 
   00154    0.4125   -1347.2688  0.6438 
   00155    0.3975   -1343.3557  0.6428 
   00156    0.4050   -1340.5077  0.6402 
   00157    0.4450   -1349.2982  0.6531 
   00158    0.4150   -1333.4611  0.6558 
   00159    0.3925   -1344.0545  0.6651 
   00160    0.4000   -1341.9094  0.6696 
   00161    0.4150   -1344.2504  0.6684 
   00162    0.4075   -1331.5942  0.6754 
   00163    0.4450   -1320.7748  0.6830 
   00164    0.3825   -1332.3733  0.6979 
   00165    0.4200   -1345.3043  0.6901 
   00166    0.4325   -1345.8988  0.7003 
   00167    0.3950   -1340.1367  0.6970 
   00168    0.4125   -1322.2578  0.6943 
   00169    0.3850   -1332.2757  0.6966 
   00170    0.4000   -1344.1350  0.7212 
   00171    0.4200   -1334.2858  0.7099 
   00172    0.4075   -1323.9792  0.7080 
   00173    0.3925   -1345.2852  0.7071 
   00174    0.4200   -1340.4291  0.7106 
   00175    0.3750   -1333.7249  0.7145 
   00176    0.4200   -1360.9190  0.7303 
   00177    0.4000   -1348.0192  0.7299 
   00178    0.3975   -1338.9892  0.7268 
   00179    0.4125   -1339.3933  0.7369 
   00180    0.4375   -1340.9641  0.7444 
   00181    0.3875   -1363.3600  0.7459 
   00182    0.4350   -1359.4451  0.7499 
   00183    0.4050   -1351.7023  0.7479 
   00184    0.4100   -1350.3119  0.7580 
   00185    0.3700   -1356.2940  0.7623 
   00186    0.3750   -1345.4167  0.7729 
   00187    0.4200   -1353.9780  0.7802 
   00188    0.4375   -1357.8750  0.7884 
   00189    0.3675   -1366.4051  0.7883 
   00190    0.4075   -1372.6920  0.7855 
   00191    0.4325   -1375.5239  0.7781 
   00192    0.4525   -1369.5701  0.7709 
   00193    0.3850   -1392.4369  0.7839 
   00194    0.3525   -1394.4598  0.7914 
   00195    0.4200   -1395.3641  0.7898 
   00196    0.3850   -1385.2382  0.7933 
   00197    0.3875   -1382.4152  0.7861 
   00198    0.4200   -1366.9259  0.7850 
   00199    0.3725   -1364.8512  0.7976 
   00200    0.3600   -1367.5341  0.8037 
   00201    0.3725   -1369.2407  0.8107 
   00202    0.4075   -1367.4065  0.8089 
   00203    0.3825   -1370.7216  0.8008 
   00204    0.4150   -1366.3525  0.8027 
   00205    0.3925   -1355.9054  0.8004 
   00206    0.4425   -1377.4875  0.8067 
   00207    0.4550   -1366.1905  0.7955 
   00208    0.3525   -1361.0502  0.7940 
   00209    0.4050   -1366.5461  0.7986 
   00210    0.4050   -1345.7781  0.7886 
   00211    0.3900   -1348.9524  0.7855 
   00212    0.3850   -1352.4079  0.7918 
   00213    0.4150   -1356.2562  0.7999 
   00214    0.4175   -1354.6678  0.7995 
   00215    0.4175   -1357.1309  0.7986 
   00216    0.4000   -1353.4800  0.8034 
   00217    0.4375   -1351.7694  0.8087 
   00218    0.3925   -1347.2698  0.8214 
   00219    0.4400   -1366.1177  0.8246 
   00220    0.4325   -1378.5925  0.8327 
   00221    0.4350   -1381.4368  0.8447 
   00222    0.4225   -1362.0804  0.8343 
   00223    0.4075   -1377.4163  0.8442 
   00224    0.3750   -1378.6589  0.8463 
   00225    0.4350   -1393.6358  0.8499 
   00226    0.3950   -1384.3798  0.8506 
   00227    0.3900   -1370.6223  0.8354 
   00228    0.4200   -1368.5917  0.8318 
   00229    0.4050   -1384.0832  0.8360 
   00230    0.3900   -1377.1871  0.8320 
   00231    0.4200   -1371.3567  0.8308 
   00232    0.4175   -1379.8149  0.8434 
   00233    0.4325   -1382.9210  0.8441 
   00234    0.4275   -1392.1679  0.8513 
   00235    0.4325   -1386.5450  0.8527 
   00236    0.4300   -1373.9034  0.8525 
   00237    0.3725   -1387.5245  0.8504 
   00238    0.3950   -1386.0725  0.8515 
   00239    0.4000   -1384.7558  0.8577 
   00240    0.4175   -1360.7360  0.8444 
   00241    0.4525   -1357.4279  0.8317 
   00242    0.4050   -1328.6358  0.8206 
   00243    0.4525   -1339.0561  0.8207 
   00244    0.4225   -1364.6897  0.8315 
   00245    0.3925   -1367.4163  0.8288 
   00246    0.4350   -1370.6571  0.8376 
   00247    0.3925   -1349.3420  0.8335 
   00248    0.4225   -1339.3316  0.8278 
   00249    0.4325   -1355.4899  0.8240 
   00250    0.4050   -1350.3339  0.8307 
   00251    0.3600   -1361.9476  0.8361 
   00252    0.4125   -1371.8772  0.8425 
   00253    0.3575   -1372.4827  0.8383 
   00254    0.4050   -1359.7275  0.8343 
   00255    0.3525   -1371.1151  0.8395 
   00256    0.4075   -1358.3738  0.8311 
   00257    0.4475   -1367.3899  0.8380 
   00258    0.4450   -1352.3826  0.8393 
   00259    0.3925   -1331.0237  0.8254 
   00260    0.4400   -1340.4196  0.8343 
   00261    0.4150   -1348.0006  0.8329 
   00262    0.3975   -1354.9664  0.8426 
   00263    0.4125   -1364.6819  0.8493 
   00264    0.3675   -1375.3099  0.8600 
   00265    0.3875   -1376.6107  0.8685 
   00266    0.4225   -1371.8357  0.8651 
   00267    0.4050   -1374.0148  0.8658 
   00268    0.4325   -1366.2299  0.8510 
   00269    0.4425   -1360.0470  0.8540 
   00270    0.3700   -1341.5090  0.8433 
   00271    0.4300   -1354.3264  0.8469 
   00272    0.4450   -1367.3756  0.8420 
   00273    0.4825   -1362.5047  0.8423 
   00274    0.4125   -1391.6612  0.8577 
   00275    0.3775   -1376.0042  0.8553 
   00276    0.4000   -1367.2316  0.8526 
   00277    0.3600   -1367.3950  0.8479 
   00278    0.4200   -1380.0921  0.8382 
   00279    0.3925   -1365.5053  0.8447 
   00280    0.4025   -1364.3195  0.8381 
   00281    0.3700   -1374.9193  0.8483 
   00282    0.3975   -1372.7578  0.8427 
   00283    0.4350   -1372.1587  0.8469 
   00284    0.3925   -1373.8518  0.8500 
   00285    0.4500   -1335.3016  0.8437 
   00286    0.4350   -1332.5573  0.8430 
   00287    0.4525   -1346.2873  0.8479 
   00288    0.3875   -1359.8931  0.8440 
   00289    0.4250   -1344.4633  0.8380 
   00290    0.4275   -1340.3878  0.8498 
   00291    0.4125   -1367.7496  0.8537 
   00292    0.4175   -1381.2237  0.8637 
   00293    0.3775   -1395.4951  0.8657 
   00294    0.4275   -1390.8489  0.8669 
   00295    0.4150   -1396.0713  0.8677 
   00296    0.4125   -1388.3423  0.8644 
   00297    0.3875   -1390.5885  0.8573 
   00298    0.3875   -1392.7219  0.8539 
   00299    0.3725   -1386.7304  0.8584 
   00300    0.4075   -1388.0488  0.8564 
   00301    0.4525   -1376.1056  0.8540 
   00302    0.3950   -1381.3252  0.8514 
   00303    0.3850   -1374.7902  0.8522 
   00304    0.4225   -1368.8684  0.8437 
   00305    0.4200   -1388.3923  0.8500 
   00306    0.4150   -1387.8489  0.8584 
   00307    0.3875   -1385.7423  0.8539 
   00308    0.3950   -1395.8178  0.8581 
   00309    0.4175   -1392.9594  0.8557 
   00310    0.4050   -1402.0810  0.8708 
   00311    0.3850   -1398.8194  0.8650 
   00312    0.3925   -1396.3037  0.8686 
   00313    0.4025   -1402.5167  0.8796 
   00314    0.4350   -1396.4024  0.8742 
   00315    0.3675   -1382.7912  0.8681 
   00316    0.3775   -1391.9379  0.8760 
   00317    0.4500   -1388.6326  0.8794 
   00318    0.4200   -1382.3360  0.8702 
   00319    0.4150   -1379.4363  0.8719 
   00320    0.3525   -1387.5531  0.8678 
   00321    0.3825   -1384.9490  0.8654 
   00322    0.4000   -1378.7727  0.8645 
   00323    0.4275   -1354.9511  0.8474 
   00324    0.3800   -1345.4522  0.8438 
   00325    0.3800   -1338.1033  0.8306 
   00326    0.4525   -1339.4536  0.8329 
   00327    0.4150   -1351.3040  0.8260 
   00328    0.4375   -1368.5705  0.8266 
   00329    0.4375   -1365.2634  0.8359 
   00330    0.3875   -1382.4749  0.8465 
   00331    0.4150   -1380.3007  0.8520 
   00332    0.4000   -1388.1968  0.8630 
   00333    0.4325   -1397.6206  0.8710 
   00334    0.3900   -1368.7856  0.8554 
   00335    0.3750   -1365.9412  0.8513 
   00336    0.4550   -1346.9648  0.8461 
   00337    0.4150   -1351.3884  0.8489 
   00338    0.4050   -1378.3190  0.8543 
   00339    0.4275   -1387.0146  0.8611 
   00340    0.4025   -1400.9787  0.8727 
   00341    0.4125   -1395.5695  0.8677 
   00342    0.3800   -1389.8071  0.8711 
   00343    0.4425   -1396.7480  0.8649 
   00344    0.3875   -1396.7551  0.8596 
   00345    0.3650   -1393.3520  0.8516 
   00346    0.4175   -1398.7649  0.8623 
   00347    0.4350   -1384.8239  0.8550 
   00348    0.4400   -1365.2470  0.8394 
   00349    0.4375   -1370.2455  0.8364 
   00350    0.4400   -1359.3757  0.8364 
   00351    0.3900   -1375.9882  0.8485 
   00352    0.4200   -1390.2237  0.8573 
   00353    0.3725   -1387.3885  0.8601 
   00354    0.4200   -1379.8629  0.8532 
   00355    0.4225   -1381.0313  0.8527 
   00356    0.3700   -1379.6454  0.8503 
   00357    0.4000   -1373.4249  0.8584 
   00358    0.4150   -1392.1941  0.8697 
   00359    0.3975   -1382.7276  0.8645 
   00360    0.4000   -1378.5534  0.8664 
   00361    0.4200   -1378.6499  0.8649 
   00362    0.4175   -1371.1198  0.8578 
   00363    0.3775   -1378.9047  0.8625 
   00364    0.4200   -1380.4055  0.8598 
   00365    0.4000   -1381.8302  0.8555 
   00366    0.4525   -1375.1309  0.8624 
   00367    0.4100   -1376.9861  0.8695 
   00368    0.3975   -1385.1298  0.8686 
   00369    0.3825   -1389.0859  0.8689 
   00370    0.4125   -1376.9984  0.8710 
   00371    0.4250   -1365.6678  0.8694 
   00372    0.4350   -1371.9478  0.8825 
   00373    0.3950   -1381.8090  0.8782 
   00374    0.3775   -1384.0644  0.8761 
   00375    0.3650   -1377.8050  0.8692 
   00376    0.4075   -1357.8577  0.8626 
   00377    0.4075   -1368.0180  0.8641 
   00378    0.4150   -1360.2192  0.8579 
   00379    0.4475   -1351.8566  0.8489 
   00380    0.4350   -1334.9430  0.8430 
   00381    0.4250   -1355.4249  0.8504 
   00382    0.4400   -1345.7299  0.8501 
   00383    0.4000   -1356.6160  0.8516 
   00384    0.4175   -1357.7779  0.8536 
   00385    0.4125   -1373.2076  0.8605 
   00386    0.3975   -1381.9875  0.8596 
   00387    0.3900   -1380.6767  0.8545 
   00388    0.4150   -1386.3743  0.8499 
   00389    0.3500   -1388.7549  0.8513 
   00390    0.4225   -1399.0538  0.8389 
   00391    0.4125   -1392.5739  0.8445 
   00392    0.3900   -1392.8959  0.8400 
   00393    0.4025   -1388.5671  0.8455 
   00394    0.4100   -1368.5305  0.8401 
   00395    0.4100   -1364.1705  0.8347 
   00396    0.3550   -1364.0345  0.8417 
   00397    0.4300   -1349.2314  0.8485 
   00398    0.3950   -1361.3527  0.8499 
   00399    0.3650   -1363.2868  0.8477 
   00400    0.4225   -1377.0506  0.8575 
   00401    0.4250   -1361.0401  0.8540 
   00402    0.3650   -1356.4608  0.8517 
   00403    0.4475   -1368.7633  0.8593 
   00404    0.4075   -1369.9471  0.8647 
   00405    0.4400   -1388.0228  0.8713 
   00406    0.4450   -1392.5356  0.8710 
   00407    0.4075   -1385.3179  0.8748 
   00408    0.4400   -1378.5213  0.8714 
   00409    0.3225   -1361.2816  0.8669 
   00410    0.4225   -1377.3332  0.8651 
   00411    0.4400   -1370.8707  0.8572 
   00412    0.4025   -1389.6705  0.8659 
   00413    0.4150   -1372.3226  0.8530 
   00414    0.3925   -1375.0369  0.8474 
   00415    0.4600   -1354.9511  0.8403 
   00416    0.4075   -1358.8595  0.8529 
   00417    0.4300   -1366.7873  0.8400 
   00418    0.4075   -1386.2758  0.8513 
   00419    0.3775   -1375.2042  0.8463 
   00420    0.3875   -1384.1547  0.8477 
   00421    0.4000   -1375.1579  0.8548 
   00422    0.4225   -1389.2954  0.8599 
   00423    0.4150   -1395.0988  0.8688 
   00424    0.4100   -1383.5683  0.8617 
   00425    0.4400   -1381.3936  0.8766 
   00426    0.4000   -1386.5280  0.8768 
   00427    0.3900   -1372.3000  0.8716 
   00428    0.4125   -1384.1130  0.8710 
   00429    0.3900   -1380.1275  0.8758 
   00430    0.4100   -1371.8171  0.8627 
   00431    0.4175   -1373.5373  0.8615 
   00432    0.4325   -1385.8642  0.8500 
   00433    0.4025   -1391.1725  0.8490 
   00434    0.4425   -1396.3565  0.8564 
   00435    0.4450   -1380.5327  0.8496 
   00436    0.3725   -1376.9603  0.8500 
   00437    0.3650   -1380.7037  0.8526 
   00438    0.4225   -1370.1829  0.8428 
   00439    0.4375   -1355.8149  0.8339 
   00440    0.4125   -1364.0302  0.8400 
   00441    0.3650   -1380.1710  0.8517 
   00442    0.4050   -1379.9994  0.8587 
   00443    0.3900   -1384.4119  0.8652 
   00444    0.4200   -1396.8159  0.8677 
   00445    0.4275   -1403.5295  0.8656 
   00446    0.3950   -1419.4071  0.8725 
   00447    0.3850   -1404.9030  0.8694 
   00448    0.4000   -1401.0012  0.8508 
   00449    0.4100   -1405.8404  0.8534 
   00450    0.4200   -1397.5039  0.8583 
   00451    0.4175   -1395.4791  0.8559 
   00452    0.4275   -1376.8433  0.8409 
   00453    0.3975   -1365.4862  0.8430 
   00454    0.4075   -1362.9290  0.8472 
   00455    0.4250   -1350.3376  0.8417 
   00456    0.4175   -1358.8171  0.8479 
   00457    0.3775   -1370.6472  0.8527 
   00458    0.4325   -1377.5042  0.8622 
   00459    0.4200   -1388.8330  0.8692 
   00460    0.4050   -1383.3943  0.8653 
   00461    0.3875   -1386.7675  0.8524 
   00462    0.4125   -1381.4648  0.8521 
   00463    0.3675   -1375.4534  0.8433 
   00464    0.4225   -1381.4329  0.8440 
   00465    0.4225   -1395.1226  0.8452 
   00466    0.4450   -1375.6753  0.8375 
   00467    0.3900   -1372.0080  0.8340 
   00468    0.3925   -1386.1993  0.8426 
   00469    0.4150   -1385.6434  0.8433 
   00470    0.4175   -1373.1520  0.8300 
   00471    0.4050   -1379.0321  0.8431 
   00472    0.3950   -1354.7615  0.8333 
   00473    0.4025   -1359.4436  0.8384 
   00474    0.4300   -1355.7179  0.8448 
   00475    0.4300   -1359.7105  0.8373 
   00476    0.4525   -1367.3565  0.8438 
   00477    0.4400   -1374.0602  0.8419 
   00478    0.3800   -1369.5429  0.8456 
   00479    0.3550   -1362.9971  0.8457 
   00480    0.4275   -1356.1169  0.8469 
   00481    0.4300   -1353.2676  0.8395 
   00482    0.4000   -1374.4892  0.8466 
   00483    0.4125   -1368.3913  0.8451 
   00484    0.4100   -1387.3112  0.8451 
   00485    0.4050   -1370.3085  0.8490 
   00486    0.3800   -1362.2164  0.8419 
   00487    0.4025   -1333.3681  0.8303 
   00488    0.4375   -1349.1412  0.8243 
   00489    0.4250   -1349.7709  0.8125 
   00490    0.3900   -1372.2981  0.8266 
   00491    0.4325   -1358.5577  0.8196 
   00492    0.4025   -1357.5604  0.8159 
   00493    0.4075   -1357.5162  0.8125 
   00494    0.4075   -1366.5361  0.8276 
   00495    0.3875   -1366.1624  0.8316 
   00496    0.3775   -1365.6242  0.8229 
   00497    0.4350   -1352.9312  0.8119 
   00498    0.4250   -1354.6699  0.8159 
   00499    0.4550   -1345.8072  0.8142 
   00500    0.4400   -1344.3199  0.8097 
   00501    0.4250   -1360.1352  0.8227 
   00502    0.4125   -1358.8557  0.8303 
   00503    0.4025   -1364.8335  0.8325 
   00504    0.4000   -1348.5973  0.8410 
   00505    0.4025   -1345.1460  0.8367 
   00506    0.4775   -1366.7185  0.8332 
   00507    0.3950   -1367.6789  0.8321 
   00508    0.4475   -1354.0926  0.8374 
   00509    0.3600   -1365.8851  0.8427 
   00510    0.3900   -1374.3725  0.8488 
   00511    0.3900   -1379.7189  0.8576 
   00512    0.3925   -1383.8041  0.8587 
   00513    0.4125   -1390.2418  0.8571 
   00514    0.4000   -1373.6674  0.8551 
   00515    0.4325   -1373.9085  0.8551 
   00516    0.3950   -1373.8054  0.8650 
   00517    0.4100   -1373.0527  0.8643 
   00518    0.4000   -1371.1020  0.8595 
   00519    0.3875   -1354.4801  0.8449 
   00520    0.4050   -1352.1199  0.8469 
   00521    0.4125   -1353.5613  0.8531 
   00522    0.4525   -1375.6336  0.8569 
   00523    0.3900   -1366.3834  0.8561 
   00524    0.4625   -1370.1789  0.8478 
   00525    0.3800   -1381.2707  0.8446 
   00526    0.4300   -1387.1668  0.8482 
   00527    0.4025   -1371.8947  0.8369 
   00528    0.4125   -1361.8228  0.8367 
   00529    0.4250   -1359.3239  0.8313 
   00530    0.3925   -1372.6924  0.8362 
   00531    0.4225   -1370.6405  0.8356 
   00532    0.3850   -1351.3907  0.8169 
   00533    0.4400   -1357.5933  0.8133 
   00534    0.4125   -1364.7711  0.8147 
   00535    0.4150   -1355.0553  0.8200 
   00536    0.3825   -1363.5839  0.8181 
   00537    0.3825   -1353.1121  0.8171 
   00538    0.4075   -1329.9410  0.8054 
   00539    0.3850   -1349.7301  0.8195 
   00540    0.3800   -1355.1592  0.8219 
   00541    0.4575   -1356.8528  0.8330 
   00542    0.3925   -1335.3676  0.8293 
   00543    0.4350   -1337.3670  0.8315 
   00544    0.4225   -1349.4502  0.8387 
   00545    0.4025   -1352.3716  0.8388 
   00546    0.3900   -1338.0172  0.8294 
   00547    0.4150   -1354.5543  0.8361 
   00548    0.4075   -1363.3140  0.8404 
   00549    0.4225   -1358.0423  0.8384 
   00550    0.4250   -1370.6085  0.8501 
   00551    0.4050   -1360.1460  0.8467 
   00552    0.3975   -1360.4428  0.8442 
   00553    0.4450   -1380.0289  0.8594 
   00554    0.4475   -1359.8029  0.8531 
   00555    0.3850   -1363.7886  0.8491 
   00556    0.4275   -1369.6684  0.8455 
   00557    0.4225   -1366.1278  0.8520 
   00558    0.4300   -1374.4112  0.8532 
   00559    0.3875   -1374.6704  0.8559 
   00560    0.4100   -1375.4060  0.8739 
   00561    0.4175   -1369.1908  0.8650 
   00562    0.3700   -1378.0047  0.8703 
   00563    0.4375   -1372.8467  0.8652 
   00564    0.4250   -1365.1501  0.8644 
   00565    0.4250   -1364.0168  0.8636 
   00566    0.4275   -1389.4381  0.8705 
   00567    0.3750   -1410.8599  0.8720 
   00568    0.4275   -1383.5173  0.8607 
   00569    0.4175   -1393.2677  0.8738 
   00570    0.4175   -1397.4922  0.8782 
   00571    0.4075   -1390.9578  0.8790 
   00572    0.4400   -1391.6514  0.8686 
   00573    0.3600   -1374.1114  0.8646 
   00574    0.4500   -1356.2548  0.8608 
   00575    0.4650   -1371.1493  0.8603 
   00576    0.4350   -1356.0650  0.8507 
   00577    0.3775   -1372.4405  0.8630 
   00578    0.3975   -1396.3357  0.8777 
   00579    0.3975   -1393.1818  0.8826 
   00580    0.3875   -1371.4259  0.8747 
   00581    0.4200   -1371.0092  0.8762 
   00582    0.4325   -1372.9881  0.8804 
   00583    0.3725   -1371.0445  0.8806 
   00584    0.3975   -1368.4170  0.8805 
   00585    0.3775   -1364.1469  0.8808 
   00586    0.3900   -1371.0411  0.8791 
   00587    0.4075   -1387.0796  0.8859 
   00588    0.4100   -1389.3140  0.8821 
   00589    0.4350   -1382.3805  0.8781 
   00590    0.4125   -1392.0633  0.8846 
   00591    0.3950   -1390.0981  0.8807 
   00592    0.4400   -1389.3164  0.8746 
   00593    0.3750   -1403.9628  0.8822 
   00594    0.4425   -1398.1983  0.8788 
   00595    0.4400   -1389.8256  0.8792 
   00596    0.3825   -1384.9874  0.8767 
   00597    0.4500   -1391.2803  0.8740 
   00598    0.3950   -1398.7698  0.8718 
   00599    0.4075   -1393.4213  0.8612 
   00600    0.4025   -1387.7356  0.8607 
   00601    0.3450   -1404.5598  0.8645 
   00602    0.3850   -1387.8286  0.8609 
   00603    0.4625   -1384.8759  0.8577 
   00604    0.4525   -1377.9290  0.8612 
   00605    0.4000   -1366.0972  0.8441 
   00606    0.3950   -1363.4345  0.8524 
   00607    0.3850   -1361.8073  0.8482 
   00608    0.4625   -1359.7268  0.8424 
   00609    0.4300   -1355.1363  0.8382 
   00610    0.4000   -1370.6117  0.8440 
   00611    0.4225   -1366.6126  0.8333 
   00612    0.3850   -1365.5349  0.8384 
   00613    0.4175   -1361.5434  0.8378 
   00614    0.4025   -1361.1422  0.8469 
   00615    0.4775   -1349.3992  0.8426 
   00616    0.4050   -1358.8893  0.8413 
   00617    0.4100   -1359.9832  0.8420 
   00618    0.4050   -1369.9322  0.8418 
   00619    0.3875   -1382.6381  0.8475 
   00620    0.3450   -1367.2632  0.8479 
   00621    0.3925   -1348.7059  0.8354 
   00622    0.4075   -1351.2597  0.8422 
   00623    0.3900   -1381.5042  0.8518 
   00624    0.4150   -1377.4026  0.8550 
   00625    0.4025   -1373.5833  0.8508 
   00626    0.4000   -1391.6496  0.8538 
   00627    0.4150   -1378.6916  0.8540 
   00628    0.4100   -1376.1752  0.8538 
   00629    0.3875   -1386.8854  0.8450 
   00630    0.4325   -1373.1015  0.8402 
   00631    0.4150   -1353.1371  0.8353 
   00632    0.4025   -1379.5339  0.8332 
   00633    0.3900   -1380.4600  0.8364 
   00634    0.3775   -1396.7412  0.8440 
   00635    0.4400   -1398.4561  0.8502 
   00636    0.4025   -1381.9841  0.8424 
   00637    0.4275   -1387.9897  0.8496 
   00638    0.4200   -1381.0605  0.8502 
   00639    0.3825   -1394.9804  0.8608 
   00640    0.3475   -1369.8329  0.8488 
   00641    0.3725   -1378.7878  0.8513 
   00642    0.3975   -1366.6161  0.8490 
   00643    0.3875   -1357.2935  0.8518 
   00644    0.4500   -1365.3950  0.8521 
   00645    0.3625   -1366.7175  0.8522 
   00646    0.3975   -1363.4053  0.8603 
   00647    0.3375   -1363.2392  0.8650 
   00648    0.4100   -1380.1869  0.8694 
   00649    0.3600   -1381.8800  0.8714 
   00650    0.3875   -1375.2053  0.8685 
   00651    0.3875   -1367.0492  0.8601 
   00652    0.4300   -1380.9798  0.8618 
   00653    0.4275   -1371.2184  0.8578 
   00654    0.3800   -1370.4592  0.8562 
   00655    0.4300   -1372.2945  0.8479 
   00656    0.4300   -1358.2126  0.8486 
   00657    0.4000   -1349.1004  0.8418 
   00658    0.4100   -1356.2576  0.8455 
   00659    0.4325   -1349.2624  0.8443 
   00660    0.4125   -1357.7353  0.8394 
   00661    0.4525   -1378.2460  0.8464 
   00662    0.3975   -1369.9507  0.8436 
   00663    0.3850   -1385.7659  0.8455 
   00664    0.4075   -1381.8865  0.8459 
   00665    0.4075   -1378.5615  0.8436 
   00666    0.4175   -1365.5605  0.8458 
   00667    0.4150   -1365.1901  0.8395 
   00668    0.4300   -1366.7927  0.8405 
   00669    0.3750   -1370.7501  0.8431 
   00670    0.3550   -1383.4102  0.8404 
   00671    0.4475   -1388.9455  0.8468 
   00672    0.3700   -1398.3843  0.8467 
   00673    0.4525   -1375.6208  0.8419 
   00674    0.3950   -1376.4810  0.8424 
   00675    0.3700   -1390.2796  0.8436 
   00676    0.4125   -1370.5181  0.8347 
   00677    0.3925   -1388.6289  0.8436 
   00678    0.3650   -1396.8345  0.8405 
   00679    0.3725   -1378.9348  0.8345 
   00680    0.4150   -1380.4618  0.8461 
   00681    0.4375   -1398.8829  0.8558 
   00682    0.4250   -1393.5091  0.8512 
   00683    0.3825   -1391.6717  0.8455 
   00684    0.4100   -1380.3069  0.8380 
   00685    0.4050   -1383.3405  0.8409 
   00686    0.4175   -1392.3557  0.8488 
   00687    0.3825   -1387.8455  0.8379 
   00688    0.4100   -1374.1904  0.8330 
   00689    0.3525   -1360.5384  0.8317 
   00690    0.4075   -1362.3742  0.8263 
   00691    0.4175   -1350.0704  0.8183 
   00692    0.4300   -1334.6804  0.8093 
   00693    0.3850   -1334.4168  0.8162 
   00694    0.3875   -1351.1160  0.8273 
   00695    0.4125   -1352.8438  0.8348 
   00696    0.4300   -1360.2704  0.8283 
   00697    0.4125   -1360.9860  0.8371 
   00698    0.3875   -1376.5426  0.8454 
   00699    0.3925   -1384.0788  0.8476 
   00700    0.4100   -1403.0677  0.8569 
   00701    0.4150   -1382.5955  0.8566 
   00702    0.4225   -1383.8198  0.8544 
   00703    0.4100   -1382.2525  0.8581 
   00704    0.4175   -1370.0307  0.8582 
   00705    0.3850   -1387.8295  0.8606 
   00706    0.4375   -1397.8511  0.8633 
   00707    0.3600   -1385.9263  0.8632 
   00708    0.4000   -1386.5517  0.8669 
   00709    0.3950   -1373.9714  0.8689 
   00710    0.4000   -1379.1960  0.8716 
   00711    0.4350   -1384.7829  0.8791 
   00712    0.4125   -1382.7824  0.8783 
   00713    0.4050   -1366.8436  0.8795 
   00714    0.3925   -1356.4630  0.8681 
   00715    0.4350   -1374.7336  0.8676 
   00716    0.4025   -1375.5622  0.8629 
   00717    0.4275   -1398.9982  0.8633 
   00718    0.3825   -1398.0683  0.8669 
   00719    0.4100   -1379.8707  0.8622 
   00720    0.4275   -1379.4017  0.8690 
   00721    0.4125   -1363.4250  0.8675 
   00722    0.3600   -1361.0067  0.8684 
   00723    0.4250   -1375.7849  0.8716 
   00724    0.3975   -1385.6472  0.8741 
   00725    0.3950   -1384.0995  0.8690 
   00726    0.4050   -1377.5230  0.8724 
   00727    0.4325   -1387.7541  0.8801 
   00728    0.4075   -1378.4922  0.8776 
   00729    0.4025   -1379.3258  0.8767 
   00730    0.3950   -1382.6106  0.8755 
   00731    0.3950   -1367.1456  0.8738 
   00732    0.3825   -1379.8278  0.8721 
   00733    0.3825   -1378.7489  0.8833 
   00734    0.4100   -1380.5164  0.8796 
   00735    0.4075   -1373.5312  0.8720 
   00736    0.3825   -1374.9100  0.8726 
   00737    0.3850   -1383.2192  0.8796 
   00738    0.4075   -1377.7496  0.8779 
   00739    0.3500   -1392.0193  0.8797 
   00740    0.3725   -1401.7870  0.8845 
   00741    0.3925   -1384.3586  0.8726 
   00742    0.4175   -1394.5896  0.8731 
   00743    0.3925   -1413.6047  0.8757 
   00744    0.3800   -1410.5219  0.8697 
   00745    0.4175   -1395.2596  0.8648 
   00746    0.4375   -1377.3970  0.8581 
   00747    0.3650   -1374.8803  0.8633 
   00748    0.4350   -1359.8776  0.8478 
   00749    0.3850   -1363.9768  0.8428 
   00750    0.4525   -1361.5749  0.8414 
   00751    0.3900   -1365.5761  0.8479 
   00752    0.4325   -1365.7997  0.8482 
   00753    0.4300   -1373.1781  0.8444 
   00754    0.4425   -1360.3014  0.8450 
   00755    0.4050   -1368.2541  0.8427 
   00756    0.4050   -1359.8861  0.8398 
   00757    0.4275   -1351.0547  0.8399 
   00758    0.3975   -1371.4295  0.8481 
   00759    0.4000   -1369.3099  0.8527 
   00760    0.4050   -1366.0949  0.8581 
   00761    0.4225   -1370.2705  0.8708 
   00762    0.4650   -1360.1956  0.8703 
   00763    0.3875   -1375.9103  0.8763 
   00764    0.4300   -1387.1785  0.8775 
   00765    0.4250   -1369.7510  0.8728 
   00766    0.4475   -1359.5148  0.8649 
   00767    0.4175   -1381.3038  0.8733 
   00768    0.4000   -1367.4711  0.8651 
   00769    0.3925   -1371.6250  0.8732 
   00770    0.4375   -1371.6802  0.8697 
   00771    0.4250   -1375.2210  0.8684 
   00772    0.3850   -1374.8360  0.8688 
   00773    0.4025   -1361.6658  0.8687 
   00774    0.4000   -1361.6259  0.8693 
   00775    0.3975   -1357.4632  0.8734 
   00776    0.4275   -1372.2765  0.8691 
   00777    0.4150   -1387.0112  0.8709 
   00778    0.3925   -1373.9424  0.8703 
   00779    0.4275   -1379.7834  0.8642 
   00780    0.4425   -1377.0798  0.8732 
   00781    0.4025   -1385.7943  0.8765 
   00782    0.4400   -1396.0580  0.8758 
   00783    0.4100   -1379.8478  0.8716 
   00784    0.4125   -1382.8825  0.8817 
   00785    0.4275   -1379.0603  0.8814 
   00786    0.4100   -1364.5220  0.8751 
   00787    0.3725   -1361.2881  0.8790 
   00788    0.3525   -1345.0278  0.8663 
   00789    0.4400   -1339.9320  0.8709 
   00790    0.4200   -1347.4380  0.8742 
   00791    0.4100   -1350.5657  0.8770 
   00792    0.3675   -1362.8887  0.8803 
   00793    0.3900   -1376.6782  0.8806 
   00794    0.4425   -1381.1845  0.8788 
   00795    0.4050   -1398.7498  0.8809 
   00796    0.4400   -1381.9133  0.8847 
   00797    0.4400   -1390.0924  0.8892 
   00798    0.3775   -1397.7830  0.8893 
   00799    0.3925   -1396.6110  0.8871 
   00800    0.3850   -1393.3087  0.8884 
   00801    0.3775   -1393.7643  0.8907 
   00802    0.4050   -1389.7047  0.8834 
   00803    0.3750   -1397.7153  0.8900 
   00804    0.3625   -1401.4353  0.8846 
   00805    0.4100   -1395.8817  0.8834 
   00806    0.3475   -1393.3126  0.8851 
   00807    0.4325   -1393.6439  0.8909 
   00808    0.4275   -1393.1766  0.8879 
   00809    0.4100   -1386.2979  0.8801 
   00810    0.4050   -1395.2426  0.8842 
   00811    0.4025   -1391.4612  0.8771 
   00812    0.4100   -1381.2899  0.8752 
   00813    0.4125   -1380.8362  0.8792 
   00814    0.4225   -1395.8339  0.8745 
   00815    0.4025   -1389.3330  0.8674 
   00816    0.4375   -1397.0176  0.8677 
   00817    0.4200   -1407.6057  0.8608 
   00818    0.3750   -1395.6677  0.8606 
   00819    0.4025   -1393.6743  0.8580 
   00820    0.4425   -1389.7809  0.8623 
   00821    0.3825   -1373.2245  0.8611 
   00822    0.4800   -1378.4748  0.8641 
   00823    0.4125   -1380.4192  0.8628 
   00824    0.4625   -1375.2297  0.8609 
   00825    0.3850   -1379.4596  0.8606 
   00826    0.3850   -1377.0073  0.8589 
   00827    0.3675   -1356.7281  0.8479 
   00828    0.4275   -1371.1387  0.8514 
   00829    0.4050   -1369.0938  0.8546 
   00830    0.4150   -1362.1847  0.8520 
   00831    0.4100   -1370.0734  0.8586 
   00832    0.4225   -1361.8843  0.8580 
   00833    0.4450   -1357.8130  0.8612 
   00834    0.4225   -1361.5046  0.8676 
   00835    0.3750   -1373.2304  0.8721 
   00836    0.4075   -1388.6117  0.8779 
   00837    0.4200   -1389.8729  0.8814 
   00838    0.3775   -1381.6025  0.8750 
   00839    0.4500   -1361.4847  0.8651 
   00840    0.3775   -1367.7137  0.8653 
   00841    0.4000   -1375.5065  0.8697 
   00842    0.4250   -1377.9328  0.8669 
   00843    0.4175   -1385.7317  0.8636 
   00844    0.4250   -1379.7784  0.8611 
   00845    0.4025   -1387.2374  0.8622 
   00846    0.4025   -1376.4473  0.8582 
   00847    0.4050   -1365.4459  0.8509 
   00848    0.4125   -1368.3701  0.8508 
   00849    0.4400   -1360.2777  0.8471 
   00850    0.4400   -1365.0500  0.8413 
   00851    0.4125   -1371.1068  0.8437 
   00852    0.4225   -1368.2910  0.8425 
   00853    0.4125   -1366.8905  0.8446 
   00854    0.4200   -1374.7096  0.8412 
   00855    0.4025   -1376.7393  0.8315 
   00856    0.4400   -1385.3571  0.8322 
   00857    0.4200   -1385.0379  0.8377 
   00858    0.4100   -1399.3543  0.8382 
   00859    0.3975   -1407.8438  0.8505 
   00860    0.3550   -1395.4972  0.8420 
   00861    0.3825   -1379.2772  0.8319 
   00862    0.4125   -1361.9736  0.8258 
   00863    0.3925   -1359.0100  0.8294 
   00864    0.4475   -1357.7517  0.8221 
   00865    0.3950   -1337.1732  0.8117 
   00866    0.4000   -1352.5484  0.8213 
   00867    0.4350   -1354.4533  0.8157 
   00868    0.4425   -1355.3050  0.8273 
   00869    0.4550   -1371.8430  0.8235 
   00870    0.3950   -1374.2628  0.8227 
   00871    0.4125   -1368.9342  0.8107 
   00872    0.4300   -1356.8257  0.8037 
   00873    0.4075   -1362.6309  0.8098 
   00874    0.4475   -1359.7085  0.8150 
   00875    0.4200   -1355.5664  0.8200 
   00876    0.4075   -1367.8209  0.8143 
   00877    0.4275   -1360.9179  0.8127 
   00878    0.3950   -1363.5992  0.8139 
   00879    0.4050   -1376.0310  0.8211 
   00880    0.4250   -1374.4772  0.8215 
   00881    0.4325   -1351.5611  0.8280 
   00882    0.4200   -1390.8318  0.8348 
   00883    0.3925   -1367.2172  0.8342 
   00884    0.4275   -1362.2041  0.8393 
   00885    0.4050   -1355.3720  0.8383 
   00886    0.3875   -1355.7896  0.8421 
   00887    0.4200   -1361.7319  0.8406 
   00888    0.3975   -1371.1597  0.8558 
   00889    0.3600   -1376.3574  0.8498 
   00890    0.4175   -1400.4841  0.8569 
   00891    0.4275   -1411.3259  0.8653 
   00892    0.4125   -1403.2681  0.8570 
   00893    0.4150   -1392.9559  0.8475 
   00894    0.4025   -1386.8561  0.8450 
   00895    0.4300   -1366.6427  0.8313 
   00896    0.4250   -1366.2985  0.8433 
   00897    0.3925   -1381.0816  0.8492 
   00898    0.4000   -1383.0731  0.8441 
   00899    0.3700   -1368.6655  0.8452 
   00900    0.4450   -1352.1563  0.8343 
   00901    0.4150   -1359.5713  0.8284 
   00902    0.4150   -1371.0412  0.8382 
   00903    0.4275   -1364.2795  0.8311 
   00904    0.4175   -1365.2857  0.8348 
   00905    0.3975   -1356.5278  0.8316 
   00906    0.4225   -1356.4220  0.8416 
   00907    0.4375   -1385.5188  0.8504 
   00908    0.3900   -1380.6482  0.8415 
   00909    0.4250   -1369.0322  0.8392 
   00910    0.4225   -1382.4705  0.8454 
   00911    0.4100   -1375.0135  0.8384 
   00912    0.3875   -1376.8729  0.8428 
   00913    0.4000   -1386.8213  0.8471 
   00914    0.4100   -1385.3788  0.8423 
   00915    0.3875   -1382.4582  0.8425 
   00916    0.4075   -1382.7831  0.8382 
   00917    0.3750   -1379.1001  0.8301 
   00918    0.4450   -1379.1858  0.8266 
   00919    0.4150   -1392.5149  0.8315 
   00920    0.3950   -1383.3315  0.8381 
   00921    0.4175   -1369.0375  0.8517 
   00922    0.4150   -1374.5312  0.8477 
   00923    0.4500   -1367.4109  0.8382 
   00924    0.4475   -1372.7172  0.8380 
   00925    0.4050   -1376.9717  0.8542 
   00926    0.4150   -1389.1154  0.8568 
   00927    0.3875   -1389.3398  0.8608 
   00928    0.4175   -1384.8810  0.8546 
   00929    0.3875   -1399.9241  0.8640 
   00930    0.4300   -1410.4902  0.8651 
   00931    0.4325   -1396.5176  0.8582 
   00932    0.3875   -1408.4292  0.8649 
   00933    0.4250   -1392.8094  0.8571 
   00934    0.4175   -1388.9893  0.8547 
   00935    0.4000   -1387.2569  0.8516 
   00936    0.3725   -1367.8888  0.8482 
   00937    0.4150   -1356.8899  0.8393 
   00938    0.3875   -1380.4533  0.8387 
   00939    0.4400   -1361.4608  0.8158 
   00940    0.4425   -1343.2221  0.8130 
   00941    0.4225   -1345.5556  0.8064 
   00942    0.4350   -1340.7335  0.8183 
   00943    0.4600   -1337.6362  0.8114 
   00944    0.3950   -1357.4151  0.8208 
   00945    0.4400   -1346.2565  0.8176 
   00946    0.4200   -1332.7551  0.8090 
   00947    0.3575   -1338.4466  0.8162 
   00948    0.4175   -1358.7680  0.8214 
   00949    0.3700   -1366.5602  0.8248 
   00950    0.4375   -1357.8190  0.8102 
   00951    0.3950   -1372.8900  0.8156 
   00952    0.4575   -1373.9862  0.8182 
   00953    0.4000   -1372.7278  0.8164 
   00954    0.3850   -1359.7483  0.8131 
   00955    0.4025   -1357.5407  0.8081 
   00956    0.3775   -1370.9730  0.8053 
   00957    0.4325   -1356.2087  0.8060 
   00958    0.4300   -1351.7684  0.7994 
   00959    0.3725   -1363.6164  0.8168 
   00960    0.4125   -1354.1988  0.8228 
   00961    0.3650   -1345.2285  0.8145 
   00962    0.4125   -1367.4782  0.8262 
   00963    0.4150   -1388.0226  0.8361 
   00964    0.3750   -1401.6959  0.8437 
   00965    0.3925   -1395.8662  0.8418 
   00966    0.4625   -1372.7192  0.8363 
   00967    0.3850   -1358.7584  0.8260 
   00968    0.3825   -1373.5896  0.8216 
   00969    0.4125   -1386.3061  0.8377 
   00970    0.4175   -1373.8195  0.8396 
   00971    0.3725   -1384.0566  0.8493 
   00972    0.4275   -1381.1930  0.8541 
   00973    0.4050   -1368.5852  0.8505 
   00974    0.3950   -1389.7469  0.8618 
   00975    0.4475   -1375.9197  0.8529 
   00976    0.4150   -1359.6051  0.8471 
   00977    0.4150   -1371.2930  0.8494 
   00978    0.4600   -1358.3366  0.8354 
   00979    0.4025   -1355.9406  0.8354 
   00980    0.4200   -1366.6280  0.8395 
   00981    0.4500   -1374.1030  0.8421 
   00982    0.4225   -1381.9622  0.8433 
   00983    0.4450   -1368.5589  0.8344 
   00984    0.4675   -1375.4276  0.8408 
   00985    0.4500   -1388.4634  0.8446 
   00986    0.3950   -1397.5862  0.8461 
   00987    0.3900   -1403.6346  0.8493 
   00988    0.3775   -1378.1149  0.8303 
   00989    0.4225   -1371.7522  0.8233 
   00990    0.3950   -1366.7437  0.8152 
   00991    0.4125   -1372.0849  0.8196 
   00992    0.3925   -1366.9418  0.8262 
   00993    0.4350   -1381.5588  0.8253 
   00994    0.3850   -1385.9894  0.8226 
   00995    0.4500   -1369.3040  0.8184 
   00996    0.4225   -1378.7187  0.8304 
   00997    0.4300   -1378.7935  0.8298 
   00998    0.4575   -1382.8386  0.8317 
   00999    0.4125   -1360.0319  0.8186 
   01000    0.4150   -1353.7821  0.8087 
