#=====================================================
# File created:        Sun-01-Mar-2026-at-11-53-02AM
# Size of lattice:     20x20
# Number of MC steps:  1000
# Reduced temperature: 0.650
# Run time (s):        1.965198
#=====================================================
# MC step:  Ratio:     Energy:   Order:
#=====================================================
   00000    0.5000    -387.7025  0.3167 
   00001    0.6900    -639.7212  0.3750 
   00002    0.6075    -732.7249  0.3937 
   00003    0.5525    -765.0718  0.4051 
   00004    0.5900    -820.1176  0.4205 
   00005    0.5725    -885.7129  0.4507 
   00006    0.5300    -946.3967  0.4542 
   00007    0.5150    -975.5514  0.4595 
   00008    0.5225   -1023.1886  0.4515 
   00009    0.4600   -1057.0215  0.4683 
   00010    0.4725   -1090.5589  0.4739 
   00011    0.4525   -1107.0082  0.4928 
   00012    0.4325   -1120.1993  0.5052 
   00013    0.4425   -1117.4265  0.5080 
   00014    0.4350   -1158.0842  0.5176 
   00015    0.4425   -1143.3810  0.5325 
   00016    0.4325   -1129.9383  0.5288 
   00017    0.4500   -1126.9086  0.5220 
   00018    0.4550   -1160.2874  0.5298 
   00019    0.4675   -1147.4308  0.5258 
   00020    0.4425   -1187.6175  0.5505 
   00021    0.4150   -1212.2213  0.5667 
   00022    0.4550   -1169.4538  0.5531 
   00023    0.4200   -1166.5888  0.5613 
   00024    0.4275   -1164.0453  0.5518 
   00025    0.4500   -1169.2557  0.5269 
   00026    0.4475   -1185.6572  0.5350 
   00027    0.4400   -1188.9706  0.5423 
   00028    0.4300   -1212.7777  0.5402 
   00029    0.4175   -1217.6099  0.5564 
   00030    0.3950   -1239.4161  0.5488 
   00031    0.3900   -1231.1528  0.5693 
   00032    0.4125   -1232.8457  0.5807 
   00033    0.3850   -1204.0966  0.5744 
   00034    0.4350   -1212.0988  0.5773 
   00035    0.4375   -1210.4162  0.5665 
   00036    0.4025   -1218.5593  0.5692 
   00037    0.4325   -1198.0737  0.5851 
   00038    0.4400   -1233.9279  0.5939 
   00039    0.4100   -1234.6520  0.6038 
   00040    0.4175   -1225.4152  0.6012 
   00041    0.4425   -1193.1719  0.6066 
   00042    0.4250   -1167.1372  0.5954 
   00043    0.4725   -1182.2381  0.6109 
   00044    0.4075   -1183.7982  0.6228 
   00045    0.4425   -1184.5373  0.6217 
   00046    0.4450   -1171.7666  0.6026 
   00047    0.4600   -1158.8384  0.5826 
   00048    0.4325   -1172.3470  0.5666 
   00049    0.4000   -1153.4152  0.5798 
   00050    0.4175   -1169.8541  0.6037 
   00051    0.4525   -1177.3094  0.6159 
   00052    0.4375   -1211.5844  0.6454 
   00053    0.4175   -1226.5182  0.6501 
   00054    0.3900   -1230.8157  0.6721 
   00055    0.4025   -1244.4294  0.6915 
   00056    0.4200   -1229.4313  0.6884 
   00057    0.4250   -1257.9903  0.7139 
   00058    0.4275   -1260.8524  0.7022 
   00059    0.4350   -1254.6018  0.7019 
   00060    0.4025   -1254.3267  0.7056 
   00061    0.4225   -1274.6338  0.7162 
   00062    0.4050   -1260.0823  0.7147 
   00063    0.3725   -1230.0671  0.6979 
   00064    0.3700   -1235.8554  0.7049 
   00065    0.4300   -1261.1821  0.7207 
   00066    0.4325   -1267.8046  0.7175 
   00067    0.3775   -1258.5289  0.7165 
   00068    0.4400   -1251.0447  0.7236 
   00069    0.4575   -1243.8362  0.7285 
   00070    0.3975   -1257.2327  0.7270 
   00071    0.4150   -1257.2435  0.7169 
   00072    0.3725   -1234.3354  0.7183 
   00073    0.4050   -1238.9658  0.7119 
   00074    0.3950   -1234.1791  0.7198 
   00075    0.3625   -1246.8794  0.7222 
   00076    0.3950   -1236.0001  0.7098 
   00077    0.3725   -1231.1891  0.7045 
   00078    0.4200   -1240.4614  0.7134 
   00079    0.3925   -1226.0176  0.7119 
   00080    0.4025   -1228.8557  0.7099 
   00081    0.4125   -1215.2271  0.7113 
   00082    0.4375   -1216.3383  0.6951 
   00083    0.3725   -1223.4300  0.6818 
   00084    0.4125   -1219.8380  0.6829 
   00085    0.4500   -1209.7338  0.6679 
   00086    0.4975   -1217.9437  0.6754 
   00087    0.4425   -1243.9880  0.6805 
   00088    0.4400   -1260.9967  0.6987 
   00089    0.4175   -1251.1711  0.6937 
   00090    0.3850   -1256.8630  0.6868 
   00091    0.4300   -1251.3025  0.7067 
   00092    0.3900   -1242.1413  0.7205 
   00093    0.3700   -1244.3026  0.7453 
   00094    0.4275   -1240.1163  0.7534 
   00095    0.4225   -1222.2163  0.7425 
   00096    0.4325   -1242.4434  0.7500 
   00097    0.4450   -1232.2353  0.7649 
   00098    0.3725   -1243.0105  0.7645 
   00099    0.4175   -1258.1071  0.7615 
   00100    0.4750   -1219.6537  0.7462 
   00101    0.4200   -1229.2518  0.7588 
   00102    0.3800   -1228.8273  0.7594 
   00103    0.3950   -1237.7910  0.7645 
   00104    0.3925   -1253.3530  0.7916 
   00105    0.4050   -1251.3753  0.7983 
   00106    0.4300   -1242.5568  0.7969 
   00107    0.4200   -1266.1308  0.8075 
   00108    0.3925   -1274.3084  0.8096 
   00109    0.4250   -1274.8066  0.8065 
   00110    0.3975   -1305.3561  0.8224 
   00111    0.3825   -1279.6175  0.8079 
   00112    0.3775   -1279.7813  0.8126 
   00113    0.3675   -1271.2964  0.8031 
   00114    0.3900   -1274.1250  0.8124 
   00115    0.4050   -1254.7101  0.8011 
   00116    0.3750   -1272.1549  0.8038 
   00117    0.3850   -1259.9568  0.8018 
   00118    0.3850   -1243.3238  0.7916 
   00119    0.3725   -1267.2379  0.8055 
   00120    0.3800   -1247.5117  0.7963 
   00121    0.4100   -1275.8186  0.8044 
   00122    0.4225   -1283.0825  0.8084 
   00123    0.4050   -1282.4179  0.8233 
   00124    0.3900   -1318.0813  0.8383 
   00125    0.4100   -1301.5955  0.8311 
   00126    0.4650   -1285.4994  0.8178 
   00127    0.3925   -1269.0076  0.8096 
   00128    0.4300   -1279.4073  0.8027 
   00129    0.4025   -1288.3244  0.7986 
   00130    0.3850   -1292.4614  0.8113 
   00131    0.3775   -1307.5038  0.8149 
   00132    0.4275   -1316.5305  0.8235 
   00133    0.4075   -1307.5098  0.8361 
   00134    0.3600   -1309.4914  0.8323 
   00135    0.3700   -1317.2231  0.8325 
   00136    0.3550   -1305.6211  0.8198 
   00137    0.4425   -1289.8121  0.8075 
   00138    0.3725   -1296.6746  0.8163 
   00139    0.4150   -1291.0829  0.8138 
   00140    0.3700   -1310.5127  0.8274 
   00141    0.4350   -1296.0756  0.8134 
   00142    0.3500   -1305.7406  0.8139 
   00143    0.3600   -1295.5685  0.8066 
   00144    0.4250   -1298.2928  0.8053 
   00145    0.3750   -1296.8235  0.8137 
   00146    0.4075   -1299.0090  0.8082 
   00147    0.3950   -1308.8556  0.8174 
   00148    0.4100   -1297.0428  0.8133 
   00149    0.4100   -1309.5241  0.8132 
   00150    0.3600   -1321.4627  0.8135 
   00151    0.3650   -1318.3750  0.8057 
   00152    0.3825   -1322.1334  0.8163 
   00153    0.3500   -1309.4625  0.8056 
   00154    0.4175   -1302.6947  0.8094 
   00155    0.3700   -1295.2955  0.8079 
   00156    0.4375   -1289.7789  0.8100 
   00157    0.3925   -1306.8642  0.8130 
   00158    0.3925   -1262.6748  0.7921 
   00159    0.4175   -1247.3661  0.7879 
   00160    0.4200   -1257.8972  0.7899 
   00161    0.4225   -1279.2459  0.7946 
   00162    0.4100   -1244.3163  0.7881 
   00163    0.4125   -1248.4175  0.7967 
   00164    0.3900   -1301.8862  0.8017 
   00165    0.3925   -1308.8724  0.8007 
   00166    0.4000   -1288.8224  0.7971 
   00167    0.3875   -1290.3646  0.7879 
   00168    0.3575   -1282.6917  0.7916 
   00169    0.3850   -1292.7570  0.7951 
   00170    0.4100   -1283.2287  0.7914 
   00171    0.4025   -1273.4576  0.7826 
   00172    0.4075   -1274.7668  0.7842 
   00173    0.3850   -1291.6354  0.7928 
   00174    0.4075   -1305.5933  0.7931 
   00175    0.3825   -1304.9081  0.7910 
   00176    0.3875   -1304.1758  0.7939 
   00177    0.3825   -1302.0764  0.8038 
   00178    0.3550   -1313.3158  0.8140 
   00179    0.3825   -1305.9539  0.8105 
   00180    0.3750   -1293.5545  0.8072 
   00181    0.4450   -1290.2331  0.8104 
   00182    0.3825   -1343.1000  0.8309 
   00183    0.3875   -1328.9906  0.8275 
   00184    0.3825   -1313.0476  0.8199 
   00185    0.4325   -1328.1369  0.8273 
   00186    0.4250   -1332.0291  0.8263 
   00187    0.3600   -1330.9941  0.8208 
   00188    0.4000   -1323.7147  0.8123 
   00189    0.3725   -1343.1663  0.8145 
   00190    0.4025   -1307.5066  0.7951 
   00191    0.4200   -1306.5922  0.7941 
   00192    0.3900   -1293.9662  0.7924 
   00193    0.4275   -1303.4971  0.8019 
   00194    0.3975   -1294.5237  0.7990 
   00195    0.3800   -1283.5267  0.7987 
   00196    0.4175   -1295.0907  0.8127 
   00197    0.3625   -1314.8182  0.8135 
   00198    0.3750   -1286.3904  0.8145 
   00199    0.3575   -1271.8969  0.8020 
   00200    0.4325   -1283.7673  0.8089 
   00201    0.4000   -1273.7377  0.8084 
   00202    0.4325   -1291.2057  0.8096 
   00203    0.3525   -1312.6040  0.8190 
   00204    0.4050   -1347.1896  0.8270 
   00205    0.4175   -1328.1497  0.8252 
   00206    0.3475   -1329.0261  0.8251 
   00207    0.3775   -1308.1654  0.8224 
   00208    0.4000   -1312.4980  0.8296 
   00209    0.3900   -1301.0385  0.8201 
   00210    0.4275   -1311.0744  0.8176 
   00211    0.3950   -1267.2860  0.8050 
   00212    0.4450   -1255.7152  0.7913 
   00213    0.4200   -1267.2138  0.7940 
   00214    0.3950   -1259.6833  0.7825 
   00215    0.4450   -1277.5026  0.7787 
   00216    0.3800   -1273.5334  0.7902 
   00217    0.4500   -1288.0006  0.7760 
   00218    0.4275   -1274.9970  0.7834 
   00219    0.4650   -1283.2436  0.7962 
   00220    0.3850   -1286.6893  0.7957 
   00221    0.4150   -1302.9015  0.7921 
   00222    0.4050   -1320.8997  0.8105 
   00223    0.3575   -1307.5384  0.8098 
   00224    0.3425   -1301.4840  0.8073 
   00225    0.4100   -1288.4014  0.8042 
   00226    0.3975   -1284.2582  0.8036 
   00227    0.3975   -1249.1814  0.7932 
   00228    0.4250   -1275.0641  0.8178 
   00229    0.3950   -1279.7484  0.8121 
   00230    0.4425   -1312.7775  0.8317 
   00231    0.4250   -1315.0010  0.8383 
   00232    0.4200   -1310.7253  0.8365 
   00233    0.3900   -1307.0961  0.8329 
   00234    0.4150   -1299.3682  0.8288 
   00235    0.4150   -1291.2820  0.8246 
   00236    0.4100   -1281.7889  0.8102 
   00237    0.3700   -1306.9865  0.8142 
   00238    0.3775   -1304.4797  0.8163 
   00239    0.4125   -1301.5838  0.8063 
   00240    0.3800   -1301.1474  0.8062 
   00241    0.3975   -1299.6233  0.8048 
   00242    0.4025   -1293.6081  0.8020 
   00243    0.3825   -1274.9470  0.7973 
   00244    0.3800   -1289.6261  0.8078 
   00245    0.3675   -1298.0077  0.8065 
   00246    0.3975   -1313.6536  0.8154 
   00247    0.4075   -1297.6568  0.8042 
   00248    0.4075   -1318.1277  0.8157 
   00249    0.4350   -1312.9437  0.8118 
   00250    0.4350   -1322.8118  0.7985 
   00251    0.3600   -1308.1894  0.8023 
   00252    0.4050   -1299.4690  0.8026 
   00253    0.4425   -1305.9939  0.8010 
   00254    0.3900   -1303.1790  0.7897 
   00255    0.4000   -1291.8663  0.7949 
   00256    0.4125   -1295.2620  0.7781 
   00257    0.3900   -1289.9267  0.7686 
   00258    0.4075   -1305.7705  0.7778 
   00259    0.3850   -1290.3307  0.7889 
   00260    0.3600   -1277.1116  0.7814 
   00261    0.3725   -1287.4515  0.7812 
   00262    0.3775   -1309.0063  0.7857 
   00263    0.4050   -1312.6074  0.7900 
   00264    0.3975   -1284.3169  0.7814 
   00265    0.4075   -1263.8342  0.7667 
   00266    0.4125   -1270.7280  0.7705 
   00267    0.4025   -1256.4990  0.7679 
   00268    0.3950   -1255.5550  0.7558 
   00269    0.4275   -1244.3334  0.7304 
   00270    0.4375   -1238.9934  0.7046 
   00271    0.3875   -1237.0272  0.7123 
   00272    0.4050   -1222.8755  0.7138 
   00273    0.3950   -1244.1811  0.7197 
   00274    0.3775   -1259.7983  0.7253 
   00275    0.3675   -1247.9355  0.7139 
   00276    0.4025   -1248.1667  0.7154 
   00277    0.3900   -1262.7999  0.7105 
   00278    0.4125   -1260.0999  0.7142 
   00279    0.4375   -1261.1941  0.7310 
   00280    0.4025   -1251.2417  0.7426 
   00281    0.3975   -1270.9088  0.7474 
   00282    0.3900   -1251.7203  0.7659 
   00283    0.4500   -1245.3442  0.7718 
   00284    0.4025   -1261.2234  0.7789 
   00285    0.4300   -1279.0663  0.7749 
   00286    0.4175   -1287.8287  0.7824 
   00287    0.4200   -1275.2294  0.7877 
   00288    0.3875   -1296.7734  0.8040 
   00289    0.3725   -1289.9010  0.7897 
   00290    0.3675   -1293.5550  0.7972 
   00291    0.4275   -1286.1094  0.7903 
   00292    0.4225   -1277.3714  0.7792 
   00293    0.3850   -1279.2814  0.7673 
   00294    0.3700   -1270.1468  0.7611 
   00295    0.3975   -1271.2898  0.7698 
   00296    0.4375   -1250.7172  0.7778 
   00297    0.4125   -1259.0874  0.7785 
   00298    0.4000   -1271.3114  0.7798 
   00299    0.4250   -1270.3276  0.7749 
   00300    0.3850   -1263.2237  0.7722 
   00301    0.3850   -1289.6365  0.7774 
   00302    0.3975   -1286.2633  0.7737 
   00303    0.4200   -1279.8750  0.7734 
   00304    0.3975   -1246.4609  0.7534 
   00305    0.4550   -1229.4450  0.7438 
   00306    0.3975   -1232.8722  0.7459 
   00307    0.4050   -1252.3214  0.7582 
   00308    0.3700   -1262.4651  0.7729 
   00309    0.4075   -1247.1175  0.7756 
   00310    0.4225   -1281.8431  0.7787 
   00311    0.4200   -1294.1221  0.7881 
   00312    0.3900   -1276.5855  0.7887 
   00313    0.4425   -1300.5682  0.7865 
   00314    0.3875   -1292.8806  0.7929 
   00315    0.3675   -1294.3990  0.7940 
   00316    0.4025   -1265.8110  0.7800 
   00317    0.3950   -1251.6167  0.7748 
   00318    0.3950   -1261.8438  0.7760 
   00319    0.3900   -1281.8940  0.7861 
   00320    0.4150   -1270.1837  0.7781 
   00321    0.4200   -1270.8771  0.7883 
   00322    0.4075   -1261.1725  0.7785 
   00323    0.3800   -1267.0674  0.7751 
   00324    0.3750   -1245.6583  0.7623 
   00325    0.4050   -1233.6099  0.7543 
   00326    0.4025   -1222.0386  0.7531 
   00327    0.4325   -1252.6460  0.7652 
   00328    0.3900   -1274.1582  0.7789 
   00329    0.4175   -1274.4857  0.7700 
   00330    0.4075   -1280.4769  0.7792 
   00331    0.3850   -1307.2350  0.7989 
   00332    0.3900   -1306.9262  0.7940 
   00333    0.4175   -1281.6145  0.7791 
   00334    0.4025   -1311.8509  0.7989 
   00335    0.3775   -1304.5884  0.8068 
   00336    0.3775   -1320.2017  0.8034 
   00337    0.3525   -1314.2767  0.8060 
   00338    0.4100   -1280.3389  0.7947 
   00339    0.4200   -1274.9604  0.8030 
   00340    0.4275   -1281.6168  0.8101 
   00341    0.4175   -1306.4537  0.8107 
   00342    0.3875   -1289.3978  0.8024 
   00343    0.4100   -1270.7758  0.7972 
   00344    0.4025   -1267.1615  0.8006 
   00345    0.4075   -1262.5376  0.7923 
   00346    0.3950   -1245.3840  0.8033 
   00347    0.4500   -1283.4857  0.8186 
   00348    0.3875   -1251.3242  0.8017 
   00349    0.4450   -1281.5549  0.8157 
   00350    0.4375   -1266.3538  0.8048 
   00351    0.3775   -1273.9331  0.8073 
   00352    0.4400   -1275.7766  0.8147 
   00353    0.3550   -1284.5599  0.8209 
   00354    0.4125   -1282.4413  0.8212 
   00355    0.3825   -1254.6033  0.8090 
   00356    0.3650   -1254.6115  0.8068 
   00357    0.4000   -1256.1011  0.8096 
   00358    0.4475   -1280.9563  0.8322 
   00359    0.4025   -1272.2226  0.8243 
   00360    0.3900   -1281.2857  0.8300 
   00361    0.3950   -1275.5942  0.8270 
   00362    0.3650   -1313.7080  0.8390 
   00363    0.3975   -1291.9278  0.8349 
   00364    0.4450   -1301.2667  0.8361 
   00365    0.4225   -1293.1556  0.8307 
   00366    0.4050   -1300.6703  0.8153 
   00367    0.4050   -1313.0686  0.8090 
   00368    0.3925   -1297.3520  0.8209 
   00369    0.4200   -1297.2118  0.8167 
   00370    0.3575   -1289.4305  0.8071 
   00371    0.4100   -1270.7877  0.7953 
   00372    0.3975   -1272.0191  0.7988 
   00373    0.4175   -1287.7243  0.8112 
   00374    0.3875   -1259.9041  0.7958 
   00375    0.4475   -1250.5463  0.7880 
   00376    0.4075   -1245.3506  0.7833 
   00377    0.4300   -1259.7206  0.7848 
   00378    0.3875   -1259.2306  0.7793 
   00379    0.4000   -1257.2915  0.7858 
   00380    0.3825   -1277.4875  0.7950 
   00381    0.3850   -1287.5504  0.8001 
   00382    0.3725   -1281.8681  0.8060 
   00383    0.4225   -1291.4407  0.8150 
   00384    0.3825   -1296.8060  0.8098 
   00385    0.3825   -1289.2749  0.8191 
   00386    0.3900   -1262.9615  0.8048 
   00387    0.3800   -1267.9310  0.8086 
   00388    0.4150   -1275.0637  0.8036 
   00389    0.4025   -1275.5667  0.8023 
   00390    0.4125   -1297.7640  0.8181 
   00391    0.4225   -1306.3653  0.8181 
   00392    0.3975   -1310.7616  0.8228 
   00393    0.3850   -1305.6533  0.8283 
   00394    0.4150   -1293.2005  0.8290 
   00395    0.4175   -1298.1878  0.8343 
   00396    0.3925   -1313.0534  0.8290 
   00397    0.4450   -1313.8193  0.8328 
   00398    0.3200   -1324.8210  0.8343 
   00399    0.4025   -1332.4221  0.8367 
   00400    0.3725   -1330.9792  0.8377 
   00401    0.3450   -1319.0183  0.8242 
   00402    0.3925   -1322.6153  0.8248 
   00403    0.4425   -1323.5323  0.8229 
   00404    0.3800   -1327.4880  0.8262 
   00405    0.3750   -1321.7769  0.8281 
   00406    0.4225   -1325.7746  0.8357 
   00407    0.4050   -1316.9509  0.8306 
   00408    0.3875   -1320.2914  0.8188 
   00409    0.3700   -1315.2320  0.8192 
   00410    0.3675   -1330.1004  0.8255 
   00411    0.4000   -1310.8507  0.8152 
   00412    0.3775   -1303.6080  0.8186 
   00413    0.3950   -1323.7790  0.8373 
   00414    0.3575   -1315.0615  0.8358 
   00415    0.3875   -1327.8253  0.8442 
   00416    0.3725   -1298.9565  0.8348 
   00417    0.4350   -1320.2076  0.8338 
   00418    0.3900   -1316.7706  0.8355 
   00419    0.3700   -1313.2531  0.8292 
   00420    0.3850   -1310.9168  0.8291 
   00421    0.3725   -1300.0703  0.8278 
   00422    0.3825   -1307.8369  0.8160 
   00423    0.3675   -1316.8314  0.8291 
   00424    0.3950   -1297.1149  0.8213 
   00425    0.3775   -1316.3095  0.8361 
   00426    0.4075   -1301.6885  0.8310 
   00427    0.4250   -1312.6613  0.8520 
   00428    0.3425   -1322.3673  0.8581 
   00429    0.4050   -1331.7942  0.8538 
   00430    0.3925   -1312.4370  0.8562 
   00431    0.3800   -1317.8190  0.8569 
   00432    0.3600   -1313.4948  0.8518 
   00433    0.4075   -1296.0014  0.8433 
   00434    0.4375   -1316.3274  0.8510 
   00435    0.3825   -1332.7874  0.8544 
   00436    0.3875   -1325.4420  0.8551 
   00437    0.4250   -1294.9559  0.8400 
   00438    0.4000   -1286.2592  0.8386 
   00439    0.3850   -1294.2646  0.8470 
   00440    0.3800   -1320.7887  0.8489 
   00441    0.4025   -1291.7591  0.8269 
   00442    0.4075   -1285.0252  0.8325 
   00443    0.3725   -1295.9839  0.8511 
   00444    0.4000   -1296.9440  0.8438 
   00445    0.4300   -1302.5546  0.8289 
   00446    0.4125   -1281.8666  0.8211 
   00447    0.4475   -1305.1161  0.8212 
   00448    0.3875   -1330.3204  0.8197 
   00449    0.4225   -1312.8787  0.8043 
   00450    0.3725   -1305.4654  0.8032 
   00451    0.4250   -1296.4016  0.8016 
   00452    0.4250   -1270.7363  0.7748 
   00453    0.3950   -1280.9859  0.7669 
   00454    0.3950   -1304.9787  0.7810 
   00455    0.3900   -1307.8871  0.7658 
   00456    0.3500   -1281.3441  0.7576 
   00457    0.3725   -1289.5679  0.7519 
   00458    0.4250   -1284.6626  0.7563 
   00459    0.3950   -1280.2294  0.7677 
   00460    0.4350   -1296.2312  0.7592 
   00461    0.3900   -1283.1909  0.7433 
   00462    0.3900   -1279.1966  0.7411 
   00463    0.3950   -1260.2518  0.7330 
   00464    0.3700   -1279.4522  0.7438 
   00465    0.4250   -1273.5100  0.7340 
   00466    0.3700   -1271.8540  0.7417 
   00467    0.3750   -1283.5617  0.7389 
   00468    0.4050   -1270.6244  0.7404 
   00469    0.4150   -1274.2789  0.7424 
   00470    0.3850   -1261.5635  0.7448 
   00471    0.3925   -1246.5662  0.7402 
   00472    0.4025   -1236.4800  0.7354 
   00473    0.4425   -1240.1512  0.7409 
   00474    0.3925   -1219.5403  0.7266 
   00475    0.4325   -1239.9140  0.7215 
   00476    0.4000   -1228.4869  0.7277 
   00477    0.4050   -1237.5540  0.7381 
   00478    0.4150   -1229.1231  0.7327 
   00479    0.3750   -1234.8477  0.7270 
   00480    0.3750   -1240.9065  0.7240 
   00481    0.4175   -1220.5254  0.7395 
   00482    0.4400   -1230.6130  0.7409 
   00483    0.4000   -1225.3074  0.7347 
   00484    0.4475   -1208.9911  0.7230 
   00485    0.3825   -1221.8427  0.7267 
   00486    0.4225   -1250.5784  0.7427 
   00487    0.4200   -1225.5791  0.7413 
   00488    0.4150   -1212.5497  0.7319 
   00489    0.4425   -1207.7013  0.7325 
   00490    0.4225   -1214.0608  0.7321 
   00491    0.3975   -1218.7556  0.7376 
   00492    0.3650   -1228.2523  0.7376 
   00493    0.4200   -1232.8384  0.7363 
   00494    0.4300   -1234.5538  0.7330 
   00495    0.4150   -1260.6091  0.7449 
   00496    0.4100   -1245.9083  0.7450 
   00497    0.4125   -1254.9318  0.7464 
   00498    0.3975   -1271.7245  0.7633 
   00499    0.4100   -1280.5465  0.7603 
   00500    0.3875   -1265.2168  0.7495 
   00501    0.4075   -1246.1434  0.7482 
   00502    0.3950   -1253.5852  0.7567 
   00503    0.4125   -1241.0566  0.7413 
   00504    0.3900   -1260.6942  0.7612 
   00505    0.3525   -1287.3683  0.7673 
   00506    0.4125   -1282.1373  0.7545 
   00507    0.3850   -1274.2456  0.7579 
   00508    0.3650   -1272.4482  0.7445 
   00509    0.3975   -1303.5112  0.7440 
   00510    0.4275   -1316.8473  0.7365 
   00511    0.3925   -1322.9784  0.7339 
   00512    0.3525   -1297.4499  0.7451 
   00513    0.3675   -1298.3940  0.7450 
   00514    0.3725   -1307.0260  0.7533 
   00515    0.4175   -1327.1972  0.7717 
   00516    0.3675   -1318.0803  0.7772 
   00517    0.3450   -1325.1887  0.7629 
   00518    0.3850   -1314.6583  0.7707 
   00519    0.3775   -1314.8241  0.7654 
   00520    0.3850   -1311.5653  0.7691 
   00521    0.4275   -1312.0147  0.7714 
   00522    0.4150   -1324.5845  0.7775 
   00523    0.3825   -1324.4208  0.7785 
   00524    0.3925   -1302.2343  0.7753 
   00525    0.3850   -1273.8151  0.7798 
   00526    0.3800   -1278.9776  0.7740 
   00527    0.3900   -1284.2276  0.7692 
   00528    0.4075   -1292.1771  0.7540 
   00529    0.4150   -1303.5243  0.7601 
   00530    0.3475   -1296.8072  0.7599 
   00531    0.3800   -1310.4068  0.7776 
   00532    0.3800   -1308.7230  0.7843 
   00533    0.3875   -1299.5783  0.7808 
   00534    0.4050   -1307.7498  0.7683 
   00535    0.3950   -1310.9825  0.7713 
   00536    0.3675   -1289.9480  0.7584 
   00537    0.3350   -1295.3148  0.7596 
   00538    0.4375   -1289.7296  0.7577 
   00539    0.4000   -1297.3278  0.7668 
   00540    0.4025   -1301.1020  0.7689 
   00541    0.4075   -1250.5858  0.7447 
   00542    0.3525   -1263.7674  0.7351 
   00543    0.3975   -1249.3832  0.7359 
   00544    0.4025   -1272.3335  0.7470 
   00545    0.3950   -1253.5924  0.7348 
   00546    0.3850   -1253.1306  0.7215 
   00547    0.3850   -1250.3680  0.7164 
   00548    0.4025   -1270.0972  0.7311 
   00549    0.4175   -1266.7965  0.7163 
   00550    0.4150   -1248.2381  0.7135 
   00551    0.4175   -1258.7530  0.7205 
   00552    0.4200   -1252.3983  0.7349 
   00553    0.3950   -1235.0864  0.7379 
   00554    0.4275   -1239.8593  0.7392 
   00555    0.4125   -1256.1694  0.7505 
   00556    0.4300   -1254.5140  0.7685 
   00557    0.4050   -1265.5145  0.7788 
   00558    0.4075   -1242.6328  0.7775 
   00559    0.4150   -1221.6333  0.7643 
   00560    0.4325   -1203.5614  0.7627 
   00561    0.3700   -1209.1062  0.7705 
   00562    0.4475   -1238.9921  0.7662 
   00563    0.4075   -1242.5942  0.7629 
   00564    0.4025   -1209.7310  0.7444 
   00565    0.4000   -1219.1426  0.7351 
   00566    0.4100   -1234.9014  0.7604 
   00567    0.4525   -1219.3670  0.7636 
   00568    0.4250   -1220.8291  0.7439 
   00569    0.4325   -1240.3442  0.7486 
   00570    0.3900   -1257.5082  0.7522 
   00571    0.4150   -1238.0736  0.7187 
   00572    0.4150   -1229.2827  0.7105 
   00573    0.4425   -1231.6043  0.7042 
   00574    0.4025   -1232.9458  0.7098 
   00575    0.4100   -1267.6577  0.7108 
   00576    0.3525   -1282.8436  0.7084 
   00577    0.4500   -1263.8736  0.7008 
   00578    0.3750   -1280.2235  0.7062 
   00579    0.3975   -1276.3814  0.6995 
   00580    0.4300   -1289.4091  0.7143 
   00581    0.4200   -1281.4327  0.7085 
   00582    0.4025   -1282.2863  0.7260 
   00583    0.4325   -1289.8742  0.7233 
   00584    0.3900   -1291.2940  0.7222 
   00585    0.3775   -1297.3148  0.7228 
   00586    0.4525   -1291.5474  0.7242 
   00587    0.3700   -1282.4245  0.7291 
   00588    0.3925   -1281.8671  0.7199 
   00589    0.3875   -1274.9989  0.7283 
   00590    0.4075   -1258.7624  0.7194 
   00591    0.4150   -1267.1586  0.7433 
   00592    0.3650   -1257.7187  0.7288 
   00593    0.4125   -1266.4706  0.7269 
   00594    0.3725   -1272.7708  0.7396 
   00595    0.4275   -1284.3110  0.7395 
   00596    0.3900   -1251.6254  0.7146 
   00597    0.4150   -1240.7511  0.7120 
   00598    0.4250   -1267.5468  0.7261 
   00599    0.3800   -1287.0910  0.7227 
   00600    0.3875   -1288.9947  0.7439 
   00601    0.4000   -1281.2162  0.7416 
   00602    0.4050   -1281.2160  0.7315 
   00603    0.4525   -1261.2257  0.7249 
   00604    0.4000   -1248.7937  0.7310 
   00605    0.4075   -1243.6565  0.7483 
   00606    0.4125   -1255.7398  0.7625 
   00607    0.3850   -1272.6657  0.7643 
   00608    0.3925   -1272.0175  0.7624 
   00609    0.3200   -1291.5343  0.7675 
   00610    0.3925   -1281.3773  0.7733 
   00611    0.4275   -1280.0557  0.7687 
   00612    0.3750   -1301.6310  0.7815 
   00613    0.4050   -1299.7630  0.7692 
   00614    0.4100   -1273.4134  0.7728 
   00615    0.4350   -1288.3280  0.7687 
   00616    0.4250   -1286.6299  0.7699 
   00617    0.3575   -1285.6734  0.7560 
   00618    0.4150   -1283.7597  0.7640 
   00619    0.4075   -1310.2504  0.7721 
   00620    0.3750   -1318.8791  0.7792 
   00621    0.3775   -1304.3280  0.7811 
   00622    0.3850   -1301.5222  0.7852 
   00623    0.3750   -1287.4636  0.7795 
   00624    0.3750   -1306.6494  0.7821 
   00625    0.4425   -1308.9583  0.7761 
   00626    0.3575   -1304.9035  0.7870 
   00627    0.3725   -1297.3992  0.7719 
   00628    0.3850   -1300.3295  0.7647 
   00629    0.4200   -1308.5546  0.7811 
   00630    0.3675   -1287.9132  0.7757 
   00631    0.4300   -1291.2049  0.7821 
   00632    0.3800   -1319.4169  0.7974 
   00633    0.3800   -1282.0282  0.7743 
   00634    0.3800   -1282.3106  0.7670 
   00635    0.3800   -1296.9770  0.7779 
   00636    0.3650   -1272.6032  0.7696 
   00637    0.4250   -1269.4059  0.7732 
   00638    0.3900   -1273.2203  0.7881 
   00639    0.3975   -1262.8547  0.7810 
   00640    0.3675   -1282.8693  0.7928 
   00641    0.4225   -1266.0859  0.7815 
   00642    0.4350   -1284.9640  0.7864 
   00643    0.4150   -1297.5484  0.7946 
   00644    0.3700   -1282.7708  0.7829 
   00645    0.3850   -1265.1256  0.7853 
   00646    0.4050   -1274.6025  0.7966 
   00647    0.4225   -1267.4480  0.7912 
   00648    0.3875   -1290.6189  0.7901 
   00649    0.3925   -1279.0219  0.7848 
   00650    0.4425   -1292.4419  0.7942 
   00651    0.4175   -1320.3294  0.8142 
   00652    0.4050   -1319.3544  0.8100 
   00653    0.3925   -1308.1347  0.7998 
   00654    0.3525   -1296.0407  0.8066 
   00655    0.4200   -1298.4616  0.8009 
   00656    0.4000   -1301.2882  0.7882 
   00657    0.4175   -1309.2825  0.7734 
   00658    0.3925   -1303.1942  0.7692 
   00659    0.4175   -1295.4585  0.7698 
   00660    0.4325   -1275.0374  0.7655 
   00661    0.3850   -1263.5098  0.7568 
   00662    0.3725   -1267.2936  0.7669 
   00663    0.4150   -1257.0495  0.7590 
   00664    0.4050   -1291.1355  0.7665 
   00665    0.3775   -1289.3871  0.7702 
   00666    0.4425   -1305.2772  0.7760 
   00667    0.4050   -1283.5110  0.7718 
   00668    0.3700   -1259.9184  0.7675 
   00669    0.4050   -1271.2170  0.7712 
   00670    0.4250   -1263.1421  0.7626 
   00671    0.3825   -1249.9213  0.7570 
   00672    0.4175   -1257.1783  0.7561 
   00673    0.4200   -1258.3487  0.7491 
   00674    0.4250   -1257.7699  0.7658 
   00675    0.4025   -1255.9149  0.7615 
   00676    0.3700   -1243.2278  0.7502 
   00677    0.4075   -1254.0672  0.7682 
   00678    0.4400   -1261.2983  0.7747 
   00679    0.3775   -1254.7624  0.7755 
   00680    0.4325   -1272.7381  0.7825 
   00681    0.4175   -1228.5490  0.7653 
   00682    0.4350   -1246.2608  0.7697 
   00683    0.3650   -1260.9877  0.7829 
   00684    0.4575   -1274.2760  0.7979 
   00685    0.4000   -1293.6435  0.8024 
   00686    0.3675   -1305.2125  0.8189 
   00687    0.3875   -1316.2162  0.8151 
   00688    0.3850   -1294.5422  0.7952 
   00689    0.4425   -1296.4892  0.8010 
   00690    0.3925   -1271.6653  0.7997 
   00691    0.3650   -1257.4478  0.7775 
   00692    0.4025   -1249.7735  0.7746 
   00693    0.3850   -1267.1213  0.7824 
   00694    0.4100   -1261.4473  0.7853 
   00695    0.3975   -1258.4690  0.7772 
   00696    0.4025   -1264.2441  0.7890 
   00697    0.3725   -1251.9112  0.7846 
   00698    0.3700   -1259.4013  0.7720 
   00699    0.4000   -1292.2788  0.7963 
   00700    0.3825   -1302.9948  0.8010 
   00701    0.3750   -1310.4083  0.8037 
   00702    0.3925   -1308.4676  0.8022 
   00703    0.3900   -1287.6457  0.7865 
   00704    0.3800   -1278.5480  0.7821 
   00705    0.3900   -1274.8291  0.7901 
   00706    0.4350   -1258.4141  0.7878 
   00707    0.4375   -1280.2287  0.7790 
   00708    0.4125   -1273.7540  0.7768 
   00709    0.4050   -1261.7881  0.7789 
   00710    0.4450   -1266.6002  0.7781 
   00711    0.4050   -1266.1765  0.7841 
   00712    0.4325   -1281.5481  0.7882 
   00713    0.3925   -1250.2645  0.7899 
   00714    0.4075   -1257.5285  0.7944 
   00715    0.4050   -1272.4367  0.8016 
   00716    0.4200   -1306.2704  0.8100 
   00717    0.3825   -1310.8958  0.8133 
   00718    0.4450   -1313.4273  0.8138 
   00719    0.4075   -1292.4865  0.8103 
   00720    0.4025   -1274.9645  0.7981 
   00721    0.3850   -1290.5393  0.8086 
   00722    0.3875   -1284.0678  0.8087 
   00723    0.3925   -1276.6586  0.8096 
   00724    0.4300   -1293.2075  0.8172 
   00725    0.3800   -1289.1992  0.8175 
   00726    0.4300   -1282.0370  0.8195 
   00727    0.4275   -1256.9098  0.8188 
   00728    0.4400   -1292.3794  0.8244 
   00729    0.3675   -1281.7493  0.8200 
   00730    0.4450   -1288.5234  0.8175 
   00731    0.3975   -1287.7963  0.8139 
   00732    0.4100   -1280.5854  0.8120 
   00733    0.3950   -1255.5926  0.8073 
   00734    0.4175   -1239.6664  0.8030 
   00735    0.4025   -1248.3001  0.8096 
   00736    0.4000   -1274.6257  0.8193 
   00737    0.4100   -1287.4347  0.8184 
   00738    0.3825   -1297.2475  0.8263 
   00739    0.3825   -1295.6671  0.8166 
   00740    0.4175   -1289.9487  0.8183 
   00741    0.3925   -1287.6953  0.8061 
   00742    0.4000   -1290.6799  0.8071 
   00743    0.3550   -1297.5310  0.8154 
   00744    0.3800   -1300.0303  0.8073 
   00745    0.3850   -1315.7567  0.7998 
   00746    0.3750   -1302.2309  0.7948 
   00747    0.3975   -1295.2035  0.7983 
   00748    0.3875   -1298.6035  0.8035 
   00749    0.4125   -1297.0741  0.8045 
   00750    0.3500   -1293.5898  0.8108 
   00751    0.4225   -1275.5971  0.8086 
   00752    0.4125   -1246.2316  0.8033 
   00753    0.3600   -1260.6181  0.8030 
   00754    0.4000   -1294.6910  0.8172 
   00755    0.3800   -1305.4561  0.8261 
   00756    0.3975   -1300.3861  0.8329 
   00757    0.4000   -1283.9125  0.8274 
   00758    0.3850   -1297.3070  0.8211 
   00759    0.3650   -1274.0359  0.8240 
   00760    0.4250   -1293.0921  0.8186 
   00761    0.4275   -1285.7335  0.8223 
   00762    0.4200   -1273.3580  0.8207 
   00763    0.4125   -1260.6889  0.8140 
   00764    0.4125   -1254.3342  0.8084 
   00765    0.3875   -1250.6417  0.8032 
   00766    0.3350   -1272.6108  0.8084 
   00767    0.4100   -1270.3063  0.8009 
   00768    0.4125   -1274.1514  0.7931 
   00769    0.3975   -1289.5936  0.7954 
   00770    0.3975   -1279.6176  0.7962 
   00771    0.4525   -1284.0382  0.8100 
   00772    0.3375   -1270.1680  0.8095 
   00773    0.3700   -1275.7476  0.8109 
   00774    0.3750   -1270.5119  0.8156 
   00775    0.4175   -1294.4275  0.8346 
   00776    0.3925   -1300.7618  0.8340 
   00777    0.3675   -1276.7497  0.8365 
   00778    0.4100   -1250.3666  0.8216 
   00779    0.4150   -1269.8584  0.8185 
   00780    0.4050   -1285.6792  0.8224 
   00781    0.4075   -1282.4693  0.8283 
   00782    0.4175   -1299.7900  0.8291 
   00783    0.4150   -1275.1420  0.8204 
   00784    0.3800   -1284.4169  0.8159 
   00785    0.3725   -1307.2768  0.8224 
   00786    0.3975   -1305.1289  0.8209 
   00787    0.3525   -1306.8024  0.8196 
   00788    0.4000   -1290.7267  0.8253 
   00789    0.4225   -1289.9827  0.8250 
   00790    0.4175   -1296.4449  0.8208 
   00791    0.3925   -1261.7372  0.8103 
   00792    0.4475   -1238.3285  0.7979 
   00793    0.3950   -1270.5628  0.8148 
   00794    0.4125   -1244.0650  0.8069 
   00795    0.4450   -1253.6082  0.8020 
   00796    0.4250   -1262.7273  0.8081 
   00797    0.3900   -1253.9732  0.7983 
   00798    0.4125   -1287.7386  0.8061 
   00799    0.4325   -1276.2949  0.7944 
   00800    0.4250   -1287.0560  0.7999 
   00801    0.4025   -1259.3914  0.7806 
   00802    0.4100   -1253.9829  0.7682 
   00803    0.4050   -1278.0330  0.7650 
   00804    0.4075   -1274.2669  0.7497 
   00805    0.4200   -1278.6420  0.7558 
   00806    0.4250   -1281.2059  0.7605 
   00807    0.4125   -1280.8186  0.7643 
   00808    0.4225   -1251.9714  0.7622 
   00809    0.4150   -1241.0385  0.7591 
   00810    0.4000   -1254.8169  0.7803 
   00811    0.3875   -1269.0634  0.7753 
   00812    0.3900   -1253.9822  0.7781 
   00813    0.3825   -1234.5688  0.7715 
   00814    0.4150   -1257.2622  0.7806 
   00815    0.4250   -1224.2363  0.7764 
   00816    0.4000   -1255.5957  0.7859 
   00817    0.3825   -1281.0446  0.8039 
   00818    0.3975   -1288.2843  0.8019 
   00819    0.4150   -1303.4670  0.8033 
   00820    0.4100   -1285.6638  0.8099 
   00821    0.4000   -1284.0256  0.8224 
   00822    0.4025   -1300.9846  0.8278 
   00823    0.4250   -1318.7753  0.8422 
   00824    0.4275   -1268.8791  0.8150 
   00825    0.3775   -1261.6795  0.8130 
   00826    0.4075   -1263.2267  0.8146 
   00827    0.4150   -1256.7454  0.8211 
   00828    0.4350   -1248.6785  0.8134 
   00829    0.3900   -1259.9209  0.8244 
   00830    0.3525   -1272.5343  0.8260 
   00831    0.4125   -1264.4076  0.8093 
   00832    0.4150   -1294.9246  0.8260 
   00833    0.4325   -1262.8457  0.8208 
   00834    0.3625   -1244.9832  0.8162 
   00835    0.4200   -1255.6938  0.8302 
   00836    0.4300   -1257.7947  0.8390 
   00837    0.4125   -1241.7341  0.8394 
   00838    0.3475   -1269.3116  0.8413 
   00839    0.4100   -1264.1238  0.8379 
   00840    0.3900   -1246.7659  0.8246 
   00841    0.4075   -1274.1439  0.8349 
   00842    0.3950   -1322.1549  0.8485 
   00843    0.3600   -1303.5999  0.8438 
   00844    0.3975   -1284.0130  0.8302 
   00845    0.3725   -1277.8486  0.8310 
   00846    0.3550   -1282.9299  0.8371 
   00847    0.3850   -1278.4226  0.8341 
   00848    0.4125   -1287.6481  0.8429 
   00849    0.4025   -1264.0887  0.8334 
   00850    0.4025   -1283.8354  0.8289 
   00851    0.3775   -1303.9149  0.8394 
   00852    0.3950   -1296.1288  0.8389 
   00853    0.3900   -1296.5985  0.8428 
   00854    0.3500   -1289.8702  0.8400 
   00855    0.3900   -1294.5676  0.8403 
   00856    0.3850   -1299.0821  0.8492 
   00857    0.4275   -1261.4354  0.8190 
   00858    0.3775   -1269.8955  0.8148 
   00859    0.4025   -1244.5625  0.8048 
   00860    0.4200   -1247.3572  0.8194 
   00861    0.3925   -1263.9549  0.8108 
   00862    0.4250   -1272.1669  0.8062 
   00863    0.3450   -1265.7613  0.8084 
   00864    0.4550   -1274.7289  0.8149 
   00865    0.3850   -1289.1991  0.8252 
   00866    0.4325   -1282.9562  0.8267 
   00867    0.4275   -1285.3854  0.8189 
   00868    0.4025   -1285.7753  0.8174 
   00869    0.4150   -1293.6091  0.8170 
   00870    0.3825   -1292.1361  0.8206 
   00871    0.3175   -1304.1661  0.8239 
   00872    0.4500   -1310.0748  0.8194 
   00873    0.3525   -1307.2123  0.8308 
   00874    0.3950   -1313.1694  0.8374 
   00875    0.3925   -1323.9170  0.8400 
   00876    0.3925   -1316.5144  0.8391 
   00877    0.3775   -1309.9671  0.8422 
   00878    0.3850   -1316.7721  0.8426 
   00879    0.3775   -1324.4919  0.8461 
   00880    0.3850   -1291.2188  0.8326 
   00881    0.4075   -1315.7258  0.8344 
   00882    0.3875   -1293.9832  0.8182 
   00883    0.3625   -1302.5844  0.8155 
   00884    0.3900   -1319.0826  0.8226 
   00885    0.4050   -1300.8149  0.8245 
   00886    0.3525   -1284.7960  0.8095 
   00887    0.3700   -1321.8751  0.8262 
   00888    0.4450   -1304.1535  0.8249 
   00889    0.3625   -1300.8020  0.8245 
   00890    0.3900   -1291.5001  0.8147 
   00891    0.3925   -1295.6174  0.8184 
   00892    0.4400   -1277.7403  0.8167 
   00893    0.3825   -1280.9721  0.8111 
   00894    0.3775   -1286.0917  0.8085 
   00895    0.3775   -1277.8148  0.8026 
   00896    0.3975   -1257.8281  0.7952 
   00897    0.4125   -1284.4959  0.8042 
   00898    0.4325   -1288.7098  0.8116 
   00899    0.4500   -1298.1867  0.8154 
   00900    0.4050   -1287.5649  0.8161 
   00901    0.3525   -1290.3661  0.8120 
   00902    0.3925   -1252.2513  0.8032 
   00903    0.4000   -1298.2814  0.8218 
   00904    0.3900   -1282.7239  0.8125 
   00905    0.4325   -1284.9073  0.8134 
   00906    0.3800   -1277.0968  0.8117 
   00907    0.3800   -1279.3183  0.8064 
   00908    0.3725   -1287.1554  0.8005 
   00909    0.4200   -1307.9399  0.8053 
   00910    0.4025   -1300.6405  0.7989 
   00911    0.3825   -1289.7825  0.7907 
   00912    0.4125   -1291.9033  0.7893 
   00913    0.3725   -1300.7150  0.7789 
   00914    0.3925   -1295.4626  0.7715 
   00915    0.4350   -1285.9287  0.7773 
   00916    0.4125   -1272.6422  0.7758 
   00917    0.3850   -1265.9321  0.7724 
   00918    0.3625   -1290.8545  0.7612 
   00919    0.4175   -1302.2373  0.7621 
   00920    0.4175   -1304.2234  0.7648 
   00921    0.3750   -1305.2538  0.7765 
   00922    0.3625   -1300.2275  0.7780 
   00923    0.4050   -1274.7627  0.7664 
   00924    0.4100   -1280.5809  0.7753 
   00925    0.4025   -1285.1636  0.7643 
   00926    0.4300   -1267.2410  0.7545 
   00927    0.4300   -1294.7331  0.7649 
   00928    0.3500   -1304.2313  0.7726 
   00929    0.3350   -1279.6387  0.7619 
   00930    0.3875   -1285.0618  0.7670 
   00931    0.4225   -1276.0059  0.7698 
   00932    0.3975   -1272.6355  0.7600 
   00933    0.4075   -1265.8941  0.7668 
   00934    0.3525   -1272.3214  0.7714 
   00935    0.3975   -1260.3229  0.7584 
   00936    0.4175   -1248.7935  0.7590 
   00937    0.3750   -1241.9553  0.7646 
   00938    0.4475   -1220.7887  0.7545 
   00939    0.3900   -1241.3422  0.7654 
   00940    0.4475   -1232.9987  0.7690 
   00941    0.4400   -1227.8743  0.7563 
   00942    0.4075   -1247.0529  0.7604 
   00943    0.4175   -1261.3578  0.7750 
   00944    0.3925   -1262.4739  0.7774 
   00945    0.3900   -1255.4231  0.7880 
   00946    0.3375   -1274.5837  0.7955 
   00947    0.3850   -1286.8597  0.8015 
   00948    0.3800   -1304.9868  0.8008 
   00949    0.3750   -1287.3418  0.8021 
   00950    0.4025   -1302.6436  0.7877 
   00951    0.3950   -1285.5388  0.7733 
   00952    0.3575   -1277.7832  0.7643 
   00953    0.3925   -1267.7364  0.7749 
   00954    0.3750   -1268.2704  0.7658 
   00955    0.3825   -1274.4993  0.7685 
   00956    0.3900   -1266.2943  0.7724 
   00957    0.3725   -1266.5126  0.7640 
   00958    0.4075   -1266.8735  0.7675 
   00959    0.4125   -1281.8064  0.7789 
   00960    0.4275   -1290.7939  0.7706 
   00961    0.4000   -1300.6549  0.7764 
   00962    0.4025   -1306.6802  0.7963 
   00963    0.4000   -1305.1249  0.7998 
   00964    0.4100   -1278.4417  0.7869 
   00965    0.4250   -1276.1128  0.7748 
   00966    0.3750   -1253.4189  0.7723 
   00967    0.4325   -1266.0338  0.7655 
   00968    0.3550   -1271.7248  0.7614 
   00969    0.3950   -1249.1592  0.7453 
   00970    0.4125   -1268.9528  0.7708 
   00971    0.3650   -1268.9170  0.7625 
   00972    0.4000   -1251.8935  0.7469 
   00973    0.4150   -1236.4657  0.7525 
   00974    0.3825   -1254.6671  0.7553 
   00975    0.3850   -1274.8925  0.7741 
   00976    0.4425   -1295.5436  0.7879 
   00977    0.4000   -1310.3301  0.8060 
   00978    0.3550   -1322.1438  0.8073 
   00979    0.3875   -1323.8923  0.8258 
   00980    0.4000   -1319.0120  0.8198 
   00981    0.3875   -1319.9148  0.8109 
   00982    0.3800   -1302.8497  0.8008 
   00983    0.4250   -1313.0211  0.8074 
   00984    0.3975   -1311.8537  0.8101 
   00985    0.4200   -1308.4313  0.8170 
   00986    0.3550   -1307.9621  0.8160 
   00987    0.4200   -1316.7206  0.8046 
   00988    0.3775   -1321.2349  0.8029 
   00989    0.3525   -1336.9822  0.7982 
   00990    0.3725   -1327.4706  0.7984 
   00991    0.3900   -1304.5849  0.7893 
   00992    0.3900   -1324.8338  0.7903 
   00993    0.3825   -1330.1650  0.7850 
   00994    0.3925   -1312.3232  0.7825 
   00995    0.3650   -1297.4767  0.7746 
   00996    0.3925   -1303.2163  0.7649 
   00997    0.3750   -1288.9081  0.7506 
   00998    0.4025   -1299.8709  0.7677 
   00999    0.3925   -1299.3967  0.7668 
   01000    0.3850   -1298.8680  0.7761 
