#=====================================================
# File created:        Sun-01-Mar-2026-at-11-52-49AM
# Size of lattice:     20x20
# Number of MC steps:  1000
# Reduced temperature: 0.650
# Run time (s):        1.896276
#=====================================================
# MC step:  Ratio:     Energy:   Order:
#=====================================================
   00000    0.5000    -408.3905  0.2987 
   00001    0.6750    -626.1241  0.2800 
   00002    0.5750    -730.8772  0.2720 
   00003    0.6000    -802.3732  0.3107 
   00004    0.6025    -856.6506  0.3508 
   00005    0.5225    -902.5873  0.3715 
   00006    0.5125    -980.6876  0.3754 
   00007    0.4850    -993.2742  0.3875 
   00008    0.4725   -1014.3464  0.3972 
   00009    0.4525   -1031.2283  0.3970 
   00010    0.5050   -1044.4248  0.4002 
   00011    0.4675   -1067.5199  0.3949 
   00012    0.4850   -1059.2036  0.4058 
   00013    0.4625   -1069.8786  0.4090 
   00014    0.4725   -1075.8171  0.4176 
   00015    0.4950   -1034.0442  0.4087 
   00016    0.4775   -1075.1226  0.3961 
   00017    0.4750   -1085.1157  0.4159 
   00018    0.4600   -1098.0146  0.4266 
   00019    0.4425   -1096.3625  0.4247 
   00020    0.4900   -1098.6634  0.4143 
   00021    0.4250   -1071.1901  0.4053 
   00022    0.4550   -1089.3583  0.3993 
   00023    0.4950   -1120.8046  0.4150 
   00024    0.4325   -1127.1477  0.4308 
   00025    0.4325   -1125.2319  0.4418 
   00026    0.4525   -1099.9406  0.4431 
   00027    0.4825   -1125.5604  0.4622 
   00028    0.4175   -1173.6644  0.4718 
   00029    0.4525   -1160.8127  0.4853 
   00030    0.4525   -1182.6172  0.4954 
   00031    0.4125   -1176.7524  0.4997 
   00032    0.4025   -1180.0230  0.4914 
   00033    0.4375   -1192.7967  0.4931 
   00034    0.4225   -1180.1580  0.4985 
   00035    0.4150   -1168.3667  0.4874 
   00036    0.4275   -1171.8654  0.4973 
   00037    0.4400   -1175.0954  0.4931 
   00038    0.4200   -1169.6429  0.4845 
   00039    0.3900   -1164.0529  0.5033 
   00040    0.4550   -1161.8139  0.5084 
   00041    0.4625   -1173.4384  0.5143 
   00042    0.4075   -1179.5145  0.5331 
   00043    0.4425   -1173.4245  0.5238 
   00044    0.4250   -1171.7266  0.5057 
   00045    0.4075   -1171.6307  0.5099 
   00046    0.4525   -1174.2124  0.5029 
   00047    0.4050   -1180.5002  0.5142 
   00048    0.4400   -1174.8740  0.5133 
   00049    0.4300   -1179.4982  0.5202 
   00050    0.4375   -1205.0976  0.5225 
   00051    0.3900   -1190.7778  0.5099 
   00052    0.4050   -1205.9368  0.5130 
   00053    0.3950   -1171.6393  0.5174 
   00054    0.4350   -1181.1424  0.5234 
   00055    0.4400   -1205.7468  0.5378 
   00056    0.4050   -1225.0158  0.5540 
   00057    0.4250   -1230.1251  0.5688 
   00058    0.3950   -1228.4002  0.5819 
   00059    0.4500   -1229.9530  0.5859 
   00060    0.4050   -1234.7141  0.5953 
   00061    0.4375   -1250.5011  0.5951 
   00062    0.3975   -1241.7285  0.5695 
   00063    0.4250   -1238.0609  0.5611 
   00064    0.4250   -1228.9925  0.5532 
   00065    0.4175   -1243.0529  0.5494 
   00066    0.4200   -1246.0806  0.5569 
   00067    0.4200   -1229.9073  0.5637 
   00068    0.4300   -1211.7315  0.5443 
   00069    0.4025   -1256.8726  0.5465 
   00070    0.3825   -1225.4926  0.5320 
   00071    0.4250   -1221.7532  0.5263 
   00072    0.4025   -1234.1304  0.5289 
   00073    0.3625   -1215.9325  0.5354 
   00074    0.4075   -1216.0784  0.5304 
   00075    0.4425   -1224.7776  0.5334 
   00076    0.4075   -1228.9183  0.5555 
   00077    0.4300   -1230.3371  0.5634 
   00078    0.4175   -1199.9374  0.5597 
   00079    0.3975   -1196.5125  0.5619 
   00080    0.4600   -1185.2153  0.5645 
   00081    0.4375   -1187.5570  0.5606 
   00082    0.4400   -1205.2983  0.5605 
   00083    0.4400   -1216.2574  0.5904 
   00084    0.4600   -1232.7165  0.6087 
   00085    0.4350   -1234.1949  0.5909 
   00086    0.4050   -1264.4570  0.6203 
   00087    0.4525   -1265.1939  0.6347 
   00088    0.4350   -1271.6248  0.6441 
   00089    0.3900   -1269.7465  0.6450 
   00090    0.3950   -1284.6231  0.6534 
   00091    0.4050   -1299.7081  0.6519 
   00092    0.3875   -1292.6977  0.6607 
   00093    0.4075   -1286.4724  0.6621 
   00094    0.3975   -1298.0894  0.6737 
   00095    0.3325   -1298.9827  0.6766 
   00096    0.3800   -1301.4871  0.6887 
   00097    0.4025   -1312.4590  0.6956 
   00098    0.3875   -1302.9090  0.6912 
   00099    0.3850   -1294.6376  0.6845 
   00100    0.3700   -1290.3937  0.6832 
   00101    0.4050   -1282.6535  0.6948 
   00102    0.3975   -1287.8624  0.6835 
   00103    0.4125   -1285.7105  0.6755 
   00104    0.4375   -1284.4077  0.6686 
   00105    0.4375   -1273.9336  0.6784 
   00106    0.4050   -1263.3538  0.6688 
   00107    0.4100   -1287.0332  0.6845 
   00108    0.4450   -1262.4547  0.6935 
   00109    0.3500   -1261.2098  0.7032 
   00110    0.4150   -1276.0476  0.6885 
   00111    0.4225   -1282.2329  0.6851 
   00112    0.4000   -1252.0008  0.6843 
   00113    0.4175   -1261.5585  0.6818 
   00114    0.4125   -1246.2271  0.6814 
   00115    0.3575   -1238.6206  0.6769 
   00116    0.4025   -1251.2150  0.6764 
   00117    0.4375   -1232.8880  0.6677 
   00118    0.3875   -1242.9532  0.6810 
   00119    0.4775   -1261.0510  0.6950 
   00120    0.3900   -1291.2357  0.7089 
   00121    0.4075   -1259.7069  0.6860 
   00122    0.4175   -1252.0829  0.6863 
   00123    0.3525   -1262.1107  0.6858 
   00124    0.4375   -1265.3794  0.7055 
   00125    0.3925   -1236.1567  0.6971 
   00126    0.4100   -1249.6438  0.6752 
   00127    0.4000   -1265.1583  0.6701 
   00128    0.3475   -1267.1400  0.6732 
   00129    0.4350   -1258.6652  0.6605 
   00130    0.4475   -1260.1268  0.6674 
   00131    0.3975   -1269.6269  0.6823 
   00132    0.4250   -1283.7052  0.6941 
   00133    0.4175   -1295.1669  0.7138 
   00134    0.3700   -1298.3659  0.7172 
   00135    0.4300   -1290.7762  0.7111 
   00136    0.3650   -1298.0199  0.7274 
   00137    0.4150   -1312.0546  0.7305 
   00138    0.4125   -1307.0738  0.7264 
   00139    0.4050   -1325.0046  0.7244 
   00140    0.3850   -1334.3698  0.7240 
   00141    0.3700   -1324.6138  0.7305 
   00142    0.3875   -1314.5313  0.7298 
   00143    0.3550   -1325.4547  0.7451 
   00144    0.4075   -1324.0020  0.7374 
   00145    0.4125   -1329.3354  0.7358 
   00146    0.3625   -1326.1650  0.7392 
   00147    0.3425   -1313.0225  0.7434 
   00148    0.3775   -1302.2326  0.7515 
   00149    0.3800   -1289.3823  0.7506 
   00150    0.4000   -1291.5803  0.7470 
   00151    0.4250   -1282.7510  0.7506 
   00152    0.3650   -1276.5391  0.7524 
   00153    0.3850   -1294.9050  0.7662 
   00154    0.4150   -1292.2965  0.7708 
   00155    0.3675   -1289.0928  0.7674 
   00156    0.4225   -1285.0428  0.7498 
   00157    0.3900   -1302.4069  0.7634 
   00158    0.3850   -1285.2277  0.7639 
   00159    0.3950   -1276.5129  0.7554 
   00160    0.4300   -1274.1883  0.7582 
   00161    0.3825   -1250.2525  0.7547 
   00162    0.3700   -1277.7518  0.7619 
   00163    0.4575   -1287.0140  0.7628 
   00164    0.4225   -1263.6306  0.7679 
   00165    0.4125   -1262.8179  0.7687 
   00166    0.3800   -1254.6505  0.7535 
   00167    0.4025   -1268.2000  0.7464 
   00168    0.3900   -1268.5080  0.7450 
   00169    0.4025   -1254.4447  0.7332 
   00170    0.3900   -1239.7445  0.7337 
   00171    0.4525   -1245.5821  0.7204 
   00172    0.4275   -1246.2648  0.7226 
   00173    0.4450   -1282.4357  0.7277 
   00174    0.3900   -1283.7432  0.7244 
   00175    0.3800   -1277.5365  0.7317 
   00176    0.4000   -1310.1893  0.7324 
   00177    0.4475   -1274.3709  0.7128 
   00178    0.3750   -1267.2512  0.7187 
   00179    0.4200   -1247.6039  0.7063 
   00180    0.4175   -1240.5680  0.7095 
   00181    0.4500   -1242.9606  0.7313 
   00182    0.3800   -1253.6370  0.7312 
   00183    0.3675   -1243.2864  0.7330 
   00184    0.4200   -1279.2991  0.7328 
   00185    0.4175   -1233.9106  0.7346 
   00186    0.4425   -1226.5332  0.7317 
   00187    0.4025   -1231.9790  0.7192 
   00188    0.4050   -1225.2493  0.7153 
   00189    0.4100   -1243.1796  0.7105 
   00190    0.3900   -1239.1476  0.6954 
   00191    0.4050   -1246.5687  0.7083 
   00192    0.4250   -1265.5251  0.7290 
   00193    0.4000   -1282.8319  0.7232 
   00194    0.4025   -1280.3641  0.7271 
   00195    0.3975   -1247.1069  0.7119 
   00196    0.4475   -1260.8470  0.7343 
   00197    0.4125   -1240.1349  0.7171 
   00198    0.4100   -1250.2424  0.7262 
   00199    0.3800   -1258.3106  0.7266 
   00200    0.3850   -1231.5665  0.7142 
   00201    0.4600   -1239.8859  0.7132 
   00202    0.4000   -1234.0255  0.7108 
   00203    0.4400   -1234.5777  0.7154 
   00204    0.3950   -1268.8109  0.7084 
   00205    0.3800   -1262.9867  0.7096 
   00206    0.3975   -1293.4915  0.7244 
   00207    0.3775   -1305.0005  0.7359 
   00208    0.4275   -1295.9356  0.7364 
   00209    0.4175   -1292.9824  0.7232 
   00210    0.4025   -1309.1414  0.7347 
   00211    0.3425   -1303.1955  0.7437 
   00212    0.3875   -1285.7839  0.7530 
   00213    0.3875   -1278.1042  0.7328 
   00214    0.3975   -1272.9275  0.7337 
   00215    0.3450   -1283.3692  0.7495 
   00216    0.3750   -1292.2767  0.7615 
   00217    0.3625   -1293.1329  0.7674 
   00218    0.4075   -1313.5949  0.7631 
   00219    0.3950   -1305.7811  0.7631 
   00220    0.4025   -1292.6079  0.7499 
   00221    0.4150   -1272.5385  0.7516 
   00222    0.3900   -1273.4850  0.7333 
   00223    0.3650   -1277.3489  0.7342 
   00224    0.4275   -1280.2674  0.7359 
   00225    0.3925   -1288.2872  0.7457 
   00226    0.4050   -1283.9552  0.7570 
   00227    0.4200   -1281.5252  0.7627 
   00228    0.4100   -1280.6254  0.7531 
   00229    0.3625   -1268.5913  0.7485 
   00230    0.4575   -1268.0114  0.7446 
   00231    0.3900   -1277.2735  0.7505 
   00232    0.4575   -1255.0968  0.7406 
   00233    0.3850   -1275.2181  0.7514 
   00234    0.3750   -1260.1507  0.7451 
   00235    0.4225   -1267.0998  0.7526 
   00236    0.3800   -1262.1980  0.7455 
   00237    0.4025   -1260.2386  0.7368 
   00238    0.4175   -1257.7898  0.7474 
   00239    0.3975   -1275.6054  0.7511 
   00240    0.3875   -1275.2758  0.7569 
   00241    0.4175   -1275.3523  0.7724 
   00242    0.4425   -1252.4934  0.7675 
   00243    0.4100   -1309.0823  0.7908 
   00244    0.4100   -1286.8491  0.7752 
   00245    0.3875   -1272.9203  0.7865 
   00246    0.4225   -1276.6148  0.7838 
   00247    0.4200   -1274.5410  0.8000 
   00248    0.4000   -1297.5429  0.8110 
   00249    0.4075   -1292.0949  0.8063 
   00250    0.4375   -1274.7220  0.7913 
   00251    0.3925   -1276.5464  0.7830 
   00252    0.3850   -1251.3777  0.7654 
   00253    0.4150   -1245.9661  0.7538 
   00254    0.4125   -1256.5957  0.7664 
   00255    0.3900   -1244.1946  0.7633 
   00256    0.4325   -1228.6917  0.7644 
   00257    0.4300   -1253.6641  0.7708 
   00258    0.3850   -1259.2090  0.7795 
   00259    0.4050   -1234.8501  0.7739 
   00260    0.3975   -1235.6522  0.7791 
   00261    0.4375   -1254.8330  0.7896 
   00262    0.3925   -1273.9851  0.7935 
   00263    0.4075   -1288.0406  0.7918 
   00264    0.3575   -1299.4596  0.7920 
   00265    0.3575   -1303.8925  0.7921 
   00266    0.4075   -1321.6959  0.7812 
   00267    0.3925   -1311.6517  0.7688 
   00268    0.3100   -1298.6798  0.7672 
   00269    0.4250   -1293.3911  0.7547 
   00270    0.4150   -1288.7388  0.7687 
   00271    0.4225   -1303.1850  0.7890 
   00272    0.3675   -1294.6167  0.7827 
   00273    0.3625   -1262.3563  0.7815 
   00274    0.4225   -1265.4961  0.7794 
   00275    0.4175   -1262.5571  0.7725 
   00276    0.4200   -1272.5099  0.7743 
   00277    0.4075   -1279.7699  0.7792 
   00278    0.3775   -1282.7045  0.7790 
   00279    0.3925   -1254.8701  0.7761 
   00280    0.3900   -1251.1766  0.7771 
   00281    0.4375   -1283.0611  0.7795 
   00282    0.3875   -1310.3389  0.7965 
   00283    0.3900   -1317.0202  0.8042 
   00284    0.4150   -1309.2487  0.8031 
   00285    0.3775   -1319.9661  0.7969 
   00286    0.4350   -1291.0129  0.7808 
   00287    0.3825   -1292.9022  0.7801 
   00288    0.3975   -1279.3876  0.7681 
   00289    0.3875   -1292.6885  0.7636 
   00290    0.4150   -1293.4906  0.7705 
   00291    0.4325   -1284.3889  0.7749 
   00292    0.4175   -1306.3433  0.7739 
   00293    0.3625   -1285.9512  0.7565 
   00294    0.3425   -1279.5903  0.7509 
   00295    0.4125   -1275.0591  0.7423 
   00296    0.4150   -1284.8725  0.7585 
   00297    0.4275   -1276.7387  0.7483 
   00298    0.3725   -1296.8735  0.7567 
   00299    0.4125   -1296.5694  0.7546 
   00300    0.3650   -1281.6886  0.7427 
   00301    0.4025   -1275.8921  0.7434 
   00302    0.3525   -1265.3554  0.7379 
   00303    0.4300   -1278.7729  0.7287 
   00304    0.4150   -1268.3174  0.7182 
   00305    0.4100   -1278.7051  0.7191 
   00306    0.3850   -1267.4520  0.7086 
   00307    0.4350   -1273.0964  0.7192 
   00308    0.4025   -1270.5526  0.7083 
   00309    0.3800   -1275.0031  0.7070 
   00310    0.4200   -1279.9506  0.7214 
   00311    0.4350   -1265.7689  0.7230 
   00312    0.4175   -1263.6171  0.7266 
   00313    0.3750   -1259.4306  0.7240 
   00314    0.4250   -1278.7233  0.7258 
   00315    0.3700   -1283.2923  0.7244 
   00316    0.3375   -1272.7444  0.7347 
   00317    0.3900   -1281.4978  0.7423 
   00318    0.3825   -1264.9764  0.7306 
   00319    0.3525   -1274.0158  0.7314 
   00320    0.4100   -1271.1188  0.7312 
   00321    0.3975   -1279.8649  0.7332 
   00322    0.4350   -1272.0211  0.7483 
   00323    0.3825   -1241.9745  0.7337 
   00324    0.3850   -1268.3526  0.7384 
   00325    0.4125   -1257.3953  0.7342 
   00326    0.4125   -1248.5756  0.7264 
   00327    0.3625   -1249.9832  0.7383 
   00328    0.4150   -1234.3608  0.7271 
   00329    0.3925   -1261.2538  0.7446 
   00330    0.4100   -1238.1324  0.7300 
   00331    0.3725   -1220.2376  0.7225 
   00332    0.4025   -1222.2297  0.7317 
   00333    0.4400   -1257.5323  0.7468 
   00334    0.3675   -1255.4855  0.7559 
   00335    0.3875   -1271.4549  0.7412 
   00336    0.3900   -1266.7342  0.7501 
   00337    0.3775   -1275.6445  0.7595 
   00338    0.4000   -1269.8430  0.7652 
   00339    0.3950   -1259.3873  0.7535 
   00340    0.4450   -1250.8908  0.7517 
   00341    0.4075   -1248.7719  0.7514 
   00342    0.3700   -1247.8060  0.7531 
   00343    0.4150   -1240.9753  0.7378 
   00344    0.4300   -1245.0945  0.7458 
   00345    0.4200   -1210.9862  0.7375 
   00346    0.4225   -1213.5717  0.7339 
   00347    0.4125   -1235.7762  0.7301 
   00348    0.3950   -1238.3789  0.7440 
   00349    0.4400   -1243.1296  0.7475 
   00350    0.4150   -1246.7101  0.7621 
   00351    0.3825   -1250.3754  0.7686 
   00352    0.3700   -1259.8056  0.7810 
   00353    0.3775   -1269.6673  0.7771 
   00354    0.3750   -1295.5519  0.7935 
   00355    0.4550   -1276.0665  0.7869 
   00356    0.3725   -1293.6898  0.7942 
   00357    0.4150   -1293.2842  0.7835 
   00358    0.3575   -1297.1276  0.7787 
   00359    0.4300   -1288.5302  0.7788 
   00360    0.3950   -1282.5217  0.7747 
   00361    0.4250   -1298.3883  0.7891 
   00362    0.4125   -1290.3831  0.7955 
   00363    0.4100   -1289.1954  0.7892 
   00364    0.4050   -1300.2747  0.7913 
   00365    0.4050   -1298.6618  0.7996 
   00366    0.4025   -1281.0115  0.7881 
   00367    0.3725   -1267.1768  0.7936 
   00368    0.3925   -1278.8281  0.8026 
   00369    0.4150   -1289.8678  0.8150 
   00370    0.4050   -1289.2590  0.8100 
   00371    0.3675   -1263.7507  0.7991 
   00372    0.3725   -1283.5986  0.8143 
   00373    0.3850   -1292.0190  0.8147 
   00374    0.3925   -1281.8023  0.8163 
   00375    0.3600   -1288.2746  0.8260 
   00376    0.3850   -1292.1499  0.8264 
   00377    0.4000   -1296.9110  0.8270 
   00378    0.3825   -1304.2504  0.8391 
   00379    0.3950   -1295.6690  0.8409 
   00380    0.3675   -1293.0649  0.8333 
   00381    0.4125   -1305.6501  0.8496 
   00382    0.4025   -1315.5349  0.8388 
   00383    0.3925   -1319.6706  0.8409 
   00384    0.4000   -1309.6349  0.8398 
   00385    0.3900   -1299.6061  0.8355 
   00386    0.3525   -1303.6514  0.8353 
   00387    0.4150   -1308.8741  0.8304 
   00388    0.4125   -1300.9114  0.8271 
   00389    0.3975   -1286.4452  0.8194 
   00390    0.3800   -1291.7708  0.8136 
   00391    0.4200   -1279.2996  0.8154 
   00392    0.3675   -1302.0250  0.8137 
   00393    0.3725   -1298.0780  0.8221 
   00394    0.4075   -1301.8843  0.8273 
   00395    0.3825   -1286.5807  0.8256 
   00396    0.3750   -1280.1321  0.8251 
   00397    0.4100   -1295.5908  0.8310 
   00398    0.4150   -1299.2095  0.8274 
   00399    0.3925   -1309.5965  0.8257 
   00400    0.3775   -1299.5922  0.8209 
   00401    0.4150   -1293.1863  0.8101 
   00402    0.4000   -1304.6961  0.8132 
   00403    0.3725   -1296.2180  0.8119 
   00404    0.3900   -1287.5795  0.8062 
   00405    0.4050   -1309.9194  0.8283 
   00406    0.4225   -1295.2143  0.8265 
   00407    0.4000   -1314.9518  0.8158 
   00408    0.4050   -1298.6665  0.8043 
   00409    0.4650   -1318.1116  0.8282 
   00410    0.3550   -1281.4651  0.8113 
   00411    0.3575   -1297.6650  0.8161 
   00412    0.4525   -1293.0710  0.8178 
   00413    0.3650   -1274.9618  0.8122 
   00414    0.3850   -1265.4472  0.8011 
   00415    0.3925   -1270.3448  0.8032 
   00416    0.4625   -1254.1371  0.7889 
   00417    0.3700   -1260.0229  0.7916 
   00418    0.4175   -1251.2600  0.7789 
   00419    0.3750   -1254.0425  0.7744 
   00420    0.4825   -1262.7063  0.7813 
   00421    0.4050   -1259.3462  0.7826 
   00422    0.4150   -1285.3902  0.7876 
   00423    0.4475   -1262.9534  0.7851 
   00424    0.4025   -1259.3947  0.7926 
   00425    0.4100   -1243.4186  0.7812 
   00426    0.3875   -1276.5062  0.8028 
   00427    0.4575   -1245.7134  0.7816 
   00428    0.4050   -1243.0779  0.7636 
   00429    0.3925   -1241.8691  0.7673 
   00430    0.3900   -1273.3990  0.7832 
   00431    0.3750   -1275.5875  0.8018 
   00432    0.3925   -1275.6905  0.8006 
   00433    0.3550   -1289.4038  0.8096 
   00434    0.4100   -1292.2563  0.8249 
   00435    0.3800   -1304.9169  0.8334 
   00436    0.4075   -1309.5746  0.8234 
   00437    0.3600   -1319.0936  0.8307 
   00438    0.3925   -1319.9539  0.8160 
   00439    0.3725   -1304.3621  0.8154 
   00440    0.3850   -1291.2441  0.8230 
   00441    0.3850   -1290.3196  0.8157 
   00442    0.3625   -1283.5944  0.8143 
   00443    0.3750   -1294.8865  0.8157 
   00444    0.4300   -1303.6869  0.8106 
   00445    0.3975   -1311.3125  0.8202 
   00446    0.3750   -1327.8738  0.8201 
   00447    0.4200   -1353.0545  0.8275 
   00448    0.3600   -1339.3264  0.8217 
   00449    0.4025   -1348.5165  0.8188 
   00450    0.4100   -1358.0230  0.8185 
   00451    0.3800   -1338.2310  0.8154 
   00452    0.3500   -1301.8432  0.7960 
   00453    0.3975   -1315.0419  0.8051 
   00454    0.3675   -1311.2442  0.8051 
   00455    0.4325   -1285.0600  0.8025 
   00456    0.3750   -1261.0033  0.7910 
   00457    0.4000   -1260.8161  0.7924 
   00458    0.3725   -1259.8965  0.7784 
   00459    0.3725   -1265.7982  0.7803 
   00460    0.3200   -1257.7637  0.7731 
   00461    0.4325   -1270.4888  0.7772 
   00462    0.4425   -1253.1238  0.7717 
   00463    0.3925   -1256.3568  0.7656 
   00464    0.4650   -1260.6207  0.7777 
   00465    0.3825   -1261.3991  0.7699 
   00466    0.4075   -1246.0727  0.7706 
   00467    0.4225   -1232.2975  0.7576 
   00468    0.4375   -1260.8168  0.7669 
   00469    0.3925   -1237.6325  0.7610 
   00470    0.3850   -1258.0969  0.7574 
   00471    0.4100   -1251.4971  0.7654 
   00472    0.4250   -1243.1873  0.7595 
   00473    0.3875   -1254.7410  0.7680 
   00474    0.3725   -1266.3962  0.7798 
   00475    0.3650   -1275.2262  0.7770 
   00476    0.3975   -1287.6859  0.7794 
   00477    0.4125   -1284.4810  0.7828 
   00478    0.4250   -1300.0694  0.7789 
   00479    0.3525   -1311.6718  0.7816 
   00480    0.3950   -1302.7666  0.7679 
   00481    0.4150   -1272.9955  0.7620 
   00482    0.4050   -1277.8300  0.7600 
   00483    0.3850   -1281.5824  0.7654 
   00484    0.3650   -1263.8584  0.7504 
   00485    0.4075   -1286.1789  0.7541 
   00486    0.4075   -1273.7654  0.7468 
   00487    0.4100   -1284.0627  0.7477 
   00488    0.4750   -1265.6227  0.7447 
   00489    0.4025   -1266.0123  0.7580 
   00490    0.4450   -1265.4154  0.7450 
   00491    0.3950   -1274.8887  0.7526 
   00492    0.4400   -1261.3247  0.7381 
   00493    0.3975   -1260.9650  0.7420 
   00494    0.4575   -1264.2572  0.7395 
   00495    0.3925   -1255.5498  0.7280 
   00496    0.4050   -1219.6600  0.7195 
   00497    0.3550   -1232.8768  0.7331 
   00498    0.3900   -1216.9814  0.7243 
   00499    0.4300   -1252.0475  0.7337 
   00500    0.4125   -1262.4244  0.7484 
   00501    0.4200   -1279.2077  0.7598 
   00502    0.3600   -1270.3639  0.7578 
   00503    0.3600   -1263.9365  0.7576 
   00504    0.3950   -1258.1370  0.7486 
   00505    0.3575   -1264.6682  0.7538 
   00506    0.3675   -1270.5969  0.7475 
   00507    0.4000   -1265.7684  0.7396 
   00508    0.4450   -1263.0853  0.7330 
   00509    0.4125   -1275.8630  0.7433 
   00510    0.4200   -1280.2803  0.7400 
   00511    0.3650   -1269.3392  0.7405 
   00512    0.4300   -1265.0553  0.7511 
   00513    0.4150   -1266.7958  0.7328 
   00514    0.4025   -1280.4656  0.7421 
   00515    0.3975   -1281.4472  0.7530 
   00516    0.4075   -1274.4708  0.7505 
   00517    0.4100   -1283.4492  0.7558 
   00518    0.3975   -1256.5564  0.7519 
   00519    0.4000   -1275.3924  0.7583 
   00520    0.4075   -1259.2761  0.7620 
   00521    0.3875   -1247.7380  0.7636 
   00522    0.3900   -1255.5225  0.7674 
   00523    0.4475   -1270.8478  0.7709 
   00524    0.3625   -1279.7708  0.7840 
   00525    0.4125   -1298.1110  0.7916 
   00526    0.3625   -1288.3200  0.7914 
   00527    0.3775   -1286.6725  0.7797 
   00528    0.4100   -1242.2708  0.7596 
   00529    0.4175   -1242.9688  0.7685 
   00530    0.3825   -1268.3112  0.7813 
   00531    0.3625   -1291.4184  0.7788 
   00532    0.4475   -1257.1533  0.7676 
   00533    0.4125   -1280.2515  0.7830 
   00534    0.4125   -1254.5587  0.7899 
   00535    0.3425   -1280.3931  0.7856 
   00536    0.3825   -1291.9136  0.7912 
   00537    0.4025   -1296.5664  0.8019 
   00538    0.4025   -1308.3126  0.7924 
   00539    0.4050   -1292.5225  0.7927 
   00540    0.4000   -1283.4830  0.7903 
   00541    0.4175   -1309.4434  0.8186 
   00542    0.3425   -1312.4300  0.8318 
   00543    0.3800   -1321.7778  0.8295 
   00544    0.3700   -1311.6166  0.8317 
   00545    0.3900   -1308.4284  0.8261 
   00546    0.3900   -1294.5948  0.8335 
   00547    0.3875   -1296.0629  0.8364 
   00548    0.3875   -1293.8682  0.8338 
   00549    0.4225   -1286.1358  0.8333 
   00550    0.4050   -1242.3493  0.8261 
   00551    0.3700   -1238.1630  0.8163 
   00552    0.4075   -1242.9091  0.8114 
   00553    0.4225   -1264.1587  0.8136 
   00554    0.4175   -1265.3817  0.8280 
   00555    0.3825   -1260.2032  0.8302 
   00556    0.3525   -1287.0456  0.8336 
   00557    0.3850   -1261.1866  0.8146 
   00558    0.3975   -1280.6063  0.8220 
   00559    0.3800   -1275.9090  0.8191 
   00560    0.4175   -1274.5506  0.8098 
   00561    0.3825   -1298.6615  0.8183 
   00562    0.3900   -1295.9700  0.8224 
   00563    0.4050   -1276.7244  0.8150 
   00564    0.4125   -1288.1604  0.8233 
   00565    0.3925   -1303.7146  0.8209 
   00566    0.4400   -1288.4436  0.8152 
   00567    0.4250   -1285.3303  0.8265 
   00568    0.3900   -1281.3709  0.8164 
   00569    0.3400   -1299.7237  0.8294 
   00570    0.3650   -1318.3326  0.8383 
   00571    0.3725   -1310.6692  0.8337 
   00572    0.4050   -1307.3845  0.8316 
   00573    0.4075   -1285.1310  0.8263 
   00574    0.3700   -1287.4957  0.8288 
   00575    0.3875   -1292.6305  0.8310 
   00576    0.4025   -1298.4528  0.8386 
   00577    0.4200   -1290.3060  0.8249 
   00578    0.3925   -1305.8209  0.8193 
   00579    0.3675   -1316.1976  0.8197 
   00580    0.4275   -1286.2559  0.8028 
   00581    0.4100   -1295.9014  0.7959 
   00582    0.4075   -1304.5293  0.8001 
   00583    0.3750   -1277.8604  0.7844 
   00584    0.4375   -1275.0506  0.7851 
   00585    0.3950   -1275.2315  0.7722 
   00586    0.4050   -1273.3711  0.7909 
   00587    0.3900   -1280.6615  0.7936 
   00588    0.4400   -1275.4887  0.7902 
   00589    0.4225   -1283.3234  0.8015 
   00590    0.4050   -1275.8471  0.7892 
   00591    0.3950   -1268.9887  0.7948 
   00592    0.4025   -1285.5866  0.7942 
   00593    0.4125   -1268.1902  0.7831 
   00594    0.4125   -1272.0754  0.7886 
   00595    0.4225   -1271.5928  0.7819 
   00596    0.4375   -1276.6726  0.7846 
   00597    0.3425   -1294.9659  0.7862 
   00598    0.4025   -1295.8029  0.7935 
   00599    0.3850   -1302.8662  0.7907 
   00600    0.4150   -1314.1260  0.7966 
   00601    0.3675   -1320.5437  0.7982 
   00602    0.4200   -1316.1820  0.8057 
   00603    0.3975   -1309.3791  0.8007 
   00604    0.4275   -1299.0855  0.7932 
   00605    0.3825   -1304.5986  0.7904 
   00606    0.4325   -1269.4721  0.7769 
   00607    0.4050   -1304.5880  0.7878 
   00608    0.4150   -1301.9861  0.7906 
   00609    0.4050   -1313.5692  0.8058 
   00610    0.4200   -1306.8760  0.8038 
   00611    0.3800   -1286.7483  0.8112 
   00612    0.4100   -1276.9718  0.8045 
   00613    0.3675   -1257.3537  0.7983 
   00614    0.4250   -1267.5453  0.8078 
   00615    0.3925   -1278.2572  0.8157 
   00616    0.3700   -1248.2215  0.8062 
   00617    0.3450   -1238.3253  0.8114 
   00618    0.4300   -1228.5567  0.8033 
   00619    0.3925   -1252.4984  0.8197 
   00620    0.4050   -1295.5702  0.8316 
   00621    0.4050   -1325.9249  0.8364 
   00622    0.3800   -1320.7952  0.8348 
   00623    0.4000   -1319.4288  0.8253 
   00624    0.4000   -1297.3917  0.8203 
   00625    0.4150   -1298.0818  0.8363 
   00626    0.4225   -1281.7550  0.8270 
   00627    0.3650   -1269.6978  0.8118 
   00628    0.4000   -1285.2576  0.8198 
   00629    0.4075   -1289.9760  0.8228 
   00630    0.3850   -1273.1330  0.8077 
   00631    0.3950   -1273.9361  0.7946 
   00632    0.4125   -1264.8177  0.7901 
   00633    0.3825   -1284.7840  0.7966 
   00634    0.3825   -1275.4783  0.7793 
   00635    0.3850   -1266.9392  0.7720 
   00636    0.4025   -1281.0841  0.7598 
   00637    0.3975   -1277.9318  0.7700 
   00638    0.3650   -1310.0149  0.7924 
   00639    0.4150   -1294.8119  0.7844 
   00640    0.3825   -1298.7424  0.7827 
   00641    0.4000   -1287.5660  0.7781 
   00642    0.4150   -1273.8436  0.7578 
   00643    0.4325   -1276.2850  0.7663 
   00644    0.4125   -1281.0391  0.7671 
   00645    0.4100   -1277.6151  0.7765 
   00646    0.3825   -1262.9762  0.7619 
   00647    0.4000   -1269.3917  0.7645 
   00648    0.4150   -1275.3301  0.7610 
   00649    0.3650   -1275.1352  0.7634 
   00650    0.4050   -1277.4196  0.7688 
   00651    0.4300   -1267.2930  0.7617 
   00652    0.4025   -1288.5948  0.7840 
   00653    0.3375   -1269.1201  0.7818 
   00654    0.3800   -1262.3616  0.7709 
   00655    0.3750   -1257.9453  0.7546 
   00656    0.4375   -1281.4998  0.7761 
   00657    0.3800   -1295.8195  0.7862 
   00658    0.4250   -1276.3219  0.7754 
   00659    0.4175   -1265.6681  0.7764 
   00660    0.4000   -1266.9303  0.7752 
   00661    0.4150   -1253.6341  0.7747 
   00662    0.4275   -1241.3705  0.7649 
   00663    0.4050   -1239.1314  0.7739 
   00664    0.4150   -1269.4621  0.7920 
   00665    0.4175   -1260.7724  0.7694 
   00666    0.3900   -1267.5219  0.7791 
   00667    0.3950   -1254.2343  0.7794 
   00668    0.4425   -1265.1627  0.7841 
   00669    0.3800   -1271.3827  0.7927 
   00670    0.3925   -1274.6776  0.7951 
   00671    0.3925   -1290.5349  0.8031 
   00672    0.3850   -1265.3619  0.7805 
   00673    0.4200   -1280.7606  0.7819 
   00674    0.3775   -1278.8528  0.7882 
   00675    0.4050   -1277.2352  0.7741 
   00676    0.4600   -1257.3398  0.7626 
   00677    0.4275   -1269.9052  0.7685 
   00678    0.3850   -1257.6053  0.7605 
   00679    0.3700   -1258.6122  0.7664 
   00680    0.4025   -1259.4490  0.7653 
   00681    0.4025   -1248.5342  0.7509 
   00682    0.3875   -1227.8438  0.7510 
   00683    0.3550   -1233.3278  0.7515 
   00684    0.4100   -1241.9448  0.7546 
   00685    0.3625   -1257.5252  0.7606 
   00686    0.4125   -1281.9912  0.7565 
   00687    0.3875   -1274.0880  0.7505 
   00688    0.4425   -1260.8750  0.7519 
   00689    0.3650   -1253.4793  0.7491 
   00690    0.4100   -1219.3388  0.7447 
   00691    0.4350   -1224.9369  0.7310 
   00692    0.3775   -1236.6357  0.7342 
   00693    0.3975   -1255.6561  0.7603 
   00694    0.4225   -1247.9121  0.7478 
   00695    0.4300   -1237.9561  0.7351 
   00696    0.4150   -1257.6069  0.7503 
   00697    0.4100   -1255.7841  0.7493 
   00698    0.4100   -1259.0092  0.7449 
   00699    0.4300   -1270.8543  0.7602 
   00700    0.4025   -1265.5071  0.7690 
   00701    0.3750   -1292.5141  0.7820 
   00702    0.4225   -1300.3410  0.7926 
   00703    0.4025   -1305.8165  0.7810 
   00704    0.3925   -1299.2790  0.7752 
   00705    0.4200   -1302.9699  0.7754 
   00706    0.3825   -1310.6753  0.7856 
   00707    0.3525   -1301.1341  0.7832 
   00708    0.3925   -1285.3299  0.7724 
   00709    0.3800   -1269.5884  0.7741 
   00710    0.4100   -1280.5497  0.7769 
   00711    0.3875   -1296.3367  0.7833 
   00712    0.4250   -1298.9161  0.7846 
   00713    0.3750   -1275.3329  0.7766 
   00714    0.3325   -1303.0166  0.7822 
   00715    0.4150   -1315.8393  0.8063 
   00716    0.4250   -1308.4208  0.8060 
   00717    0.4000   -1287.3508  0.7817 
   00718    0.4000   -1285.8715  0.7815 
   00719    0.4000   -1281.7801  0.7861 
   00720    0.3900   -1300.4052  0.7869 
   00721    0.4025   -1279.1394  0.7762 
   00722    0.4125   -1311.8608  0.7787 
   00723    0.4350   -1313.5636  0.7738 
   00724    0.3900   -1296.5380  0.7847 
   00725    0.3725   -1294.8219  0.7894 
   00726    0.3975   -1308.1094  0.7804 
   00727    0.3925   -1283.9134  0.7867 
   00728    0.3750   -1259.9356  0.7846 
   00729    0.3750   -1272.6719  0.7857 
   00730    0.4050   -1279.9580  0.7946 
   00731    0.3675   -1286.8341  0.8101 
   00732    0.4050   -1307.8486  0.8083 
   00733    0.3925   -1296.6364  0.7937 
   00734    0.3525   -1279.0267  0.7885 
   00735    0.3975   -1268.7288  0.7871 
   00736    0.3625   -1286.6652  0.7923 
   00737    0.4050   -1259.4746  0.7886 
   00738    0.4050   -1242.6557  0.7785 
   00739    0.4225   -1231.0371  0.7645 
   00740    0.4025   -1273.5381  0.7952 
   00741    0.4200   -1310.0020  0.7987 
   00742    0.3575   -1324.8122  0.8107 
   00743    0.4000   -1318.2618  0.8011 
   00744    0.3800   -1295.9131  0.7915 
   00745    0.3800   -1288.1762  0.7935 
   00746    0.3900   -1291.2872  0.7931 
   00747    0.3925   -1278.7627  0.7811 
   00748    0.4500   -1268.2777  0.7945 
   00749    0.3850   -1257.0351  0.7906 
   00750    0.3800   -1268.0088  0.7885 
   00751    0.4075   -1287.9014  0.8012 
   00752    0.4100   -1308.0962  0.8007 
   00753    0.3825   -1286.6907  0.7881 
   00754    0.3650   -1301.4802  0.7971 
   00755    0.3725   -1306.8807  0.7973 
   00756    0.3850   -1307.5554  0.7984 
   00757    0.3925   -1305.1598  0.8002 
   00758    0.4050   -1294.5553  0.7869 
   00759    0.4100   -1298.7508  0.7962 
   00760    0.3650   -1310.4866  0.7941 
   00761    0.3875   -1304.8608  0.7916 
   00762    0.4150   -1273.1771  0.7885 
   00763    0.4000   -1263.7529  0.7887 
   00764    0.3800   -1275.1227  0.7802 
   00765    0.3750   -1280.5654  0.7794 
   00766    0.4200   -1270.6998  0.7695 
   00767    0.3775   -1279.0957  0.7784 
   00768    0.3675   -1257.9161  0.7679 
   00769    0.3750   -1264.0641  0.7577 
   00770    0.3975   -1261.7910  0.7677 
   00771    0.4225   -1274.1785  0.7820 
   00772    0.4275   -1312.7292  0.8127 
   00773    0.3900   -1300.2353  0.8037 
   00774    0.3775   -1302.9363  0.8027 
   00775    0.4175   -1310.1344  0.8066 
   00776    0.3950   -1295.0474  0.8102 
   00777    0.4175   -1289.6071  0.8019 
   00778    0.3900   -1293.8531  0.8102 
   00779    0.4050   -1286.1566  0.8109 
   00780    0.4150   -1272.5047  0.7998 
   00781    0.4300   -1307.1789  0.8258 
   00782    0.4125   -1328.7792  0.8413 
   00783    0.3950   -1331.6969  0.8396 
   00784    0.4125   -1342.5142  0.8393 
   00785    0.3650   -1327.1950  0.8299 
   00786    0.4125   -1301.5781  0.8192 
   00787    0.4225   -1304.0230  0.8329 
   00788    0.4025   -1294.7895  0.8162 
   00789    0.4050   -1293.4202  0.8160 
   00790    0.3625   -1276.9945  0.7985 
   00791    0.4075   -1251.0082  0.7808 
   00792    0.4275   -1266.6186  0.7892 
   00793    0.3600   -1269.3040  0.7839 
   00794    0.3725   -1261.8342  0.7838 
   00795    0.4075   -1253.8689  0.7867 
   00796    0.3850   -1268.5746  0.7947 
   00797    0.3975   -1260.0341  0.7919 
   00798    0.3675   -1245.1904  0.7885 
   00799    0.3725   -1253.4147  0.7861 
   00800    0.3925   -1268.6607  0.7676 
   00801    0.4125   -1267.1460  0.7750 
   00802    0.4225   -1250.8526  0.7580 
   00803    0.4025   -1247.3259  0.7265 
   00804    0.3775   -1252.4732  0.7394 
   00805    0.4250   -1262.5676  0.7458 
   00806    0.3950   -1249.7602  0.7548 
   00807    0.4400   -1243.6796  0.7415 
   00808    0.3625   -1266.3924  0.7535 
   00809    0.4125   -1274.7720  0.7583 
   00810    0.4175   -1255.4063  0.7540 
   00811    0.4275   -1232.2564  0.7489 
   00812    0.4275   -1249.2064  0.7628 
   00813    0.3650   -1236.7157  0.7693 
   00814    0.3825   -1258.4371  0.7854 
   00815    0.4250   -1262.5893  0.7905 
   00816    0.4175   -1287.7096  0.8119 
   00817    0.4150   -1271.4012  0.8126 
   00818    0.4275   -1281.7405  0.8345 
   00819    0.4025   -1310.3341  0.8400 
   00820    0.4175   -1327.1812  0.8442 
   00821    0.3725   -1291.0489  0.8373 
   00822    0.4275   -1293.1314  0.8367 
   00823    0.3775   -1285.1342  0.8373 
   00824    0.3700   -1318.7525  0.8535 
   00825    0.3925   -1310.7802  0.8505 
   00826    0.3875   -1317.3790  0.8555 
   00827    0.3950   -1282.8393  0.8411 
   00828    0.4125   -1282.4732  0.8352 
   00829    0.3900   -1280.1610  0.8295 
   00830    0.4100   -1290.4030  0.8492 
   00831    0.4150   -1308.0990  0.8519 
   00832    0.3900   -1290.6924  0.8448 
   00833    0.4050   -1281.6321  0.8401 
   00834    0.4175   -1275.3490  0.8265 
   00835    0.3775   -1263.0454  0.8212 
   00836    0.4075   -1270.3713  0.8224 
   00837    0.3600   -1278.3101  0.8253 
   00838    0.4400   -1282.3560  0.8286 
   00839    0.3925   -1241.3883  0.8157 
   00840    0.4150   -1252.3999  0.8229 
   00841    0.4600   -1247.0223  0.8170 
   00842    0.4250   -1263.9491  0.8191 
   00843    0.3950   -1268.3534  0.8130 
   00844    0.4325   -1261.0365  0.8100 
   00845    0.3775   -1304.5841  0.8338 
   00846    0.4075   -1308.7991  0.8385 
   00847    0.4225   -1278.5020  0.8280 
   00848    0.4175   -1280.1408  0.8269 
   00849    0.4075   -1268.0349  0.8276 
   00850    0.4375   -1268.8040  0.8264 
   00851    0.3475   -1288.7603  0.8297 
   00852    0.3925   -1295.7984  0.8280 
   00853    0.4000   -1286.6890  0.8303 
   00854    0.3850   -1274.0113  0.8236 
   00855    0.4000   -1274.3456  0.8128 
   00856    0.3900   -1287.1605  0.8285 
   00857    0.4275   -1289.5206  0.8304 
   00858    0.3850   -1310.9468  0.8350 
   00859    0.3800   -1310.8469  0.8313 
   00860    0.4175   -1302.3567  0.8265 
   00861    0.3475   -1303.6478  0.8342 
   00862    0.4175   -1306.4712  0.8292 
   00863    0.4300   -1323.3523  0.8344 
   00864    0.3550   -1278.8151  0.8163 
   00865    0.3775   -1281.1516  0.8197 
   00866    0.4350   -1301.1301  0.8215 
   00867    0.4175   -1317.4896  0.8428 
   00868    0.3900   -1308.0780  0.8431 
   00869    0.3700   -1303.3180  0.8419 
   00870    0.3200   -1294.3869  0.8339 
   00871    0.3925   -1299.8758  0.8361 
   00872    0.3750   -1300.6472  0.8371 
   00873    0.4100   -1297.7098  0.8333 
   00874    0.3875   -1287.7860  0.8347 
   00875    0.3850   -1279.7803  0.8375 
   00876    0.4000   -1248.3842  0.8271 
   00877    0.4275   -1274.3910  0.8355 
   00878    0.4375   -1255.9469  0.8252 
   00879    0.3925   -1248.5448  0.8278 
   00880    0.4275   -1261.0184  0.8262 
   00881    0.3825   -1280.5026  0.8288 
   00882    0.4075   -1264.2595  0.8189 
   00883    0.4400   -1275.2338  0.8338 
   00884    0.4200   -1282.7336  0.8412 
   00885    0.4100   -1253.1898  0.8361 
   00886    0.3875   -1254.4142  0.8373 
   00887    0.4075   -1298.9533  0.8507 
   00888    0.4225   -1307.9148  0.8564 
   00889    0.3775   -1295.2445  0.8438 
   00890    0.4050   -1288.3695  0.8374 
   00891    0.3875   -1296.5217  0.8412 
   00892    0.3975   -1311.6307  0.8411 
   00893    0.3800   -1321.9134  0.8309 
   00894    0.3650   -1305.1631  0.8238 
   00895    0.3525   -1310.9901  0.8284 
   00896    0.3825   -1318.6330  0.8412 
   00897    0.3725   -1332.2640  0.8433 
   00898    0.4050   -1315.0356  0.8327 
   00899    0.4275   -1302.7986  0.8454 
   00900    0.4350   -1297.8082  0.8422 
   00901    0.3900   -1306.8074  0.8487 
   00902    0.3350   -1305.4921  0.8405 
   00903    0.4125   -1295.6827  0.8347 
   00904    0.3775   -1308.8783  0.8357 
   00905    0.3750   -1316.9100  0.8370 
   00906    0.4425   -1299.6412  0.8363 
   00907    0.3600   -1293.1525  0.8241 
   00908    0.3750   -1305.2290  0.8260 
   00909    0.3600   -1308.0465  0.8178 
   00910    0.4100   -1329.6127  0.8346 
   00911    0.4000   -1323.6264  0.8249 
   00912    0.4350   -1299.8787  0.8177 
   00913    0.4225   -1288.2354  0.7993 
   00914    0.3975   -1301.0166  0.8078 
   00915    0.3875   -1302.5888  0.8111 
   00916    0.4000   -1300.5871  0.8082 
   00917    0.4200   -1298.3640  0.7968 
   00918    0.4175   -1311.6569  0.8116 
   00919    0.4125   -1288.6084  0.8097 
   00920    0.4025   -1263.7838  0.8062 
   00921    0.4200   -1287.5274  0.8065 
   00922    0.3875   -1289.1639  0.7980 
   00923    0.3800   -1275.3575  0.7927 
   00924    0.4175   -1268.9117  0.7997 
   00925    0.3575   -1292.4682  0.8116 
   00926    0.3950   -1302.4924  0.8025 
   00927    0.4000   -1317.5664  0.8125 
   00928    0.4050   -1310.3892  0.8141 
   00929    0.4350   -1312.6768  0.8296 
   00930    0.4125   -1309.3197  0.8300 
   00931    0.4700   -1300.6186  0.8342 
   00932    0.3825   -1286.6564  0.8355 
   00933    0.3775   -1307.1336  0.8364 
   00934    0.3800   -1314.4493  0.8386 
   00935    0.3700   -1310.6768  0.8369 
   00936    0.3800   -1286.7115  0.8306 
   00937    0.4075   -1279.2011  0.8324 
   00938    0.4375   -1304.0266  0.8294 
   00939    0.3925   -1300.3017  0.8324 
   00940    0.3450   -1315.5885  0.8373 
   00941    0.4300   -1284.1347  0.8219 
   00942    0.3800   -1277.7648  0.8253 
   00943    0.4225   -1289.2134  0.8268 
   00944    0.3950   -1293.8424  0.8192 
   00945    0.3950   -1302.0284  0.8116 
   00946    0.4100   -1329.6282  0.8203 
   00947    0.4100   -1330.1521  0.8293 
   00948    0.3925   -1317.8597  0.8287 
   00949    0.4050   -1315.2276  0.8356 
   00950    0.3575   -1338.9682  0.8430 
   00951    0.4075   -1305.3487  0.8261 
   00952    0.3875   -1308.6896  0.8314 
   00953    0.3750   -1284.7549  0.8255 
   00954    0.4425   -1289.1825  0.8223 
   00955    0.4250   -1316.1654  0.8238 
   00956    0.3850   -1309.4320  0.8326 
   00957    0.3950   -1314.5327  0.8376 
   00958    0.3850   -1295.7157  0.8388 
   00959    0.4250   -1311.4646  0.8390 
   00960    0.4475   -1317.1510  0.8357 
   00961    0.3750   -1306.3266  0.8254 
   00962    0.3925   -1261.9457  0.8092 
   00963    0.3650   -1275.8607  0.8086 
   00964    0.3825   -1272.6873  0.8004 
   00965    0.4400   -1280.4574  0.7971 
   00966    0.4150   -1267.0427  0.7887 
   00967    0.3950   -1254.4098  0.7801 
   00968    0.3575   -1257.8385  0.7920 
   00969    0.4475   -1269.6792  0.7957 
   00970    0.4300   -1266.5833  0.7858 
   00971    0.3950   -1278.7697  0.7958 
   00972    0.4150   -1285.6675  0.7945 
   00973    0.3350   -1282.3544  0.7913 
   00974    0.4100   -1287.2600  0.8079 
   00975    0.3725   -1318.5495  0.8178 
   00976    0.4075   -1297.5942  0.8126 
   00977    0.4025   -1297.6051  0.8116 
   00978    0.4025   -1315.3710  0.8278 
   00979    0.3950   -1319.3197  0.8295 
   00980    0.4300   -1328.8759  0.8339 
   00981    0.3650   -1325.0794  0.8199 
   00982    0.3950   -1309.0384  0.8215 
   00983    0.3925   -1297.8106  0.8105 
   00984    0.4000   -1290.0596  0.7994 
   00985    0.3625   -1307.4716  0.7919 
   00986    0.4125   -1323.8242  0.7827 
   00987    0.3450   -1309.6774  0.7852 
   00988    0.4075   -1300.9753  0.7902 
   00989    0.3875   -1297.1228  0.7748 
   00990    0.4125   -1308.8859  0.7824 
   00991    0.3800   -1294.4807  0.7710 
   00992    0.4150   -1307.3619  0.7793 
   00993    0.3750   -1305.9840  0.7811 
   00994    0.4300   -1294.4460  0.7839 
   00995    0.4050   -1272.4937  0.7552 
   00996    0.3950   -1262.1696  0.7507 
   00997    0.4350   -1282.0870  0.7496 
   00998    0.3725   -1279.8093  0.7407 
   00999    0.3750   -1283.6872  0.7295 
   01000    0.3625   -1300.5537  0.7218 
