#=====================================================
# File created:        Sun-01-Mar-2026-at-11-53-18AM
# Size of lattice:     20x20
# Number of MC steps:  1000
# Reduced temperature: 0.650
# Run time (s):        1.916984
#=====================================================
# MC step:  Ratio:     Energy:   Order:
#=====================================================
   00000    0.5000    -387.5365  0.2779 
   00001    0.6650    -603.9660  0.2850 
   00002    0.6775    -691.6226  0.2897 
   00003    0.6100    -788.6808  0.2935 
   00004    0.5275    -866.7451  0.3065 
   00005    0.5050    -941.0121  0.2914 
   00006    0.4950    -974.3888  0.3125 
   00007    0.4900    -986.3190  0.3122 
   00008    0.5100   -1008.8491  0.3246 
   00009    0.4625   -1008.5616  0.3587 
   00010    0.4400   -1027.3703  0.3712 
   00011    0.5075   -1027.9399  0.4085 
   00012    0.4475   -1059.2985  0.4355 
   00013    0.5200   -1110.9189  0.4282 
   00014    0.4700   -1108.8832  0.4154 
   00015    0.4375   -1107.7053  0.4043 
   00016    0.4550   -1136.3002  0.4140 
   00017    0.4425   -1168.6549  0.4281 
   00018    0.4225   -1178.9875  0.4179 
   00019    0.4375   -1177.9291  0.4363 
   00020    0.4600   -1198.0987  0.4479 
   00021    0.4050   -1189.5667  0.4664 
   00022    0.4450   -1172.6274  0.4567 
   00023    0.4650   -1164.1724  0.4437 
   00024    0.3775   -1171.7096  0.4421 
   00025    0.4175   -1169.0171  0.4303 
   00026    0.4425   -1172.5260  0.4346 
   00027    0.4400   -1160.7242  0.4254 
   00028    0.4200   -1157.3765  0.4542 
   00029    0.4275   -1167.9692  0.4641 
   00030    0.4300   -1162.7319  0.4557 
   00031    0.4725   -1173.2096  0.4503 
   00032    0.3900   -1180.8727  0.4605 
   00033    0.4100   -1186.5708  0.4911 
   00034    0.4625   -1177.2597  0.4932 
   00035    0.4250   -1181.1538  0.4945 
   00036    0.4225   -1168.8282  0.5110 
   00037    0.4325   -1178.4119  0.5281 
   00038    0.4175   -1180.8254  0.5159 
   00039    0.4300   -1178.0733  0.4973 
   00040    0.4400   -1185.3340  0.5103 
   00041    0.3825   -1206.2878  0.5226 
   00042    0.4375   -1219.1047  0.5240 
   00043    0.4175   -1216.5755  0.5414 
   00044    0.4175   -1210.7802  0.5644 
   00045    0.4350   -1195.3014  0.5602 
   00046    0.4125   -1202.9962  0.5705 
   00047    0.4525   -1217.9924  0.5875 
   00048    0.4450   -1217.3330  0.5962 
   00049    0.4075   -1212.9192  0.6025 
   00050    0.4100   -1201.0369  0.5865 
   00051    0.3550   -1187.4841  0.5933 
   00052    0.4250   -1178.7951  0.5788 
   00053    0.4425   -1191.6125  0.5952 
   00054    0.4150   -1188.1712  0.6138 
   00055    0.4250   -1188.5833  0.6170 
   00056    0.4425   -1173.9697  0.6228 
   00057    0.4475   -1188.6083  0.6114 
   00058    0.4325   -1210.0906  0.6265 
   00059    0.3925   -1211.9516  0.6343 
   00060    0.4550   -1204.3066  0.6427 
   00061    0.4425   -1219.1892  0.6531 
   00062    0.4125   -1224.3726  0.6655 
   00063    0.4850   -1230.6273  0.6653 
   00064    0.3975   -1232.4106  0.6606 
   00065    0.3950   -1229.6236  0.6585 
   00066    0.4425   -1235.9152  0.6754 
   00067    0.4550   -1234.2776  0.6817 
   00068    0.4200   -1241.7862  0.6906 
   00069    0.3900   -1256.7955  0.6975 
   00070    0.3700   -1272.2872  0.6967 
   00071    0.4150   -1272.6298  0.7066 
   00072    0.4375   -1251.4084  0.7039 
   00073    0.4300   -1240.3668  0.7232 
   00074    0.4175   -1269.4956  0.7294 
   00075    0.4050   -1252.0986  0.7323 
   00076    0.3950   -1265.3993  0.7493 
   00077    0.4150   -1250.0762  0.7496 
   00078    0.4325   -1264.9023  0.7487 
   00079    0.4325   -1260.1238  0.7552 
   00080    0.3600   -1292.6883  0.7643 
   00081    0.4100   -1274.9725  0.7735 
   00082    0.4200   -1254.4278  0.7642 
   00083    0.4450   -1253.0539  0.7679 
   00084    0.3950   -1252.1743  0.7623 
   00085    0.4050   -1257.6639  0.7733 
   00086    0.4000   -1279.9044  0.7986 
   00087    0.3875   -1270.9193  0.7941 
   00088    0.3350   -1281.3248  0.7968 
   00089    0.4100   -1289.9256  0.8000 
   00090    0.3775   -1293.7289  0.7996 
   00091    0.4125   -1271.6300  0.8027 
   00092    0.3775   -1288.3845  0.8139 
   00093    0.3775   -1270.3963  0.8057 
   00094    0.3675   -1287.9501  0.8097 
   00095    0.4100   -1266.9802  0.7997 
   00096    0.3975   -1283.9111  0.8059 
   00097    0.3925   -1285.0360  0.8083 
   00098    0.3925   -1285.5001  0.8058 
   00099    0.3950   -1259.6669  0.7978 
   00100    0.3850   -1266.3858  0.8069 
   00101    0.4325   -1264.1470  0.7971 
   00102    0.3975   -1269.1360  0.7979 
   00103    0.3850   -1297.2886  0.8129 
   00104    0.3950   -1299.9692  0.8211 
   00105    0.3775   -1303.7312  0.8176 
   00106    0.3650   -1289.2016  0.8278 
   00107    0.4050   -1292.2751  0.8316 
   00108    0.3750   -1303.3799  0.8416 
   00109    0.3950   -1279.7099  0.8359 
   00110    0.3950   -1263.7359  0.8254 
   00111    0.3900   -1298.2756  0.8449 
   00112    0.4000   -1284.0378  0.8350 
   00113    0.3725   -1283.9667  0.8233 
   00114    0.4050   -1283.5781  0.8172 
   00115    0.3850   -1278.1038  0.8162 
   00116    0.4100   -1277.9798  0.8245 
   00117    0.3875   -1248.1384  0.8121 
   00118    0.4225   -1265.4642  0.8068 
   00119    0.4025   -1287.3409  0.8138 
   00120    0.4200   -1299.7736  0.8198 
   00121    0.3975   -1290.9276  0.8160 
   00122    0.3975   -1277.3677  0.8013 
   00123    0.4175   -1289.7173  0.8046 
   00124    0.3700   -1288.4336  0.8061 
   00125    0.3500   -1280.5063  0.7948 
   00126    0.3875   -1268.6155  0.7944 
   00127    0.4375   -1268.6546  0.7884 
   00128    0.3750   -1277.6906  0.7953 
   00129    0.4075   -1259.6743  0.7957 
   00130    0.3800   -1280.4664  0.7980 
   00131    0.3750   -1271.0840  0.7736 
   00132    0.4025   -1280.6068  0.7827 
   00133    0.3950   -1292.3464  0.7834 
   00134    0.4225   -1297.7025  0.7894 
   00135    0.4100   -1301.3724  0.7815 
   00136    0.3775   -1316.9543  0.7901 
   00137    0.4200   -1285.6629  0.7710 
   00138    0.4350   -1259.1270  0.7693 
   00139    0.4250   -1267.2116  0.7734 
   00140    0.4400   -1269.1434  0.7723 
   00141    0.3600   -1283.5960  0.7863 
   00142    0.3625   -1272.2812  0.7834 
   00143    0.3650   -1257.0030  0.7708 
   00144    0.3875   -1272.7907  0.7810 
   00145    0.3975   -1269.4741  0.7811 
   00146    0.3875   -1253.1389  0.7762 
   00147    0.4075   -1229.6935  0.7759 
   00148    0.4075   -1226.3518  0.7716 
   00149    0.3425   -1229.3873  0.7704 
   00150    0.3800   -1236.2399  0.7755 
   00151    0.3850   -1249.2405  0.7738 
   00152    0.3800   -1253.8468  0.7735 
   00153    0.4175   -1268.3376  0.7646 
   00154    0.3925   -1286.3637  0.7685 
   00155    0.4075   -1293.8137  0.7906 
   00156    0.3800   -1290.8319  0.7916 
   00157    0.3725   -1283.0365  0.7774 
   00158    0.4200   -1292.4130  0.7716 
   00159    0.3850   -1300.7755  0.7741 
   00160    0.3750   -1274.6891  0.7772 
   00161    0.4150   -1267.1505  0.7670 
   00162    0.3700   -1273.2895  0.7624 
   00163    0.4100   -1273.3563  0.7676 
   00164    0.3975   -1265.0811  0.7540 
   00165    0.4100   -1287.6220  0.7608 
   00166    0.3975   -1310.2837  0.7796 
   00167    0.4250   -1296.6019  0.7770 
   00168    0.4025   -1295.8547  0.7760 
   00169    0.3900   -1251.6307  0.7679 
   00170    0.4225   -1260.5524  0.7703 
   00171    0.3975   -1252.3054  0.7730 
   00172    0.4625   -1272.1127  0.7739 
   00173    0.4125   -1272.2560  0.7727 
   00174    0.4300   -1257.6607  0.7611 
   00175    0.4350   -1241.8689  0.7534 
   00176    0.3825   -1271.7363  0.7698 
   00177    0.4250   -1282.6571  0.7750 
   00178    0.4050   -1313.9835  0.7889 
   00179    0.4050   -1327.5875  0.7804 
   00180    0.3675   -1310.2816  0.7655 
   00181    0.4250   -1304.8318  0.7752 
   00182    0.4000   -1289.3554  0.7725 
   00183    0.4125   -1288.7234  0.7796 
   00184    0.4150   -1300.7782  0.7825 
   00185    0.3700   -1270.4578  0.7716 
   00186    0.4050   -1312.2387  0.8024 
   00187    0.3650   -1309.9059  0.8000 
   00188    0.3925   -1309.4651  0.7985 
   00189    0.3575   -1297.2605  0.8002 
   00190    0.4250   -1288.1242  0.7973 
   00191    0.4250   -1286.6226  0.8105 
   00192    0.3825   -1290.1110  0.8030 
   00193    0.3675   -1285.9625  0.7977 
   00194    0.4250   -1295.1151  0.8123 
   00195    0.4600   -1316.6534  0.8228 
   00196    0.3675   -1298.0809  0.8257 
   00197    0.3825   -1306.4862  0.8355 
   00198    0.3700   -1281.6601  0.8315 
   00199    0.4575   -1271.6680  0.8311 
   00200    0.4225   -1247.0871  0.8169 
   00201    0.4500   -1245.4681  0.8189 
   00202    0.4025   -1269.2209  0.8259 
   00203    0.4200   -1294.3247  0.8309 
   00204    0.3400   -1291.9676  0.8316 
   00205    0.4150   -1289.8358  0.8152 
   00206    0.3700   -1292.5400  0.8072 
   00207    0.4175   -1305.0735  0.8088 
   00208    0.3950   -1286.6312  0.8063 
   00209    0.3750   -1283.7067  0.7915 
   00210    0.4300   -1278.4172  0.7964 
   00211    0.3925   -1249.3835  0.7802 
   00212    0.4200   -1276.1959  0.7888 
   00213    0.3800   -1285.3932  0.8071 
   00214    0.3925   -1289.7282  0.8198 
   00215    0.3775   -1296.7768  0.8290 
   00216    0.3875   -1308.7046  0.8363 
   00217    0.4000   -1294.0143  0.8345 
   00218    0.3825   -1309.7269  0.8395 
   00219    0.3375   -1299.1111  0.8352 
   00220    0.4225   -1285.4462  0.8323 
   00221    0.4500   -1266.5057  0.8259 
   00222    0.3625   -1283.1140  0.8397 
   00223    0.3650   -1306.6232  0.8440 
   00224    0.4050   -1319.4203  0.8560 
   00225    0.3875   -1336.9992  0.8579 
   00226    0.3625   -1323.1472  0.8509 
   00227    0.3925   -1324.5970  0.8502 
   00228    0.3425   -1342.9853  0.8531 
   00229    0.4025   -1325.3293  0.8496 
   00230    0.3775   -1297.2527  0.8311 
   00231    0.3975   -1309.7884  0.8360 
   00232    0.3975   -1317.2593  0.8349 
   00233    0.4375   -1284.4398  0.8192 
   00234    0.4225   -1276.8306  0.8188 
   00235    0.3875   -1290.3322  0.8179 
   00236    0.4025   -1282.8598  0.8228 
   00237    0.3975   -1273.2971  0.8244 
   00238    0.3900   -1286.4780  0.8321 
   00239    0.4075   -1292.7193  0.8316 
   00240    0.3825   -1303.9694  0.8307 
   00241    0.3875   -1302.5104  0.8305 
   00242    0.3675   -1283.7589  0.8213 
   00243    0.4375   -1271.4532  0.8061 
   00244    0.3875   -1278.4847  0.8050 
   00245    0.3800   -1274.1489  0.8014 
   00246    0.4075   -1265.0305  0.8017 
   00247    0.4075   -1289.3821  0.8052 
   00248    0.4050   -1277.2805  0.8079 
   00249    0.4500   -1297.0919  0.8133 
   00250    0.4375   -1311.1273  0.8136 
   00251    0.3650   -1284.4829  0.8113 
   00252    0.3875   -1303.1825  0.8096 
   00253    0.3900   -1291.3016  0.8134 
   00254    0.4050   -1282.3273  0.8167 
   00255    0.4050   -1255.1529  0.8136 
   00256    0.3950   -1272.6092  0.8257 
   00257    0.3950   -1273.1420  0.8128 
   00258    0.3875   -1298.2820  0.8213 
   00259    0.3950   -1308.3340  0.8209 
   00260    0.4100   -1271.6053  0.8110 
   00261    0.3850   -1262.2565  0.8023 
   00262    0.4275   -1286.9103  0.8070 
   00263    0.3625   -1283.3435  0.8046 
   00264    0.3875   -1292.3122  0.8077 
   00265    0.3725   -1308.6756  0.8104 
   00266    0.4400   -1300.0298  0.8109 
   00267    0.4075   -1303.8321  0.8204 
   00268    0.3975   -1293.8468  0.8206 
   00269    0.3700   -1275.9194  0.8122 
   00270    0.4125   -1263.6771  0.7982 
   00271    0.3950   -1267.3170  0.7980 
   00272    0.4700   -1258.4117  0.8081 
   00273    0.3850   -1269.2254  0.8089 
   00274    0.4175   -1277.6895  0.7996 
   00275    0.4300   -1286.3486  0.8142 
   00276    0.3825   -1272.3833  0.8095 
   00277    0.4025   -1270.8671  0.8121 
   00278    0.4075   -1284.0180  0.8034 
   00279    0.3950   -1274.6966  0.8118 
   00280    0.4275   -1262.7030  0.7961 
   00281    0.4100   -1272.8739  0.8045 
   00282    0.4200   -1284.2874  0.8180 
   00283    0.4000   -1297.4353  0.8206 
   00284    0.4125   -1316.5584  0.8391 
   00285    0.3850   -1312.4972  0.8336 
   00286    0.3900   -1327.2977  0.8436 
   00287    0.3975   -1325.4581  0.8493 
   00288    0.3475   -1339.3855  0.8526 
   00289    0.3875   -1329.4852  0.8391 
   00290    0.4125   -1308.3464  0.8246 
   00291    0.4100   -1279.9463  0.8169 
   00292    0.3975   -1280.0206  0.8312 
   00293    0.3900   -1288.0617  0.8311 
   00294    0.4175   -1264.3739  0.8304 
   00295    0.4050   -1280.2400  0.8329 
   00296    0.3925   -1284.2835  0.8293 
   00297    0.4575   -1296.4311  0.8309 
   00298    0.4025   -1302.3707  0.8362 
   00299    0.4000   -1293.0252  0.8270 
   00300    0.3525   -1293.1638  0.8266 
   00301    0.3900   -1289.7183  0.8219 
   00302    0.4250   -1289.9338  0.8219 
   00303    0.4225   -1298.8631  0.8194 
   00304    0.4000   -1302.4381  0.8274 
   00305    0.4100   -1295.6800  0.8357 
   00306    0.3900   -1291.9872  0.8275 
   00307    0.4050   -1291.0453  0.8366 
   00308    0.3675   -1288.2730  0.8324 
   00309    0.3950   -1290.6955  0.8354 
   00310    0.3425   -1291.8515  0.8311 
   00311    0.3625   -1303.0643  0.8383 
   00312    0.4150   -1313.5075  0.8430 
   00313    0.4000   -1280.7898  0.8280 
   00314    0.3850   -1269.5716  0.8285 
   00315    0.4200   -1296.4378  0.8431 
   00316    0.3600   -1297.9777  0.8371 
   00317    0.4025   -1300.5697  0.8420 
   00318    0.4100   -1298.1169  0.8466 
   00319    0.3575   -1310.0118  0.8506 
   00320    0.3800   -1313.6883  0.8490 
   00321    0.4275   -1311.4487  0.8453 
   00322    0.4025   -1290.8737  0.8434 
   00323    0.3925   -1252.8393  0.8301 
   00324    0.4300   -1262.0905  0.8342 
   00325    0.3800   -1281.9639  0.8422 
   00326    0.4175   -1283.7268  0.8383 
   00327    0.4100   -1298.2116  0.8386 
   00328    0.4175   -1284.6170  0.8396 
   00329    0.4300   -1301.4547  0.8398 
   00330    0.3950   -1314.8086  0.8476 
   00331    0.4100   -1326.1579  0.8456 
   00332    0.3900   -1325.5781  0.8363 
   00333    0.3900   -1309.6083  0.8393 
   00334    0.4025   -1313.9001  0.8409 
   00335    0.4175   -1319.2105  0.8484 
   00336    0.3675   -1310.9719  0.8432 
   00337    0.4250   -1304.7595  0.8483 
   00338    0.4075   -1328.2897  0.8555 
   00339    0.4375   -1312.3683  0.8519 
   00340    0.4325   -1289.1094  0.8405 
   00341    0.4325   -1285.7809  0.8384 
   00342    0.3925   -1288.0125  0.8382 
   00343    0.4050   -1287.4612  0.8357 
   00344    0.4050   -1297.6359  0.8480 
   00345    0.3975   -1291.3794  0.8498 
   00346    0.3575   -1308.5324  0.8597 
   00347    0.4250   -1282.0508  0.8551 
   00348    0.3950   -1292.2812  0.8586 
   00349    0.4300   -1283.1015  0.8431 
   00350    0.3850   -1294.0305  0.8462 
   00351    0.4175   -1303.9371  0.8397 
   00352    0.3900   -1290.9127  0.8336 
   00353    0.4075   -1277.2937  0.8289 
   00354    0.4200   -1304.3038  0.8394 
   00355    0.4350   -1312.7016  0.8373 
   00356    0.3850   -1304.9377  0.8325 
   00357    0.3725   -1293.5988  0.8359 
   00358    0.4150   -1280.8914  0.8354 
   00359    0.3625   -1311.2055  0.8472 
   00360    0.3875   -1326.5706  0.8506 
   00361    0.3700   -1326.1027  0.8535 
   00362    0.3275   -1331.2973  0.8566 
   00363    0.3975   -1323.7130  0.8638 
   00364    0.4150   -1338.4038  0.8680 
   00365    0.3525   -1376.2091  0.8720 
   00366    0.3625   -1372.0250  0.8668 
   00367    0.3350   -1370.2495  0.8666 
   00368    0.3900   -1339.9002  0.8540 
   00369    0.4300   -1331.9006  0.8413 
   00370    0.4025   -1333.9744  0.8377 
   00371    0.3825   -1326.1099  0.8334 
   00372    0.4075   -1295.9581  0.8351 
   00373    0.3975   -1300.1903  0.8364 
   00374    0.3925   -1278.0667  0.8243 
   00375    0.4050   -1282.8048  0.8239 
   00376    0.4375   -1267.9263  0.8122 
   00377    0.3975   -1267.0788  0.8145 
   00378    0.4100   -1251.1365  0.8189 
   00379    0.4650   -1259.3475  0.8202 
   00380    0.4125   -1279.1584  0.8250 
   00381    0.3925   -1294.7583  0.8306 
   00382    0.3975   -1287.8580  0.8312 
   00383    0.4000   -1305.7034  0.8282 
   00384    0.4075   -1318.5543  0.8339 
   00385    0.4100   -1316.8435  0.8404 
   00386    0.3875   -1308.0915  0.8391 
   00387    0.3725   -1306.8154  0.8276 
   00388    0.3850   -1306.0884  0.8195 
   00389    0.4100   -1299.6252  0.8111 
   00390    0.4100   -1300.2996  0.8088 
   00391    0.3725   -1312.4479  0.8142 
   00392    0.3525   -1305.5787  0.8066 
   00393    0.3475   -1311.7019  0.8112 
   00394    0.3975   -1293.6251  0.8049 
   00395    0.3875   -1293.9794  0.8099 
   00396    0.4425   -1295.9435  0.8016 
   00397    0.3300   -1289.6090  0.7958 
   00398    0.4075   -1292.6049  0.7876 
   00399    0.3900   -1278.1366  0.7821 
   00400    0.4150   -1254.3767  0.7765 
   00401    0.4200   -1276.4672  0.7782 
   00402    0.3525   -1239.3959  0.7670 
   00403    0.4325   -1233.8691  0.7657 
   00404    0.4025   -1235.0052  0.7529 
   00405    0.3575   -1236.2188  0.7424 
   00406    0.4275   -1230.3318  0.7490 
   00407    0.4200   -1243.8109  0.7603 
   00408    0.4350   -1247.6563  0.7621 
   00409    0.4325   -1255.7108  0.7583 
   00410    0.4425   -1257.8373  0.7667 
   00411    0.3950   -1266.8456  0.7794 
   00412    0.4050   -1250.0945  0.7757 
   00413    0.3675   -1234.0641  0.7534 
   00414    0.3925   -1228.2977  0.7564 
   00415    0.4350   -1245.6920  0.7626 
   00416    0.4200   -1280.5092  0.7735 
   00417    0.4475   -1291.2776  0.7755 
   00418    0.3750   -1284.4630  0.7574 
   00419    0.3775   -1272.5214  0.7630 
   00420    0.3825   -1280.8701  0.7632 
   00421    0.3950   -1297.8668  0.7723 
   00422    0.4025   -1296.9194  0.7743 
   00423    0.3975   -1279.9038  0.7721 
   00424    0.4300   -1297.2010  0.7848 
   00425    0.3750   -1272.5838  0.7677 
   00426    0.3450   -1271.7357  0.7672 
   00427    0.3800   -1263.1184  0.7691 
   00428    0.4375   -1250.3339  0.7808 
   00429    0.4025   -1259.4631  0.7774 
   00430    0.4000   -1287.6120  0.7762 
   00431    0.3925   -1278.6576  0.7756 
   00432    0.3875   -1284.6926  0.7903 
   00433    0.3775   -1277.1509  0.7910 
   00434    0.4325   -1289.3078  0.7892 
   00435    0.4350   -1263.4121  0.7740 
   00436    0.3700   -1271.6818  0.7598 
   00437    0.4350   -1268.3698  0.7571 
   00438    0.3875   -1273.5234  0.7723 
   00439    0.4575   -1259.2300  0.7578 
   00440    0.3700   -1269.1612  0.7552 
   00441    0.4050   -1292.9938  0.7593 
   00442    0.3600   -1290.9146  0.7572 
   00443    0.4175   -1293.5555  0.7664 
   00444    0.4125   -1272.6353  0.7707 
   00445    0.4100   -1256.8348  0.7692 
   00446    0.3750   -1260.1844  0.7721 
   00447    0.3825   -1282.6030  0.7764 
   00448    0.4450   -1315.2325  0.7869 
   00449    0.3975   -1300.5640  0.7790 
   00450    0.4050   -1286.0308  0.7710 
   00451    0.3675   -1292.9523  0.7623 
   00452    0.4050   -1286.9178  0.7699 
   00453    0.4025   -1309.8964  0.7726 
   00454    0.3725   -1296.1570  0.7720 
   00455    0.3875   -1304.1114  0.7748 
   00456    0.4000   -1310.6436  0.7742 
   00457    0.4100   -1296.4697  0.7781 
   00458    0.3925   -1274.1990  0.7711 
   00459    0.3625   -1274.5473  0.7696 
   00460    0.4075   -1258.7371  0.7670 
   00461    0.4000   -1247.3353  0.7685 
   00462    0.4050   -1266.4894  0.7564 
   00463    0.4025   -1250.7204  0.7606 
   00464    0.4150   -1275.4519  0.7668 
   00465    0.4175   -1293.3418  0.7662 
   00466    0.3525   -1298.5668  0.7749 
   00467    0.4200   -1278.4010  0.7631 
   00468    0.3550   -1291.3765  0.7771 
   00469    0.3850   -1299.9216  0.7775 
   00470    0.4200   -1263.8412  0.7738 
   00471    0.4400   -1262.8952  0.7624 
   00472    0.4200   -1258.1872  0.7480 
   00473    0.3550   -1274.5254  0.7627 
   00474    0.3950   -1263.8341  0.7737 
   00475    0.4050   -1271.4675  0.7949 
   00476    0.3950   -1295.0230  0.7958 
   00477    0.3925   -1292.8917  0.7950 
   00478    0.4200   -1285.3768  0.7943 
   00479    0.3325   -1306.1299  0.7946 
   00480    0.3700   -1320.8314  0.7895 
   00481    0.3800   -1320.7492  0.7967 
   00482    0.4225   -1335.8790  0.8064 
   00483    0.4050   -1327.7115  0.8033 
   00484    0.4175   -1324.6102  0.7904 
   00485    0.3875   -1307.4069  0.7893 
   00486    0.4350   -1311.4810  0.7806 
   00487    0.4150   -1308.2125  0.7767 
   00488    0.3700   -1306.1335  0.7757 
   00489    0.3975   -1327.5345  0.7984 
   00490    0.3950   -1328.1040  0.8081 
   00491    0.4050   -1308.3342  0.7906 
   00492    0.3850   -1301.1426  0.7979 
   00493    0.3900   -1323.6144  0.7990 
   00494    0.4125   -1295.4970  0.7930 
   00495    0.4525   -1282.0114  0.7793 
   00496    0.4375   -1276.3749  0.7817 
   00497    0.4100   -1254.5613  0.7874 
   00498    0.4375   -1252.7018  0.7831 
   00499    0.4050   -1242.4250  0.7839 
   00500    0.4450   -1259.8192  0.7888 
   00501    0.3675   -1268.1083  0.7892 
   00502    0.4000   -1263.9683  0.7803 
   00503    0.3925   -1287.0596  0.7906 
   00504    0.3700   -1280.7516  0.7858 
   00505    0.3775   -1262.5370  0.7793 
   00506    0.4400   -1252.2921  0.7875 
   00507    0.3900   -1263.1456  0.7863 
   00508    0.3950   -1288.9385  0.7986 
   00509    0.3650   -1317.5063  0.8181 
   00510    0.3975   -1299.8606  0.8307 
   00511    0.3800   -1289.4092  0.8261 
   00512    0.3775   -1288.8450  0.8195 
   00513    0.3625   -1272.9618  0.8017 
   00514    0.4275   -1295.7508  0.8120 
   00515    0.3975   -1284.6576  0.8038 
   00516    0.3900   -1271.1360  0.8087 
   00517    0.3750   -1272.2455  0.7989 
   00518    0.4175   -1253.1685  0.7722 
   00519    0.3850   -1246.0535  0.7750 
   00520    0.3775   -1262.4587  0.7791 
   00521    0.3550   -1289.9807  0.7797 
   00522    0.3725   -1295.2152  0.7800 
   00523    0.4025   -1285.7000  0.7802 
   00524    0.4125   -1304.3418  0.7991 
   00525    0.4050   -1283.4077  0.7945 
   00526    0.3625   -1286.4726  0.8007 
   00527    0.3950   -1282.1944  0.8000 
   00528    0.4025   -1276.5584  0.7991 
   00529    0.4425   -1283.5052  0.8030 
   00530    0.3750   -1281.2570  0.8017 
   00531    0.4075   -1274.3466  0.7998 
   00532    0.3925   -1263.3885  0.8089 
   00533    0.3725   -1252.1960  0.7937 
   00534    0.4375   -1264.3372  0.7860 
   00535    0.3800   -1272.3827  0.7813 
   00536    0.4600   -1281.5586  0.7840 
   00537    0.3800   -1277.7913  0.7763 
   00538    0.3975   -1245.8886  0.7639 
   00539    0.4125   -1242.2146  0.7563 
   00540    0.3900   -1261.4744  0.7570 
   00541    0.3975   -1263.1900  0.7549 
   00542    0.3500   -1266.5498  0.7644 
   00543    0.4375   -1261.9291  0.7534 
   00544    0.3925   -1261.5383  0.7568 
   00545    0.3900   -1264.5506  0.7476 
   00546    0.3725   -1267.7749  0.7493 
   00547    0.3925   -1256.4918  0.7571 
   00548    0.3875   -1244.8771  0.7601 
   00549    0.3750   -1219.5884  0.7655 
   00550    0.3775   -1218.1834  0.7677 
   00551    0.4025   -1210.5085  0.7629 
   00552    0.4225   -1243.5949  0.7722 
   00553    0.3700   -1236.6381  0.7598 
   00554    0.4325   -1250.2143  0.7613 
   00555    0.4075   -1260.3188  0.7541 
   00556    0.4000   -1271.9885  0.7615 
   00557    0.4050   -1280.9690  0.7627 
   00558    0.4200   -1292.1258  0.7804 
   00559    0.3700   -1287.7700  0.7846 
   00560    0.3800   -1278.5483  0.7806 
   00561    0.3875   -1288.5301  0.7858 
   00562    0.4025   -1315.9401  0.7995 
   00563    0.3675   -1310.8715  0.7990 
   00564    0.4600   -1289.6713  0.7881 
   00565    0.4025   -1301.2620  0.7869 
   00566    0.3725   -1290.3792  0.7910 
   00567    0.4450   -1294.0766  0.7917 
   00568    0.3975   -1283.9524  0.7950 
   00569    0.4075   -1267.2151  0.7911 
   00570    0.4100   -1268.6629  0.7932 
   00571    0.4175   -1246.9049  0.7830 
   00572    0.4050   -1272.0574  0.7764 
   00573    0.3900   -1248.7936  0.7696 
   00574    0.4475   -1267.5465  0.7934 
   00575    0.4200   -1258.1594  0.7918 
   00576    0.3775   -1282.8100  0.7907 
   00577    0.3850   -1273.8073  0.7794 
   00578    0.4225   -1258.7766  0.7753 
   00579    0.4275   -1261.1088  0.7938 
   00580    0.3550   -1254.3672  0.7754 
   00581    0.3975   -1261.7336  0.7838 
   00582    0.4375   -1293.3994  0.7899 
   00583    0.4075   -1273.7199  0.7805 
   00584    0.4050   -1242.9013  0.7578 
   00585    0.4325   -1232.7442  0.7464 
   00586    0.3775   -1223.6658  0.7550 
   00587    0.3850   -1238.2258  0.7432 
   00588    0.3575   -1255.4324  0.7536 
   00589    0.4200   -1265.7897  0.7333 
   00590    0.3925   -1267.0732  0.7276 
   00591    0.3400   -1263.4889  0.7188 
   00592    0.4275   -1247.1062  0.7083 
   00593    0.4025   -1269.5391  0.7177 
   00594    0.3450   -1265.2697  0.7137 
   00595    0.4250   -1268.1512  0.7233 
   00596    0.4075   -1257.1203  0.7152 
   00597    0.4075   -1253.2904  0.6982 
   00598    0.4375   -1254.8244  0.7092 
   00599    0.4225   -1272.0114  0.7110 
   00600    0.3925   -1277.1431  0.7190 
   00601    0.4200   -1284.9976  0.7191 
   00602    0.3750   -1262.7639  0.7085 
   00603    0.4175   -1237.5878  0.6886 
   00604    0.4175   -1233.3819  0.6785 
   00605    0.3925   -1228.5537  0.6799 
   00606    0.3700   -1227.3840  0.6784 
   00607    0.3425   -1233.6699  0.6790 
   00608    0.4300   -1239.2508  0.6760 
   00609    0.3750   -1232.2680  0.6795 
   00610    0.3650   -1233.9173  0.6778 
   00611    0.4225   -1236.2675  0.6623 
   00612    0.4200   -1217.8979  0.6536 
   00613    0.4075   -1195.8297  0.6537 
   00614    0.3975   -1231.7925  0.6567 
   00615    0.4025   -1252.3495  0.6572 
   00616    0.4600   -1266.4533  0.6927 
   00617    0.4075   -1258.5050  0.6745 
   00618    0.3925   -1254.9618  0.6737 
   00619    0.4250   -1269.3280  0.6819 
   00620    0.4175   -1258.9925  0.6796 
   00621    0.4375   -1237.0817  0.6737 
   00622    0.3950   -1232.5055  0.6737 
   00623    0.4050   -1239.6443  0.6805 
   00624    0.3575   -1243.7197  0.6993 
   00625    0.4350   -1288.7767  0.7042 
   00626    0.3875   -1292.9497  0.7068 
   00627    0.3975   -1298.4539  0.7242 
   00628    0.3875   -1279.2314  0.7303 
   00629    0.3900   -1274.4474  0.7214 
   00630    0.4000   -1277.3291  0.7327 
   00631    0.3800   -1259.8470  0.7291 
   00632    0.4200   -1290.6986  0.7436 
   00633    0.4000   -1282.1533  0.7333 
   00634    0.3800   -1269.2519  0.7152 
   00635    0.4225   -1267.9380  0.7210 
   00636    0.4025   -1253.7289  0.7196 
   00637    0.4050   -1259.7829  0.7342 
   00638    0.3675   -1276.9305  0.7275 
   00639    0.3850   -1278.8928  0.7291 
   00640    0.4300   -1279.4974  0.7431 
   00641    0.4200   -1268.0754  0.7291 
   00642    0.3950   -1265.1111  0.7334 
   00643    0.4050   -1252.1261  0.7386 
   00644    0.3900   -1251.3211  0.7367 
   00645    0.3825   -1269.6126  0.7422 
   00646    0.3800   -1278.6949  0.7438 
   00647    0.4100   -1273.6215  0.7354 
   00648    0.3950   -1273.4678  0.7215 
   00649    0.4000   -1282.9692  0.7281 
   00650    0.4550   -1280.6351  0.7410 
   00651    0.4200   -1267.3522  0.7452 
   00652    0.4100   -1252.1595  0.7411 
   00653    0.4050   -1247.3070  0.7558 
   00654    0.3925   -1219.7354  0.7446 
   00655    0.4100   -1218.2825  0.7343 
   00656    0.3900   -1254.0515  0.7608 
   00657    0.3925   -1251.2113  0.7700 
   00658    0.3925   -1256.3430  0.7780 
   00659    0.4725   -1262.6629  0.7814 
   00660    0.3925   -1280.5876  0.7751 
   00661    0.3900   -1290.0182  0.7679 
   00662    0.4000   -1297.3951  0.7755 
   00663    0.4200   -1267.9876  0.7769 
   00664    0.4175   -1278.6773  0.7795 
   00665    0.3650   -1276.5029  0.7844 
   00666    0.4400   -1271.8079  0.7891 
   00667    0.3950   -1267.5839  0.7929 
   00668    0.4350   -1277.2552  0.7855 
   00669    0.3925   -1264.5109  0.7854 
   00670    0.3400   -1282.5261  0.7897 
   00671    0.3975   -1291.9018  0.7915 
   00672    0.3775   -1285.8111  0.7782 
   00673    0.3975   -1281.0708  0.7726 
   00674    0.4100   -1288.7858  0.7707 
   00675    0.3850   -1285.3067  0.7740 
   00676    0.4075   -1275.1269  0.7763 
   00677    0.3950   -1274.4865  0.7836 
   00678    0.4000   -1299.6671  0.7927 
   00679    0.4100   -1297.1618  0.7867 
   00680    0.4050   -1311.0072  0.7933 
   00681    0.3800   -1307.3964  0.8011 
   00682    0.4075   -1301.5578  0.7907 
   00683    0.3850   -1300.6223  0.7866 
   00684    0.4275   -1280.8653  0.7921 
   00685    0.3750   -1261.5853  0.7802 
   00686    0.4250   -1251.6208  0.7968 
   00687    0.3650   -1290.6843  0.8059 
   00688    0.3925   -1298.3817  0.8106 
   00689    0.4175   -1242.6837  0.7915 
   00690    0.4125   -1268.7070  0.8014 
   00691    0.4100   -1237.1681  0.7875 
   00692    0.4400   -1243.7732  0.7893 
   00693    0.4300   -1228.7216  0.7764 
   00694    0.4225   -1252.0989  0.7936 
   00695    0.4425   -1258.5485  0.8198 
   00696    0.3675   -1267.5367  0.8228 
   00697    0.4250   -1260.4371  0.8239 
   00698    0.4050   -1282.8758  0.8193 
   00699    0.4025   -1295.1108  0.8199 
   00700    0.4100   -1282.5333  0.8174 
   00701    0.4475   -1270.4412  0.8129 
   00702    0.4175   -1282.4270  0.8084 
   00703    0.4025   -1275.4023  0.8055 
   00704    0.4075   -1259.9913  0.8093 
   00705    0.4300   -1279.0425  0.8165 
   00706    0.4050   -1317.3010  0.8336 
   00707    0.3325   -1304.7355  0.8331 
   00708    0.3650   -1321.3495  0.8419 
   00709    0.4000   -1315.0853  0.8435 
   00710    0.4250   -1309.1912  0.8381 
   00711    0.4250   -1303.7252  0.8434 
   00712    0.4100   -1301.3329  0.8415 
   00713    0.3900   -1329.3800  0.8491 
   00714    0.4050   -1287.0693  0.8228 
   00715    0.3950   -1285.2875  0.8246 
   00716    0.4050   -1299.7030  0.8340 
   00717    0.3975   -1283.4221  0.8249 
   00718    0.4225   -1289.3060  0.8345 
   00719    0.3875   -1302.9940  0.8384 
   00720    0.3875   -1284.3548  0.8216 
   00721    0.3900   -1278.8509  0.8156 
   00722    0.3700   -1274.6538  0.8142 
   00723    0.3950   -1289.8124  0.8141 
   00724    0.3250   -1292.7210  0.8264 
   00725    0.4050   -1281.0107  0.8153 
   00726    0.4000   -1267.6684  0.8039 
   00727    0.3900   -1276.7592  0.8121 
   00728    0.3900   -1291.3668  0.8125 
   00729    0.3825   -1290.2109  0.8231 
   00730    0.4100   -1274.9793  0.8131 
   00731    0.4050   -1267.6656  0.8147 
   00732    0.3875   -1249.6890  0.8189 
   00733    0.4225   -1230.3367  0.8117 
   00734    0.3975   -1257.9806  0.8131 
   00735    0.4275   -1258.9381  0.8043 
   00736    0.3700   -1248.6028  0.7955 
   00737    0.4000   -1257.5481  0.7946 
   00738    0.4100   -1273.9507  0.8024 
   00739    0.4275   -1262.2148  0.7943 
   00740    0.3900   -1253.3101  0.7941 
   00741    0.3725   -1287.8882  0.8031 
   00742    0.3950   -1308.6814  0.8150 
   00743    0.3950   -1306.9667  0.8049 
   00744    0.3975   -1297.3193  0.8010 
   00745    0.3550   -1298.3670  0.8070 
   00746    0.3700   -1276.4811  0.8054 
   00747    0.4050   -1262.3281  0.8120 
   00748    0.3800   -1250.0056  0.8049 
   00749    0.3825   -1268.9356  0.8078 
   00750    0.3700   -1284.5737  0.8108 
   00751    0.4000   -1287.8423  0.8097 
   00752    0.3725   -1325.3896  0.8293 
   00753    0.3825   -1296.5923  0.8115 
   00754    0.3775   -1302.3341  0.8174 
   00755    0.3875   -1287.5210  0.8010 
   00756    0.3975   -1306.1089  0.8102 
   00757    0.3575   -1312.2590  0.8128 
   00758    0.3600   -1318.0445  0.8309 
   00759    0.4000   -1320.6648  0.8299 
   00760    0.3875   -1313.1843  0.8250 
   00761    0.3950   -1306.5369  0.8229 
   00762    0.4325   -1284.7551  0.8061 
   00763    0.4025   -1279.7558  0.8062 
   00764    0.4175   -1267.4403  0.8013 
   00765    0.3875   -1283.0364  0.8078 
   00766    0.4025   -1281.4142  0.8161 
   00767    0.3850   -1265.0780  0.7985 
   00768    0.4075   -1246.5547  0.7975 
   00769    0.3975   -1249.2175  0.7937 
   00770    0.3800   -1259.2761  0.7958 
   00771    0.4075   -1253.4172  0.8023 
   00772    0.3925   -1270.8610  0.8124 
   00773    0.4500   -1255.4919  0.7994 
   00774    0.4125   -1284.0272  0.8099 
   00775    0.4350   -1319.0638  0.8066 
   00776    0.4025   -1285.0210  0.7937 
   00777    0.3825   -1270.5212  0.7789 
   00778    0.4450   -1281.4760  0.7930 
   00779    0.4225   -1277.1817  0.8035 
   00780    0.4400   -1283.8316  0.8028 
   00781    0.4350   -1271.4691  0.7952 
   00782    0.3575   -1290.2614  0.8016 
   00783    0.3675   -1284.1516  0.8056 
   00784    0.3750   -1270.5933  0.7999 
   00785    0.4150   -1257.1644  0.7911 
   00786    0.3625   -1268.0729  0.7974 
   00787    0.3975   -1268.2440  0.8044 
   00788    0.4475   -1263.2231  0.7951 
   00789    0.3825   -1281.4192  0.8042 
   00790    0.4075   -1314.1538  0.8248 
   00791    0.3700   -1312.6177  0.8216 
   00792    0.3875   -1305.0156  0.8143 
   00793    0.3575   -1294.1350  0.8047 
   00794    0.4000   -1303.9824  0.8093 
   00795    0.3900   -1310.0008  0.8145 
   00796    0.4250   -1309.7487  0.8100 
   00797    0.3950   -1312.3765  0.8069 
   00798    0.4150   -1291.2087  0.7986 
   00799    0.4150   -1279.0935  0.8072 
   00800    0.3625   -1257.3355  0.7918 
   00801    0.4375   -1266.2731  0.7871 
   00802    0.4125   -1279.1760  0.7957 
   00803    0.3875   -1277.4107  0.8009 
   00804    0.3975   -1285.1080  0.7938 
   00805    0.4050   -1267.7895  0.8014 
   00806    0.3925   -1262.7041  0.7848 
   00807    0.4000   -1250.2411  0.7734 
   00808    0.3725   -1252.8103  0.7777 
   00809    0.4025   -1250.1496  0.7817 
   00810    0.4575   -1266.6284  0.7942 
   00811    0.4225   -1281.1676  0.8149 
   00812    0.4025   -1259.3657  0.8083 
   00813    0.4100   -1287.7998  0.8229 
   00814    0.4250   -1300.9597  0.8260 
   00815    0.4075   -1304.9329  0.8340 
   00816    0.4225   -1305.1323  0.8274 
   00817    0.4350   -1295.3821  0.8242 
   00818    0.3900   -1302.2803  0.8224 
   00819    0.3650   -1313.0081  0.8283 
   00820    0.4450   -1330.5450  0.8279 
   00821    0.3600   -1341.7926  0.8299 
   00822    0.4150   -1310.0011  0.8134 
   00823    0.4025   -1290.4505  0.8069 
   00824    0.3825   -1283.1019  0.8171 
   00825    0.4350   -1280.1151  0.8093 
   00826    0.4075   -1287.8983  0.8208 
   00827    0.3875   -1303.5476  0.8134 
   00828    0.3825   -1290.4847  0.8131 
   00829    0.4100   -1265.9673  0.8023 
   00830    0.3775   -1260.3804  0.7894 
   00831    0.4025   -1264.7741  0.7954 
   00832    0.3950   -1263.8655  0.7898 
   00833    0.3900   -1253.3662  0.7903 
   00834    0.4125   -1249.8635  0.7905 
   00835    0.4425   -1265.1326  0.7960 
   00836    0.4100   -1265.0276  0.7922 
   00837    0.3750   -1250.5305  0.7950 
   00838    0.4375   -1273.7352  0.8088 
   00839    0.4225   -1269.9827  0.8101 
   00840    0.4400   -1288.5928  0.8116 
   00841    0.3575   -1271.1086  0.8022 
   00842    0.4325   -1318.6707  0.8338 
   00843    0.3625   -1301.4616  0.8236 
   00844    0.3400   -1298.0035  0.8212 
   00845    0.3725   -1301.0907  0.8105 
   00846    0.4050   -1277.1711  0.8056 
   00847    0.3650   -1289.4272  0.8118 
   00848    0.3900   -1276.9058  0.8090 
   00849    0.3875   -1299.1920  0.8154 
   00850    0.3400   -1298.2625  0.8173 
   00851    0.4300   -1306.9500  0.8274 
   00852    0.4250   -1327.1942  0.8400 
   00853    0.3525   -1346.3170  0.8389 
   00854    0.3800   -1322.0630  0.8391 
   00855    0.3875   -1315.7472  0.8381 
   00856    0.3875   -1304.2343  0.8344 
   00857    0.3650   -1297.9625  0.8347 
   00858    0.3600   -1289.3128  0.8240 
   00859    0.4150   -1294.4207  0.8236 
   00860    0.3500   -1285.0529  0.8267 
   00861    0.4075   -1300.9156  0.8307 
   00862    0.4225   -1302.1493  0.8184 
   00863    0.3900   -1304.2290  0.8252 
   00864    0.3800   -1303.5856  0.8289 
   00865    0.3825   -1297.9446  0.8217 
   00866    0.3900   -1287.7635  0.8221 
   00867    0.4075   -1268.0067  0.8108 
   00868    0.3850   -1266.4100  0.8087 
   00869    0.3825   -1253.0031  0.8133 
   00870    0.4475   -1245.8379  0.8150 
   00871    0.4125   -1253.7638  0.8107 
   00872    0.3725   -1237.0195  0.7998 
   00873    0.4175   -1242.5572  0.8047 
   00874    0.4150   -1232.6647  0.8010 
   00875    0.4375   -1236.4233  0.8087 
   00876    0.3750   -1237.9865  0.7929 
   00877    0.4475   -1245.2819  0.8050 
   00878    0.4325   -1247.0707  0.8094 
   00879    0.3675   -1276.9556  0.8149 
   00880    0.4025   -1303.7189  0.8352 
   00881    0.4225   -1312.3404  0.8467 
   00882    0.4300   -1323.2222  0.8477 
   00883    0.4050   -1309.0381  0.8370 
   00884    0.3900   -1319.1062  0.8373 
   00885    0.3600   -1322.3041  0.8414 
   00886    0.4250   -1302.7584  0.8364 
   00887    0.3925   -1304.7795  0.8389 
   00888    0.3850   -1271.9099  0.8275 
   00889    0.4175   -1296.0494  0.8309 
   00890    0.4050   -1313.5203  0.8353 
   00891    0.3875   -1310.3839  0.8453 
   00892    0.3900   -1301.8350  0.8450 
   00893    0.4450   -1298.8845  0.8482 
   00894    0.3975   -1294.9659  0.8488 
   00895    0.3575   -1318.0800  0.8561 
   00896    0.3525   -1318.0328  0.8519 
   00897    0.3925   -1318.8796  0.8530 
   00898    0.4150   -1330.9985  0.8610 
   00899    0.3625   -1317.7479  0.8612 
   00900    0.3450   -1313.4718  0.8589 
   00901    0.3950   -1329.7950  0.8666 
   00902    0.4100   -1310.1866  0.8578 
   00903    0.3675   -1333.1835  0.8668 
   00904    0.4000   -1335.8895  0.8648 
   00905    0.3675   -1339.9630  0.8739 
   00906    0.3875   -1313.0629  0.8602 
   00907    0.4200   -1317.0154  0.8612 
   00908    0.4025   -1311.4196  0.8640 
   00909    0.3700   -1291.8275  0.8439 
   00910    0.4075   -1299.7019  0.8415 
   00911    0.4000   -1278.3716  0.8375 
   00912    0.4025   -1289.7789  0.8511 
   00913    0.4125   -1275.8823  0.8439 
   00914    0.4075   -1278.3681  0.8421 
   00915    0.4150   -1295.6542  0.8433 
   00916    0.4300   -1285.2617  0.8281 
   00917    0.3675   -1272.7443  0.8240 
   00918    0.3825   -1263.5952  0.8222 
   00919    0.4075   -1262.1802  0.8192 
   00920    0.4125   -1258.8269  0.8179 
   00921    0.4100   -1247.8798  0.8181 
   00922    0.4075   -1267.5371  0.8298 
   00923    0.3925   -1250.6729  0.8265 
   00924    0.3525   -1285.1937  0.8427 
   00925    0.3700   -1275.8510  0.8418 
   00926    0.4200   -1257.5390  0.8344 
   00927    0.4150   -1263.6825  0.8435 
   00928    0.4025   -1272.4154  0.8326 
   00929    0.3550   -1294.6748  0.8343 
   00930    0.4075   -1290.8045  0.8368 
   00931    0.4050   -1291.5610  0.8307 
   00932    0.4125   -1299.4100  0.8275 
   00933    0.3675   -1284.8345  0.8274 
   00934    0.4175   -1251.1443  0.8273 
   00935    0.4475   -1252.2341  0.8143 
   00936    0.3850   -1288.6479  0.8337 
   00937    0.3850   -1297.0981  0.8254 
   00938    0.4150   -1309.5992  0.8280 
   00939    0.3600   -1322.6907  0.8342 
   00940    0.3500   -1315.0215  0.8356 
   00941    0.3600   -1292.9678  0.8238 
   00942    0.4150   -1296.7507  0.8282 
   00943    0.4350   -1313.3776  0.8305 
   00944    0.3825   -1291.1859  0.8224 
   00945    0.3550   -1277.4825  0.8074 
   00946    0.4025   -1278.6035  0.8059 
   00947    0.4225   -1310.1486  0.8128 
   00948    0.3725   -1296.4811  0.8042 
   00949    0.3900   -1313.9784  0.8106 
   00950    0.3600   -1327.0617  0.8108 
   00951    0.3925   -1325.9724  0.8027 
   00952    0.3975   -1310.5523  0.8031 
   00953    0.3975   -1309.1126  0.7988 
   00954    0.4050   -1309.9407  0.7976 
   00955    0.4075   -1306.3637  0.7934 
   00956    0.4000   -1290.0546  0.7909 
   00957    0.3850   -1272.3992  0.7799 
   00958    0.4400   -1286.9758  0.7836 
   00959    0.3775   -1290.4757  0.7867 
   00960    0.4225   -1293.0138  0.7839 
   00961    0.3900   -1289.2710  0.7809 
   00962    0.4025   -1292.5442  0.7897 
   00963    0.3725   -1315.9036  0.8053 
   00964    0.3850   -1297.1188  0.8021 
   00965    0.3950   -1286.9514  0.7979 
   00966    0.4025   -1261.1236  0.7971 
   00967    0.4075   -1259.2089  0.7939 
   00968    0.4225   -1274.1138  0.7835 
   00969    0.3525   -1281.2017  0.7911 
   00970    0.3750   -1297.3203  0.7925 
   00971    0.3800   -1295.5314  0.7804 
   00972    0.3825   -1299.3798  0.7797 
   00973    0.4075   -1294.8279  0.7744 
   00974    0.4325   -1293.8104  0.7770 
   00975    0.4100   -1305.6911  0.7857 
   00976    0.4000   -1309.5798  0.7789 
   00977    0.4375   -1276.5604  0.7790 
   00978    0.3725   -1294.6362  0.7835 
   00979    0.3425   -1310.8131  0.7948 
   00980    0.3675   -1313.1010  0.8008 
   00981    0.4000   -1295.2013  0.8059 
   00982    0.3875   -1297.6384  0.7984 
   00983    0.4075   -1299.0663  0.8011 
   00984    0.3500   -1298.1003  0.7995 
   00985    0.3975   -1277.1984  0.7878 
   00986    0.4150   -1268.7636  0.7843 
   00987    0.4000   -1256.0389  0.7771 
   00988    0.3850   -1251.2354  0.7787 
   00989    0.3650   -1262.2461  0.7781 
   00990    0.3750   -1239.8395  0.7640 
   00991    0.4275   -1252.6892  0.7740 
   00992    0.4125   -1290.8561  0.8047 
   00993    0.4050   -1303.5528  0.8142 
   00994    0.3700   -1281.4862  0.8013 
   00995    0.3850   -1279.5865  0.7899 
   00996    0.3500   -1298.6697  0.7992 
   00997    0.4425   -1294.2132  0.7992 
   00998    0.4025   -1314.7719  0.8079 
   00999    0.4050   -1331.0173  0.8116 
   01000    0.3900   -1329.4243  0.8012 
